
100 
4 
7 
2 3 4 85 86 87 88 
5 
1 3 4 86 87 
4 
1 2 4 87 
5 
1 2 3 87 88 
5 
6 7 8 125 128 
7 
5 7 8 125 126 127 128 
5 
5 6 8 127 128 
4 
5 6 7 128 
4 
10 11 12 260 
5 
9 11 12 259 260 
3 
9 10 12 
3 
9 10 11 
3 
14 15 16 
3 
13 15 16 
3 
13 14 16 
3 
13 14 15 
3 
18 19 20 
5 
17 19 20 197 200 
4 
17 18 20 200 
3 
17 18 19 
5 
22 23 24 321 322 
4 
21 23 24 322 
5 
21 22 24 322 323 
7 
21 22 23 321 322 323 324 
3 
26 27 28 
3 
25 27 28 
3 
25 26 28 
3 
25 26 27 
3 
30 31 32 
3 
29 31 32 
3 
29 30 32 
3 
29 30 31 
3 
34 35 36 
3 
33 35 36 
3 
33 34 36 
3 
33 34 35 
7 
38 39 40 141 142 143 144 
5 
37 39 40 142 143 
4 
37 38 40 143 
5 
37 38 39 143 144 
3 
42 43 44 
5 
41 43 44 233 236 
4 
41 42 44 236 
3 
41 42 43 
3 
46 47 48 
3 
45 47 48 
3 
45 46 48 
3 
45 46 47 
3 
50 51 52 
3 
49 51 52 
3 
49 50 52 
3 
49 50 51 
3 
54 55 56 
3 
53 55 56 
3 
53 54 56 
3 
53 54 55 
9 
58 59 60 89 90 91 92 153 156 
9 
57 59 60 90 91 153 154 155 156 
6 
57 58 60 91 155 156 
6 
57 58 59 91 92 156 
3 
62 63 64 
4 
61 63 64 396 
3 
61 62 64 
3 
61 62 63 
3 
66 67 68 
3 
65 67 68 
3 
65 66 68 
3 
65 66 67 
3 
70 71 72 
3 
69 71 72 
5 
69 70 72 309 310 
4 
69 70 71 309 
3 
74 75 76 
3 
73 75 76 
3 
73 74 76 
3 
73 74 75 
3 
78 79 80 
3 
77 79 80 
4 
77 78 80 138 
5 
77 78 79 137 138 
3 
82 83 84 
3 
81 83 84 
3 
81 82 84 
3 
81 82 83 
4 
1 86 87 88 
5 
1 2 85 87 88 
7 
1 2 3 4 85 86 88 
5 
1 4 85 86 87 
4 
57 90 91 92 
6 
57 58 89 91 92 153 
8 
57 58 59 60 89 90 92 156 
5 
57 60 89 90 91 
3 
94 95 96 
3 
93 95 96 
3 
93 94 96 
3 
93 94 95 
3 
98 99 100 
3 
97 99 100 
3 
97 98 100 
3 
97 98 99 
3 
102 103 104 
3 
101 103 104 
3 
101 102 104 
3 
101 102 103 
3 
106 107 108 
3 
105 107 108 
3 
105 106 108 
3 
105 106 107 
3 
110 111 112 
3 
109 111 112 
3 
109 110 112 
3 
109 110 111 
3 
114 115 116 
3 
113 115 116 
3 
113 114 116 
3 
113 114 115 
6 
118 119 120 341 391 392 
6 
117 119 120 341 342 391 
7 
117 118 120 341 342 343 344 
5 
117 118 119 341 344 
4 
122 123 124 248 
5 
121 123 124 247 248 
3 
121 122 124 
3 
121 122 123 
5 
5 6 126 127 128 
4 
6 125 127 128 
5 
6 7 125 126 128 
7 
5 6 7 8 125 126 127 
3 
130 131 132 
3 
129 131 132 
3 
129 130 132 
3 
129 130 131 
3 
134 135 136 
3 
133 135 136 
3 
133 134 136 
3 
133 134 135 
4 
80 138 139 140 
5 
79 80 137 139 140 
3 
137 138 140 
3 
137 138 139 
4 
37 142 143 144 
5 
37 38 141 143 144 
7 
37 38 39 40 141 142 144 
5 
37 40 141 142 143 
3 
146 147 148 
3 
145 147 148 
3 
145 146 148 
3 
145 146 147 
3 
150 151 152 
3 
149 151 152 
3 
149 150 152 
3 
149 150 151 
6 
57 58 90 154 155 156 
4 
58 153 155 156 
5 
58 59 153 154 156 
8 
57 58 59 60 91 153 154 155 
5 
158 159 160 291 292 
4 
157 159 160 291 
3 
157 158 160 
3 
157 158 159 
4 
162 163 164 204 
5 
161 163 164 203 204 
3 
161 162 164 
3 
161 162 163 
3 
166 167 168 
3 
165 167 168 
3 
165 166 168 
3 
165 166 167 
3 
170 171 172 
3 
169 171 172 
3 
169 170 172 
3 
169 170 171 
3 
174 175 176 
3 
173 175 176 
3 
173 174 176 
3 
173 174 175 
3 
178 179 180 
3 
177 179 180 
3 
177 178 180 
3 
177 178 179 
3 
182 183 184 
3 
181 183 184 
3 
181 182 184 
3 
181 182 183 
3 
186 187 188 
3 
185 187 188 
3 
185 186 188 
3 
185 186 187 
3 
190 191 192 
3 
189 191 192 
3 
189 190 192 
3 
189 190 191 
3 
194 195 196 
3 
193 195 196 
3 
193 194 196 
3 
193 194 195 
4 
18 198 199 200 
3 
197 199 200 
3 
197 198 200 
5 
18 19 197 198 199 
3 
202 203 204 
3 
201 203 204 
4 
162 201 202 204 
5 
161 162 201 202 203 
3 
206 207 208 
3 
205 207 208 
3 
205 206 208 
3 
205 206 207 
4 
210 211 212 330 
3 
209 211 212 
3 
209 210 212 
5 
209 210 211 330 331 
3 
214 215 216 
3 
213 215 216 
3 
213 214 216 
3 
213 214 215 
3 
218 219 220 
3 
217 219 220 
3 
217 218 220 
3 
217 218 219 
3 
222 223 224 
3 
221 223 224 
3 
221 222 224 
3 
221 222 223 
5 
226 227 228 281 284 
7 
225 227 228 281 282 283 284 
5 
225 226 228 283 284 
4 
225 226 227 284 
3 
230 231 232 
3 
229 231 232 
3 
229 230 232 
3 
229 230 231 
4 
42 234 235 236 
3 
233 235 236 
3 
233 234 236 
5 
42 43 233 234 235 
3 
238 239 240 
3 
237 239 240 
3 
237 238 240 
3 
237 238 239 
3 
242 243 244 
3 
241 243 244 
3 
241 242 244 
3 
241 242 243 
3 
246 247 248 
3 
245 247 248 
4 
122 245 246 248 
5 
121 122 245 246 247 
3 
250 251 252 
3 
249 251 252 
3 
249 250 252 
3 
249 250 251 
3 
254 255 256 
3 
253 255 256 
3 
253 254 256 
3 
253 254 255 
3 
258 259 260 
3 
257 259 260 
4 
10 257 258 260 
5 
9 10 257 258 259 
3 
262 263 264 
3 
261 263 264 
3 
261 262 264 
3 
261 262 263 
4 
266 267 268 398 
3 
265 267 268 
3 
265 266 268 
5 
265 266 267 398 399 
3 
270 271 272 
3 
269 271 272 
3 
269 270 272 
3 
269 270 271 
3 
274 275 276 
3 
273 275 276 
3 
273 274 276 
3 
273 274 275 
3 
278 279 280 
3 
277 279 280 
3 
277 278 280 
3 
277 278 279 
5 
225 226 282 283 284 
4 
226 281 283 284 
5 
226 227 281 282 284 
7 
225 226 227 228 281 282 283 
3 
286 287 288 
3 
285 287 288 
3 
285 286 288 
3 
285 286 287 
3 
290 291 292 
3 
289 291 292 
5 
157 158 289 290 292 
4 
157 289 290 291 
3 
294 295 296 
3 
293 295 296 
3 
293 294 296 
3 
293 294 295 
3 
298 299 300 
3 
297 299 300 
3 
297 298 300 
3 
297 298 299 
3 
302 303 304 
3 
301 303 304 
3 
301 302 304 
3 
301 302 303 
3 
306 307 308 
3 
305 307 308 
3 
305 306 308 
3 
305 306 307 
5 
71 72 310 311 312 
4 
71 309 311 312 
3 
309 310 312 
3 
309 310 311 
3 
314 315 316 
3 
313 315 316 
3 
313 314 316 
3 
313 314 315 
3 
318 319 320 
3 
317 319 320 
3 
317 318 320 
3 
317 318 319 
7 
21 24 322 323 324 362 363 
7 
21 22 23 24 321 323 324 
5 
23 24 321 322 324 
5 
24 321 322 323 363 
3 
326 327 328 
3 
325 327 328 
3 
325 326 328 
3 
325 326 327 
3 
330 331 332 
5 
209 212 329 331 332 
4 
212 329 330 332 
3 
329 330 331 
3 
334 335 336 
3 
333 335 336 
3 
333 334 336 
3 
333 334 335 
3 
338 339 340 
3 
337 339 340 
3 
337 338 340 
3 
337 338 339 
8 
117 118 119 120 342 343 344 391 
5 
118 119 341 343 344 
4 
119 341 342 344 
5 
119 120 341 342 343 
7 
346 347 348 357 358 359 360 
5 
345 347 348 358 359 
4 
345 346 348 359 
5 
345 346 347 359 360 
3 
350 351 352 
3 
349 351 352 
3 
349 350 352 
3 
349 350 351 
3 
354 355 356 
3 
353 355 356 
3 
353 354 356 
3 
353 354 355 
4 
345 358 359 360 
5 
345 346 357 359 360 
7 
345 346 347 348 357 358 360 
5 
345 348 357 358 359 
3 
362 363 364 
4 
321 361 363 364 
5 
321 324 361 362 364 
3 
361 362 363 
3 
366 367 368 
3 
365 367 368 
3 
365 366 368 
3 
365 366 367 
3 
370 371 372 
3 
369 371 372 
3 
369 370 372 
3 
369 370 371 
3 
374 375 376 
3 
373 375 376 
3 
373 374 376 
3 
373 374 375 
3 
378 379 380 
3 
377 379 380 
3 
377 378 380 
3 
377 378 379 
3 
382 383 384 
3 
381 383 384 
3 
381 382 384 
3 
381 382 383 
3 
386 387 388 
3 
385 387 388 
3 
385 386 388 
3 
385 386 387 
3 
390 391 392 
3 
389 391 392 
6 
117 118 341 389 390 392 
4 
117 389 390 391 
3 
394 395 396 
3 
393 395 396 
3 
393 394 396 
4 
62 393 394 395 
3 
398 399 400 
5 
265 268 397 399 400 
4 
268 397 398 400 
3 
397 398 399 