
100 
4 
3 
2 3 4 
3 
1 3 4 
3 
1 2 4 
3 
1 2 3 
3 
6 7 8 
3 
5 7 8 
3 
5 6 8 
3 
5 6 7 
4 
10 11 12 187 
3 
9 11 12 
5 
9 10 12 65 66 
4 
9 10 11 65 
3 
14 15 16 
3 
13 15 16 
3 
13 14 16 
4 
13 14 15 54 
3 
18 19 20 
3 
17 19 20 
3 
17 18 20 
3 
17 18 19 
4 
22 23 24 182 
3 
21 23 24 
3 
21 22 24 
4 
21 22 23 183 
4 
26 27 28 102 
3 
25 27 28 
4 
25 26 28 238 
7 
25 26 27 102 103 237 238 
3 
30 31 32 
3 
29 31 32 
3 
29 30 32 
3 
29 30 31 
3 
34 35 36 
3 
33 35 36 
3 
33 34 36 
3 
33 34 35 
3 
38 39 40 
3 
37 39 40 
3 
37 38 40 
3 
37 38 39 
3 
42 43 44 
3 
41 43 44 
3 
41 42 44 
3 
41 42 43 
3 
46 47 48 
3 
45 47 48 
3 
45 46 48 
3 
45 46 47 
3 
50 51 52 
3 
49 51 52 
5 
49 50 52 169 170 
4 
49 50 51 169 
3 
54 55 56 
4 
16 53 55 56 
3 
53 54 56 
3 
53 54 55 
3 
58 59 60 
3 
57 59 60 
3 
57 58 60 
3 
57 58 59 
3 
62 63 64 
3 
61 63 64 
3 
61 62 64 
3 
61 62 63 
5 
11 12 66 67 68 
4 
11 65 67 68 
3 
65 66 68 
3 
65 66 67 
3 
70 71 72 
3 
69 71 72 
3 
69 70 72 
3 
69 70 71 
3 
74 75 76 
3 
73 75 76 
3 
73 74 76 
3 
73 74 75 
4 
78 79 80 137 
5 
77 79 80 137 138 
7 
77 78 80 137 138 139 140 
5 
77 78 79 137 140 
3 
82 83 84 
3 
81 83 84 
3 
81 82 84 
3 
81 82 83 
3 
86 87 88 
3 
85 87 88 
3 
85 86 88 
3 
85 86 87 
5 
90 91 92 198 199 
3 
89 91 92 
3 
89 90 92 
4 
89 90 91 199 
5 
94 95 96 179 180 
4 
93 95 96 179 
3 
93 94 96 
3 
93 94 95 
3 
98 99 100 
4 
97 99 100 377 
5 
97 98 100 377 380 
3 
97 98 99 
3 
102 103 104 
6 
25 28 101 103 104 237 
6 
28 101 102 104 237 240 
3 
101 102 103 
4 
106 107 108 305 
5 
105 107 108 305 306 
7 
105 106 108 305 306 307 308 
5 
105 106 107 305 308 
3 
110 111 112 
3 
109 111 112 
3 
109 110 112 
3 
109 110 111 
3 
114 115 116 
3 
113 115 116 
3 
113 114 116 
3 
113 114 115 
3 
118 119 120 
3 
117 119 120 
3 
117 118 120 
3 
117 118 119 
4 
122 123 124 383 
3 
121 123 124 
4 
121 122 124 326 
5 
121 122 123 325 326 
3 
126 127 128 
3 
125 127 128 
3 
125 126 128 
3 
125 126 127 
3 
130 131 132 
3 
129 131 132 
3 
129 130 132 
3 
129 130 131 
3 
134 135 136 
3 
133 135 136 
3 
133 134 136 
3 
133 134 135 
7 
77 78 79 80 138 139 140 
5 
78 79 137 139 140 
4 
79 137 138 140 
5 
79 80 137 138 139 
3 
142 143 144 
3 
141 143 144 
3 
141 142 144 
3 
141 142 143 
3 
146 147 148 
3 
145 147 148 
3 
145 146 148 
3 
145 146 147 
3 
150 151 152 
3 
149 151 152 
3 
149 150 152 
3 
149 150 151 
3 
154 155 156 
3 
153 155 156 
3 
153 154 156 
3 
153 154 155 
5 
158 159 160 261 262 
4 
157 159 160 262 
5 
157 158 160 262 263 
7 
157 158 159 261 262 263 264 
3 
162 163 164 
3 
161 163 164 
3 
161 162 164 
3 
161 162 163 
3 
166 167 168 
3 
165 167 168 
3 
165 166 168 
3 
165 166 167 
5 
51 52 170 171 172 
4 
51 169 171 172 
4 
169 170 172 218 
5 
169 170 171 217 218 
5 
174 175 176 365 368 
7 
173 175 176 365 366 367 368 
5 
173 174 176 367 368 
4 
173 174 175 368 
3 
178 179 180 
3 
177 179 180 
5 
93 94 177 178 180 
4 
93 177 178 179 
3 
182 183 184 
4 
21 181 183 184 
4 
24 181 182 184 
3 
181 182 183 
3 
186 187 188 
3 
185 187 188 
4 
9 185 186 188 
3 
185 186 187 
3 
190 191 192 
3 
189 191 192 
5 
189 190 192 393 394 
4 
189 190 191 393 
3 
194 195 196 
3 
193 195 196 
3 
193 194 196 
3 
193 194 195 
3 
198 199 200 
4 
89 197 199 200 
5 
89 92 197 198 200 
3 
197 198 199 
3 
202 203 204 
3 
201 203 204 
3 
201 202 204 
3 
201 202 203 
3 
206 207 208 
3 
205 207 208 
5 
205 206 208 241 242 
4 
205 206 207 241 
3 
210 211 212 
3 
209 211 212 
3 
209 210 212 
3 
209 210 211 
3 
214 215 216 
3 
213 215 216 
3 
213 214 216 
3 
213 214 215 
4 
172 218 219 220 
5 
171 172 217 219 220 
3 
217 218 220 
3 
217 218 219 
3 
222 223 224 
3 
221 223 224 
3 
221 222 224 
3 
221 222 223 
3 
226 227 228 
3 
225 227 228 
3 
225 226 228 
3 
225 226 227 
3 
230 231 232 
3 
229 231 232 
3 
229 230 232 
3 
229 230 231 
3 
234 235 236 
3 
233 235 236 
3 
233 234 236 
3 
233 234 235 
6 
28 102 103 238 239 240 
5 
27 28 237 239 240 
3 
237 238 240 
4 
103 237 238 239 
5 
207 208 242 243 244 
4 
207 241 243 244 
3 
241 242 244 
3 
241 242 243 
3 
246 247 248 
3 
245 247 248 
3 
245 246 248 
3 
245 246 247 
3 
250 251 252 
3 
249 251 252 
3 
249 250 252 
3 
249 250 251 
3 
254 255 256 
4 
253 255 256 288 
3 
253 254 256 
3 
253 254 255 
3 
258 259 260 
3 
257 259 260 
3 
257 258 260 
3 
257 258 259 
5 
157 160 262 263 264 
7 
157 158 159 160 261 263 264 
5 
159 160 261 262 264 
4 
160 261 262 263 
3 
266 267 268 
3 
265 267 268 
3 
265 266 268 
3 
265 266 267 
3 
270 271 272 
3 
269 271 272 
3 
269 270 272 
3 
269 270 271 
3 
274 275 276 
3 
273 275 276 
3 
273 274 276 
3 
273 274 275 
3 
278 279 280 
3 
277 279 280 
3 
277 278 280 
3 
277 278 279 
3 
282 283 284 
3 
281 283 284 
3 
281 282 284 
3 
281 282 283 
3 
286 287 288 
3 
285 287 288 
3 
285 286 288 
4 
254 285 286 287 
3 
290 291 292 
3 
289 291 292 
3 
289 290 292 
3 
289 290 291 
3 
294 295 296 
3 
293 295 296 
3 
293 294 296 
3 
293 294 295 
3 
298 299 300 
3 
297 299 300 
3 
297 298 300 
3 
297 298 299 
3 
302 303 304 
3 
301 303 304 
3 
301 302 304 
3 
301 302 303 
7 
105 106 107 108 306 307 308 
5 
106 107 305 307 308 
4 
107 305 306 308 
5 
107 108 305 306 307 
3 
310 311 312 
3 
309 311 312 
3 
309 310 312 
3 
309 310 311 
3 
314 315 316 
3 
313 315 316 
3 
313 314 316 
3 
313 314 315 
3 
318 319 320 
3 
317 319 320 
3 
317 318 320 
3 
317 318 319 
3 
322 323 324 
3 
321 323 324 
3 
321 322 324 
3 
321 322 323 
4 
124 326 327 328 
5 
123 124 325 327 328 
3 
325 326 328 
3 
325 326 327 
3 
330 331 332 
3 
329 331 332 
3 
329 330 332 
3 
329 330 331 
3 
334 335 336 
3 
333 335 336 
3 
333 334 336 
3 
333 334 335 
3 
338 339 340 
3 
337 339 340 
3 
337 338 340 
3 
337 338 339 
3 
342 343 344 
3 
341 343 344 
3 
341 342 344 
3 
341 342 343 
3 
346 347 348 
3 
345 347 348 
3 
345 346 348 
3 
345 346 347 
3 
350 351 352 
3 
349 351 352 
3 
349 350 352 
3 
349 350 351 
5 
354 355 356 373 374 
4 
353 355 356 374 
5 
353 354 356 374 375 
7 
353 354 355 373 374 375 376 
3 
358 359 360 
3 
357 359 360 
3 
357 358 360 
3 
357 358 359 
3 
362 363 364 
3 
361 363 364 
3 
361 362 364 
3 
361 362 363 
5 
173 174 366 367 368 
4 
174 365 367 368 
5 
174 175 365 366 368 
7 
173 174 175 176 365 366 367 
3 
370 371 372 
3 
369 371 372 
3 
369 370 372 
3 
369 370 371 
5 
353 356 374 375 376 
7 
353 354 355 356 373 375 376 
5 
355 356 373 374 376 
4 
356 373 374 375 
5 
98 99 378 379 380 
3 
377 379 380 
3 
377 378 380 
4 
99 377 378 379 
3 
382 383 384 
3 
381 383 384 
4 
121 381 382 384 
3 
381 382 383 
3 
386 387 388 
3 
385 387 388 
3 
385 386 388 
3 
385 386 387 
3 
390 391 392 
3 
389 391 392 
3 
389 390 392 
3 
389 390 391 
5 
191 192 394 395 396 
4 
191 393 395 396 
3 
393 394 396 
3 
393 394 395 
3 
398 399 400 
3 
397 399 400 
3 
397 398 400 
3 
397 398 399 