
100 
4 
3 
2 3 4 
3 
1 3 4 
3 
1 2 4 
3 
1 2 3 
5 
6 7 8 270 271 
3 
5 7 8 
3 
5 6 8 
4 
5 6 7 271 
3 
10 11 12 
3 
9 11 12 
3 
9 10 12 
3 
9 10 11 
3 
14 15 16 
3 
13 15 16 
3 
13 14 16 
3 
13 14 15 
3 
18 19 20 
3 
17 19 20 
3 
17 18 20 
3 
17 18 19 
3 
22 23 24 
4 
21 23 24 169 
5 
21 22 24 169 172 
3 
21 22 23 
3 
26 27 28 
3 
25 27 28 
3 
25 26 28 
3 
25 26 27 
5 
30 31 32 359 360 
4 
29 31 32 359 
3 
29 30 32 
3 
29 30 31 
4 
34 35 36 184 
5 
33 35 36 183 184 
3 
33 34 36 
3 
33 34 35 
3 
38 39 40 
3 
37 39 40 
3 
37 38 40 
3 
37 38 39 
3 
42 43 44 
3 
41 43 44 
3 
41 42 44 
3 
41 42 43 
3 
46 47 48 
3 
45 47 48 
3 
45 46 48 
3 
45 46 47 
3 
50 51 52 
3 
49 51 52 
3 
49 50 52 
3 
49 50 51 
3 
54 55 56 
3 
53 55 56 
3 
53 54 56 
3 
53 54 55 
3 
58 59 60 
3 
57 59 60 
3 
57 58 60 
3 
57 58 59 
3 
62 63 64 
3 
61 63 64 
3 
61 62 64 
3 
61 62 63 
3 
66 67 68 
3 
65 67 68 
3 
65 66 68 
3 
65 66 67 
5 
70 71 72 109 112 
7 
69 71 72 109 110 111 112 
5 
69 70 72 111 112 
4 
69 70 71 112 
4 
74 75 76 308 
5 
73 75 76 307 308 
3 
73 74 76 
3 
73 74 75 
3 
78 79 80 
5 
77 79 80 129 132 
4 
77 78 80 132 
3 
77 78 79 
5 
82 83 84 243 244 
4 
81 83 84 243 
3 
81 82 84 
3 
81 82 83 
3 
86 87 88 
3 
85 87 88 
3 
85 86 88 
3 
85 86 87 
3 
90 91 92 
3 
89 91 92 
3 
89 90 92 
3 
89 90 91 
7 
94 95 96 273 274 275 276 
5 
93 95 96 274 275 
4 
93 94 96 275 
5 
93 94 95 275 276 
3 
98 99 100 
3 
97 99 100 
3 
97 98 100 
3 
97 98 99 
3 
102 103 104 
3 
101 103 104 
3 
101 102 104 
3 
101 102 103 
7 
106 107 108 215 216 329 330 
5 
105 107 108 215 330 
5 
105 106 108 330 331 
7 
105 106 107 329 330 331 332 
5 
69 70 110 111 112 
4 
70 109 111 112 
5 
70 71 109 110 112 
7 
69 70 71 72 109 110 111 
3 
114 115 116 
3 
113 115 116 
3 
113 114 116 
3 
113 114 115 
7 
118 119 120 237 238 239 240 
5 
117 119 120 238 239 
4 
117 118 120 239 
5 
117 118 119 239 240 
3 
122 123 124 
3 
121 123 124 
3 
121 122 124 
3 
121 122 123 
5 
126 127 128 207 208 
4 
125 127 128 207 
3 
125 126 128 
3 
125 126 127 
4 
78 130 131 132 
3 
129 131 132 
3 
129 130 132 
5 
78 79 129 130 131 
3 
134 135 136 
3 
133 135 136 
3 
133 134 136 
3 
133 134 135 
3 
138 139 140 
3 
137 139 140 
3 
137 138 140 
3 
137 138 139 
3 
142 143 144 
3 
141 143 144 
3 
141 142 144 
3 
141 142 143 
3 
146 147 148 
3 
145 147 148 
3 
145 146 148 
3 
145 146 147 
3 
150 151 152 
3 
149 151 152 
5 
149 150 152 277 278 
4 
149 150 151 277 
3 
154 155 156 
3 
153 155 156 
3 
153 154 156 
3 
153 154 155 
3 
158 159 160 
3 
157 159 160 
3 
157 158 160 
3 
157 158 159 
3 
162 163 164 
3 
161 163 164 
3 
161 162 164 
3 
161 162 163 
3 
166 167 168 
3 
165 167 168 
3 
165 166 168 
3 
165 166 167 
5 
22 23 170 171 172 
3 
169 171 172 
3 
169 170 172 
4 
23 169 170 171 
3 
174 175 176 
3 
173 175 176 
3 
173 174 176 
3 
173 174 175 
3 
178 179 180 
3 
177 179 180 
3 
177 178 180 
3 
177 178 179 
3 
182 183 184 
3 
181 183 184 
4 
34 181 182 184 
5 
33 34 181 182 183 
3 
186 187 188 
4 
185 187 188 257 
5 
185 186 188 257 260 
3 
185 186 187 
3 
190 191 192 
3 
189 191 192 
3 
189 190 192 
3 
189 190 191 
4 
194 195 196 381 
5 
193 195 196 381 382 
7 
193 194 196 381 382 383 384 
5 
193 194 195 381 384 
3 
198 199 200 
3 
197 199 200 
3 
197 198 200 
3 
197 198 199 
3 
202 203 204 
3 
201 203 204 
3 
201 202 204 
3 
201 202 203 
3 
206 207 208 
3 
205 207 208 
5 
125 126 205 206 208 
4 
125 205 206 207 
3 
210 211 212 
3 
209 211 212 
3 
209 210 212 
3 
209 210 211 
3 
214 215 216 
3 
213 215 216 
5 
105 106 213 214 216 
4 
105 213 214 215 
5 
218 219 220 321 322 
4 
217 219 220 322 
5 
217 218 220 322 323 
7 
217 218 219 321 322 323 324 
3 
222 223 224 
3 
221 223 224 
3 
221 222 224 
3 
221 222 223 
4 
226 227 228 278 
3 
225 227 228 
3 
225 226 228 
5 
225 226 227 278 279 
3 
230 231 232 
3 
229 231 232 
3 
229 230 232 
3 
229 230 231 
3 
234 235 236 
3 
233 235 236 
3 
233 234 236 
3 
233 234 235 
4 
117 238 239 240 
5 
117 118 237 239 240 
7 
117 118 119 120 237 238 240 
5 
117 120 237 238 239 
3 
242 243 244 
3 
241 243 244 
5 
81 82 241 242 244 
4 
81 241 242 243 
4 
246 247 248 262 
3 
245 247 248 
3 
245 246 248 
5 
245 246 247 262 263 
3 
250 251 252 
3 
249 251 252 
3 
249 250 252 
3 
249 250 251 
5 
254 255 256 326 327 
3 
253 255 256 
3 
253 254 256 
4 
253 254 255 327 
5 
186 187 258 259 260 
3 
257 259 260 
3 
257 258 260 
4 
187 257 258 259 
3 
262 263 264 
5 
245 248 261 263 264 
4 
248 261 262 264 
3 
261 262 263 
3 
266 267 268 
3 
265 267 268 
3 
265 266 268 
3 
265 266 267 
3 
270 271 272 
4 
5 269 271 272 
5 
5 8 269 270 272 
3 
269 270 271 
4 
93 274 275 276 
5 
93 94 273 275 276 
7 
93 94 95 96 273 274 276 
5 
93 96 273 274 275 
5 
151 152 278 279 280 
6 
151 225 228 277 279 280 
4 
228 277 278 280 
3 
277 278 279 
3 
282 283 284 
3 
281 283 284 
3 
281 282 284 
3 
281 282 283 
3 
286 287 288 
3 
285 287 288 
3 
285 286 288 
3 
285 286 287 
3 
290 291 292 
3 
289 291 292 
3 
289 290 292 
3 
289 290 291 
3 
294 295 296 
3 
293 295 296 
3 
293 294 296 
3 
293 294 295 
3 
298 299 300 
3 
297 299 300 
3 
297 298 300 
3 
297 298 299 
3 
302 303 304 
3 
301 303 304 
3 
301 302 304 
3 
301 302 303 
3 
306 307 308 
3 
305 307 308 
4 
74 305 306 308 
5 
73 74 305 306 307 
3 
310 311 312 
3 
309 311 312 
3 
309 310 312 
3 
309 310 311 
3 
314 315 316 
3 
313 315 316 
3 
313 314 316 
3 
313 314 315 
3 
318 319 320 
3 
317 319 320 
3 
317 318 320 
3 
317 318 319 
5 
217 220 322 323 324 
7 
217 218 219 220 321 323 324 
5 
219 220 321 322 324 
4 
220 321 322 323 
3 
326 327 328 
4 
253 325 327 328 
5 
253 256 325 326 328 
3 
325 326 327 
5 
105 108 330 331 332 
7 
105 106 107 108 329 331 332 
5 
107 108 329 330 332 
4 
108 329 330 331 
3 
334 335 336 
3 
333 335 336 
3 
333 334 336 
3 
333 334 335 
3 
338 339 340 
3 
337 339 340 
3 
337 338 340 
3 
337 338 339 
3 
342 343 344 
3 
341 343 344 
3 
341 342 344 
3 
341 342 343 
3 
346 347 348 
3 
345 347 348 
3 
345 346 348 
3 
345 346 347 
3 
350 351 352 
4 
349 351 352 400 
3 
349 350 352 
3 
349 350 351 
3 
354 355 356 
3 
353 355 356 
3 
353 354 356 
3 
353 354 355 
3 
358 359 360 
3 
357 359 360 
5 
29 30 357 358 360 
4 
29 357 358 359 
3 
362 363 364 
3 
361 363 364 
3 
361 362 364 
3 
361 362 363 
3 
366 367 368 
3 
365 367 368 
3 
365 366 368 
3 
365 366 367 
3 
370 371 372 
3 
369 371 372 
3 
369 370 372 
3 
369 370 371 
3 
374 375 376 
3 
373 375 376 
5 
373 374 376 389 390 
4 
373 374 375 389 
3 
378 379 380 
3 
377 379 380 
3 
377 378 380 
3 
377 378 379 
7 
193 194 195 196 382 383 384 
5 
194 195 381 383 384 
4 
195 381 382 384 
5 
195 196 381 382 383 
3 
386 387 388 
3 
385 387 388 
3 
385 386 388 
3 
385 386 387 
5 
375 376 390 391 392 
4 
375 389 391 392 
3 
389 390 392 
3 
389 390 391 
3 
394 395 396 
3 
393 395 396 
3 
393 394 396 
3 
393 394 395 
3 
398 399 400 
3 
397 399 400 
3 
397 398 400 
4 
350 397 398 399 