
100 
4 
5 
2 3 4 162 163 
3 
1 3 4 
3 
1 2 4 
4 
1 2 3 163 
5 
6 7 8 182 183 
3 
5 7 8 
3 
5 6 8 
4 
5 6 7 183 
5 
10 11 12 305 308 
7 
9 11 12 305 306 307 308 
6 
9 10 12 307 308 385 
4 
9 10 11 308 
3 
14 15 16 
3 
13 15 16 
3 
13 14 16 
3 
13 14 15 
3 
18 19 20 
3 
17 19 20 
3 
17 18 20 
3 
17 18 19 
3 
22 23 24 
3 
21 23 24 
3 
21 22 24 
3 
21 22 23 
3 
26 27 28 
3 
25 27 28 
3 
25 26 28 
3 
25 26 27 
3 
30 31 32 
3 
29 31 32 
3 
29 30 32 
3 
29 30 31 
3 
34 35 36 
3 
33 35 36 
3 
33 34 36 
3 
33 34 35 
3 
38 39 40 
3 
37 39 40 
3 
37 38 40 
3 
37 38 39 
4 
42 43 44 50 
3 
41 43 44 
3 
41 42 44 
5 
41 42 43 50 51 
4 
46 47 48 158 
3 
45 47 48 
3 
45 46 48 
5 
45 46 47 158 159 
3 
50 51 52 
5 
41 44 49 51 52 
4 
44 49 50 52 
3 
49 50 51 
3 
54 55 56 
3 
53 55 56 
3 
53 54 56 
3 
53 54 55 
3 
58 59 60 
4 
57 59 60 73 
4 
57 58 60 76 
3 
57 58 59 
7 
62 63 64 121 122 123 124 
5 
61 63 64 122 123 
4 
61 62 64 123 
5 
61 62 63 123 124 
3 
66 67 68 
3 
65 67 68 
3 
65 66 68 
3 
65 66 67 
3 
70 71 72 
3 
69 71 72 
3 
69 70 72 
3 
69 70 71 
4 
58 74 75 76 
3 
73 75 76 
3 
73 74 76 
4 
59 73 74 75 
5 
78 79 80 362 363 
3 
77 79 80 
3 
77 78 80 
4 
77 78 79 363 
3 
82 83 84 
3 
81 83 84 
3 
81 82 84 
3 
81 82 83 
3 
86 87 88 
3 
85 87 88 
3 
85 86 88 
3 
85 86 87 
5 
90 91 92 301 304 
7 
89 91 92 301 302 303 304 
5 
89 90 92 303 304 
4 
89 90 91 304 
5 
94 95 96 233 236 
7 
93 95 96 233 234 235 236 
5 
93 94 96 235 236 
4 
93 94 95 236 
5 
98 99 100 195 196 
4 
97 99 100 195 
3 
97 98 100 
3 
97 98 99 
3 
102 103 104 
3 
101 103 104 
3 
101 102 104 
3 
101 102 103 
3 
106 107 108 
3 
105 107 108 
3 
105 106 108 
3 
105 106 107 
7 
110 111 112 261 262 263 264 
5 
109 111 112 262 263 
4 
109 110 112 263 
5 
109 110 111 263 264 
3 
114 115 116 
3 
113 115 116 
3 
113 114 116 
3 
113 114 115 
3 
118 119 120 
3 
117 119 120 
3 
117 118 120 
3 
117 118 119 
4 
61 122 123 124 
5 
61 62 121 123 124 
7 
61 62 63 64 121 122 124 
5 
61 64 121 122 123 
3 
126 127 128 
3 
125 127 128 
3 
125 126 128 
3 
125 126 127 
3 
130 131 132 
3 
129 131 132 
3 
129 130 132 
3 
129 130 131 
3 
134 135 136 
3 
133 135 136 
3 
133 134 136 
3 
133 134 135 
3 
138 139 140 
4 
137 139 140 365 
5 
137 138 140 365 368 
3 
137 138 139 
3 
142 143 144 
3 
141 143 144 
3 
141 142 144 
3 
141 142 143 
3 
146 147 148 
3 
145 147 148 
3 
145 146 148 
3 
145 146 147 
5 
150 151 152 230 231 
3 
149 151 152 
3 
149 150 152 
4 
149 150 151 231 
3 
154 155 156 
3 
153 155 156 
3 
153 154 156 
3 
153 154 155 
3 
158 159 160 
5 
45 48 157 159 160 
4 
48 157 158 160 
3 
157 158 159 
3 
162 163 164 
4 
1 161 163 164 
5 
1 4 161 162 164 
3 
161 162 163 
3 
166 167 168 
3 
165 167 168 
3 
165 166 168 
3 
165 166 167 
3 
170 171 172 
3 
169 171 172 
4 
169 170 172 390 
5 
169 170 171 389 390 
3 
174 175 176 
4 
173 175 176 249 
5 
173 174 176 249 252 
3 
173 174 175 
3 
178 179 180 
3 
177 179 180 
3 
177 178 180 
3 
177 178 179 
3 
182 183 184 
4 
5 181 183 184 
5 
5 8 181 182 184 
3 
181 182 183 
7 
186 187 188 385 386 387 388 
5 
185 187 188 386 387 
4 
185 186 188 387 
5 
185 186 187 387 388 
3 
190 191 192 
3 
189 191 192 
3 
189 190 192 
3 
189 190 191 
5 
194 195 196 211 212 
4 
193 195 196 211 
5 
97 98 193 194 196 
4 
97 193 194 195 
5 
198 199 200 329 332 
7 
197 199 200 329 330 331 332 
5 
197 198 200 331 332 
4 
197 198 199 332 
3 
202 203 204 
3 
201 203 204 
3 
201 202 204 
3 
201 202 203 
3 
206 207 208 
3 
205 207 208 
3 
205 206 208 
3 
205 206 207 
3 
210 211 212 
3 
209 211 212 
5 
193 194 209 210 212 
4 
193 209 210 211 
3 
214 215 216 
3 
213 215 216 
3 
213 214 216 
3 
213 214 215 
3 
218 219 220 
3 
217 219 220 
3 
217 218 220 
3 
217 218 219 
3 
222 223 224 
3 
221 223 224 
3 
221 222 224 
3 
221 222 223 
3 
226 227 228 
3 
225 227 228 
3 
225 226 228 
3 
225 226 227 
3 
230 231 232 
4 
149 229 231 232 
5 
149 152 229 230 232 
3 
229 230 231 
5 
93 94 234 235 236 
4 
94 233 235 236 
5 
94 95 233 234 236 
7 
93 94 95 96 233 234 235 
3 
238 239 240 
3 
237 239 240 
3 
237 238 240 
3 
237 238 239 
3 
242 243 244 
3 
241 243 244 
3 
241 242 244 
3 
241 242 243 
5 
246 247 248 339 340 
4 
245 247 248 339 
3 
245 246 248 
3 
245 246 247 
5 
174 175 250 251 252 
3 
249 251 252 
3 
249 250 252 
4 
175 249 250 251 
3 
254 255 256 
3 
253 255 256 
3 
253 254 256 
3 
253 254 255 
3 
258 259 260 
3 
257 259 260 
3 
257 258 260 
4 
257 258 259 378 
4 
109 262 263 264 
5 
109 110 261 263 264 
7 
109 110 111 112 261 262 264 
5 
109 112 261 262 263 
4 
266 267 268 392 
5 
265 267 268 391 392 
3 
265 266 268 
3 
265 266 267 
3 
270 271 272 
5 
269 271 272 289 292 
4 
269 270 272 292 
3 
269 270 271 
3 
274 275 276 
3 
273 275 276 
3 
273 274 276 
3 
273 274 275 
3 
278 279 280 
3 
277 279 280 
3 
277 278 280 
3 
277 278 279 
3 
282 283 284 
3 
281 283 284 
3 
281 282 284 
3 
281 282 283 
3 
286 287 288 
3 
285 287 288 
3 
285 286 288 
3 
285 286 287 
4 
270 290 291 292 
5 
289 291 292 369 372 
4 
289 290 292 372 
5 
270 271 289 290 291 
3 
294 295 296 
3 
293 295 296 
4 
293 294 296 353 
3 
293 294 295 
3 
298 299 300 
3 
297 299 300 
3 
297 298 300 
3 
297 298 299 
5 
89 90 302 303 304 
4 
90 301 303 304 
5 
90 91 301 302 304 
7 
89 90 91 92 301 302 303 
5 
9 10 306 307 308 
4 
10 305 307 308 
5 
10 11 305 306 308 
7 
9 10 11 12 305 306 307 
3 
310 311 312 
3 
309 311 312 
3 
309 310 312 
3 
309 310 311 
3 
314 315 316 
3 
313 315 316 
3 
313 314 316 
3 
313 314 315 
3 
318 319 320 
3 
317 319 320 
3 
317 318 320 
3 
317 318 319 
3 
322 323 324 
3 
321 323 324 
3 
321 322 324 
3 
321 322 323 
3 
326 327 328 
3 
325 327 328 
3 
325 326 328 
3 
325 326 327 
5 
197 198 330 331 332 
4 
198 329 331 332 
5 
198 199 329 330 332 
7 
197 198 199 200 329 330 331 
3 
334 335 336 
3 
333 335 336 
3 
333 334 336 
3 
333 334 335 
3 
338 339 340 
3 
337 339 340 
5 
245 246 337 338 340 
4 
245 337 338 339 
3 
342 343 344 
3 
341 343 344 
3 
341 342 344 
3 
341 342 343 
3 
346 347 348 
3 
345 347 348 
3 
345 346 348 
3 
345 346 347 
3 
350 351 352 
3 
349 351 352 
3 
349 350 352 
3 
349 350 351 
4 
295 354 355 356 
3 
353 355 356 
3 
353 354 356 
3 
353 354 355 
3 
358 359 360 
3 
357 359 360 
3 
357 358 360 
3 
357 358 359 
3 
362 363 364 
4 
77 361 363 364 
5 
77 80 361 362 364 
3 
361 362 363 
5 
138 139 366 367 368 
3 
365 367 368 
3 
365 366 368 
4 
139 365 366 367 
4 
290 370 371 372 
3 
369 371 372 
3 
369 370 372 
5 
290 291 369 370 371 
3 
374 375 376 
3 
373 375 376 
3 
373 374 376 
3 
373 374 375 
3 
378 379 380 
4 
260 377 379 380 
3 
377 378 380 
3 
377 378 379 
3 
382 383 384 
3 
381 383 384 
3 
381 382 384 
3 
381 382 383 
5 
11 185 386 387 388 
5 
185 186 385 387 388 
7 
185 186 187 188 385 386 388 
5 
185 188 385 386 387 
4 
172 390 391 392 
5 
171 172 389 391 392 
4 
266 389 390 392 
5 
265 266 389 390 391 
3 
394 395 396 
3 
393 395 396 
3 
393 394 396 
3 
393 394 395 
3 
398 399 400 
3 
397 399 400 
3 
397 398 400 
3 
397 398 399 