
100 
4 
5 
2 3 4 25 28 
7 
1 3 4 25 26 27 28 
5 
1 2 4 27 28 
4 
1 2 3 28 
3 
6 7 8 
3 
5 7 8 
3 
5 6 8 
3 
5 6 7 
7 
10 11 12 249 250 251 252 
5 
9 11 12 250 251 
4 
9 10 12 251 
5 
9 10 11 251 252 
5 
14 15 16 229 230 
4 
13 15 16 230 
5 
13 14 16 230 231 
7 
13 14 15 229 230 231 232 
3 
18 19 20 
3 
17 19 20 
5 
17 18 20 253 254 
4 
17 18 19 253 
3 
22 23 24 
3 
21 23 24 
3 
21 22 24 
3 
21 22 23 
5 
1 2 26 27 28 
4 
2 25 27 28 
5 
2 3 25 26 28 
7 
1 2 3 4 25 26 27 
3 
30 31 32 
3 
29 31 32 
3 
29 30 32 
3 
29 30 31 
3 
34 35 36 
3 
33 35 36 
3 
33 34 36 
3 
33 34 35 
4 
38 39 40 119 
3 
37 39 40 
3 
37 38 40 
3 
37 38 39 
5 
42 43 44 57 58 
4 
41 43 44 58 
5 
41 42 44 58 59 
7 
41 42 43 57 58 59 60 
3 
46 47 48 
3 
45 47 48 
3 
45 46 48 
3 
45 46 47 
3 
50 51 52 
3 
49 51 52 
4 
49 50 52 81 
3 
49 50 51 
3 
54 55 56 
3 
53 55 56 
3 
53 54 56 
3 
53 54 55 
5 
41 44 58 59 60 
7 
41 42 43 44 57 59 60 
5 
43 44 57 58 60 
4 
44 57 58 59 
3 
62 63 64 
3 
61 63 64 
3 
61 62 64 
3 
61 62 63 
5 
66 67 68 197 200 
7 
65 67 68 197 198 199 200 
5 
65 66 68 199 200 
4 
65 66 67 200 
3 
70 71 72 
3 
69 71 72 
3 
69 70 72 
3 
69 70 71 
3 
74 75 76 
3 
73 75 76 
3 
73 74 76 
3 
73 74 75 
3 
78 79 80 
3 
77 79 80 
3 
77 78 80 
3 
77 78 79 
4 
51 82 83 84 
3 
81 83 84 
3 
81 82 84 
3 
81 82 83 
3 
86 87 88 
3 
85 87 88 
3 
85 86 88 
3 
85 86 87 
3 
90 91 92 
3 
89 91 92 
3 
89 90 92 
3 
89 90 91 
5 
94 95 96 285 288 
7 
93 95 96 285 286 287 288 
5 
93 94 96 287 288 
4 
93 94 95 288 
3 
98 99 100 
3 
97 99 100 
3 
97 98 100 
3 
97 98 99 
3 
102 103 104 
3 
101 103 104 
3 
101 102 104 
3 
101 102 103 
4 
106 107 108 392 
5 
105 107 108 391 392 
3 
105 106 108 
3 
105 106 107 
3 
110 111 112 
3 
109 111 112 
3 
109 110 112 
3 
109 110 111 
3 
114 115 116 
3 
113 115 116 
3 
113 114 116 
3 
113 114 115 
3 
118 119 120 
3 
117 119 120 
4 
37 117 118 120 
3 
117 118 119 
4 
122 123 124 241 
5 
121 123 124 241 242 
7 
121 122 124 241 242 243 244 
5 
121 122 123 241 244 
4 
126 127 128 168 
5 
125 127 128 167 168 
3 
125 126 128 
3 
125 126 127 
3 
130 131 132 
3 
129 131 132 
3 
129 130 132 
3 
129 130 131 
3 
134 135 136 
3 
133 135 136 
3 
133 134 136 
3 
133 134 135 
3 
138 139 140 
3 
137 139 140 
3 
137 138 140 
3 
137 138 139 
3 
142 143 144 
3 
141 143 144 
4 
141 142 144 273 
3 
141 142 143 
3 
146 147 148 
3 
145 147 148 
3 
145 146 148 
3 
145 146 147 
3 
150 151 152 
3 
149 151 152 
5 
149 150 152 225 226 
4 
149 150 151 225 
3 
154 155 156 
3 
153 155 156 
3 
153 154 156 
3 
153 154 155 
3 
158 159 160 
3 
157 159 160 
3 
157 158 160 
3 
157 158 159 
3 
162 163 164 
3 
161 163 164 
3 
161 162 164 
3 
161 162 163 
3 
166 167 168 
3 
165 167 168 
4 
126 165 166 168 
5 
125 126 165 166 167 
3 
170 171 172 
3 
169 171 172 
3 
169 170 172 
3 
169 170 171 
3 
174 175 176 
3 
173 175 176 
3 
173 174 176 
3 
173 174 175 
3 
178 179 180 
3 
177 179 180 
3 
177 178 180 
3 
177 178 179 
3 
182 183 184 
3 
181 183 184 
3 
181 182 184 
3 
181 182 183 
3 
186 187 188 
4 
185 187 188 196 
3 
185 186 188 
3 
185 186 187 
3 
190 191 192 
3 
189 191 192 
3 
189 190 192 
3 
189 190 191 
3 
194 195 196 
3 
193 195 196 
3 
193 194 196 
4 
186 193 194 195 
5 
65 66 198 199 200 
4 
66 197 199 200 
5 
66 67 197 198 200 
7 
65 66 67 68 197 198 199 
3 
202 203 204 
3 
201 203 204 
3 
201 202 204 
3 
201 202 203 
3 
206 207 208 
3 
205 207 208 
3 
205 206 208 
3 
205 206 207 
3 
210 211 212 
3 
209 211 212 
3 
209 210 212 
3 
209 210 211 
4 
214 215 216 361 
5 
213 215 216 361 362 
7 
213 214 216 361 362 363 364 
5 
213 214 215 361 364 
4 
218 219 220 283 
3 
217 219 220 
3 
217 218 220 
3 
217 218 219 
3 
222 223 224 
3 
221 223 224 
3 
221 222 224 
3 
221 222 223 
5 
151 152 226 227 228 
4 
151 225 227 228 
3 
225 226 228 
3 
225 226 227 
5 
13 16 230 231 232 
7 
13 14 15 16 229 231 232 
5 
15 16 229 230 232 
4 
16 229 230 231 
3 
234 235 236 
3 
233 235 236 
3 
233 234 236 
3 
233 234 235 
3 
238 239 240 
3 
237 239 240 
3 
237 238 240 
3 
237 238 239 
7 
121 122 123 124 242 243 244 
5 
122 123 241 243 244 
4 
123 241 242 244 
5 
123 124 241 242 243 
4 
246 247 248 353 
5 
245 247 248 353 354 
7 
245 246 248 353 354 355 356 
5 
245 246 247 353 356 
4 
9 250 251 252 
5 
9 10 249 251 252 
7 
9 10 11 12 249 250 252 
5 
9 12 249 250 251 
5 
19 20 254 255 256 
4 
19 253 255 256 
3 
253 254 256 
3 
253 254 255 
3 
258 259 260 
3 
257 259 260 
3 
257 258 260 
3 
257 258 259 
3 
262 263 264 
3 
261 263 264 
3 
261 262 264 
3 
261 262 263 
3 
266 267 268 
3 
265 267 268 
3 
265 266 268 
3 
265 266 267 
3 
270 271 272 
3 
269 271 272 
3 
269 270 272 
3 
269 270 271 
4 
143 274 275 276 
3 
273 275 276 
3 
273 274 276 
3 
273 274 275 
3 
278 279 280 
3 
277 279 280 
3 
277 278 280 
3 
277 278 279 
3 
282 283 284 
3 
281 283 284 
4 
217 281 282 284 
3 
281 282 283 
5 
93 94 286 287 288 
4 
94 285 287 288 
5 
94 95 285 286 288 
7 
93 94 95 96 285 286 287 
3 
290 291 292 
3 
289 291 292 
3 
289 290 292 
3 
289 290 291 
3 
294 295 296 
3 
293 295 296 
3 
293 294 296 
3 
293 294 295 
3 
298 299 300 
3 
297 299 300 
3 
297 298 300 
3 
297 298 299 
3 
302 303 304 
3 
301 303 304 
3 
301 302 304 
3 
301 302 303 
3 
306 307 308 
3 
305 307 308 
3 
305 306 308 
3 
305 306 307 
3 
310 311 312 
3 
309 311 312 
3 
309 310 312 
3 
309 310 311 
3 
314 315 316 
3 
313 315 316 
3 
313 314 316 
3 
313 314 315 
3 
318 319 320 
4 
317 319 320 344 
3 
317 318 320 
3 
317 318 319 
3 
322 323 324 
3 
321 323 324 
3 
321 322 324 
3 
321 322 323 
3 
326 327 328 
3 
325 327 328 
3 
325 326 328 
3 
325 326 327 
3 
330 331 332 
3 
329 331 332 
3 
329 330 332 
3 
329 330 331 
3 
334 335 336 
3 
333 335 336 
3 
333 334 336 
3 
333 334 335 
3 
338 339 340 
3 
337 339 340 
3 
337 338 340 
3 
337 338 339 
3 
342 343 344 
3 
341 343 344 
3 
341 342 344 
4 
318 341 342 343 
3 
346 347 348 
3 
345 347 348 
3 
345 346 348 
4 
345 346 347 386 
3 
350 351 352 
3 
349 351 352 
3 
349 350 352 
3 
349 350 351 
7 
245 246 247 248 354 355 356 
5 
246 247 353 355 356 
4 
247 353 354 356 
5 
247 248 353 354 355 
3 
358 359 360 
3 
357 359 360 
3 
357 358 360 
3 
357 358 359 
7 
213 214 215 216 362 363 364 
5 
214 215 361 363 364 
4 
215 361 362 364 
5 
215 216 361 362 363 
3 
366 367 368 
3 
365 367 368 
3 
365 366 368 
3 
365 366 367 
3 
370 371 372 
3 
369 371 372 
3 
369 370 372 
3 
369 370 371 
3 
374 375 376 
3 
373 375 376 
3 
373 374 376 
3 
373 374 375 
3 
378 379 380 
3 
377 379 380 
3 
377 378 380 
3 
377 378 379 
3 
382 383 384 
3 
381 383 384 
3 
381 382 384 
3 
381 382 383 
3 
386 387 388 
4 
348 385 387 388 
3 
385 386 388 
3 
385 386 387 
3 
390 391 392 
3 
389 391 392 
4 
106 389 390 392 
5 
105 106 389 390 391 
3 
394 395 396 
3 
393 395 396 
3 
393 394 396 
3 
393 394 395 
3 
398 399 400 
3 
397 399 400 
3 
397 398 400 
3 
397 398 399 