
100 
4 
7 
2 3 4 39 206 281 282 
4 
1 3 4 282 
5 
1 2 4 282 283 
9 
1 2 3 206 207 281 282 283 284 
3 
6 7 8 
3 
5 7 8 
5 
5 6 8 142 194 
7 
5 6 7 141 142 193 194 
3 
10 11 12 
3 
9 11 12 
4 
9 10 12 154 
5 
9 10 11 153 154 
3 
14 15 16 
3 
13 15 16 
3 
13 14 16 
3 
13 14 15 
3 
18 19 20 
3 
17 19 20 
3 
17 18 20 
3 
17 18 19 
3 
22 23 24 
3 
21 23 24 
3 
21 22 24 
3 
21 22 23 
3 
26 27 28 
3 
25 27 28 
3 
25 26 28 
3 
25 26 27 
3 
30 31 32 
3 
29 31 32 
3 
29 30 32 
3 
29 30 31 
3 
34 35 36 
3 
33 35 36 
3 
33 34 36 
3 
33 34 35 
3 
38 39 40 
3 
37 39 40 
7 
1 37 38 40 206 281 282 
6 
37 38 39 205 206 281 
3 
42 43 44 
3 
41 43 44 
3 
41 42 44 
3 
41 42 43 
3 
46 47 48 
3 
45 47 48 
4 
45 46 48 274 
5 
45 46 47 273 274 
7 
50 51 52 277 278 279 280 
5 
49 51 52 278 279 
4 
49 50 52 279 
5 
49 50 51 279 280 
3 
54 55 56 
5 
53 55 56 289 292 
4 
53 54 56 292 
3 
53 54 55 
3 
58 59 60 
3 
57 59 60 
3 
57 58 60 
3 
57 58 59 
3 
62 63 64 
3 
61 63 64 
3 
61 62 64 
3 
61 62 63 
3 
66 67 68 
3 
65 67 68 
3 
65 66 68 
3 
65 66 67 
3 
70 71 72 
3 
69 71 72 
3 
69 70 72 
3 
69 70 71 
3 
74 75 76 
5 
73 75 76 301 304 
4 
73 74 76 304 
3 
73 74 75 
3 
78 79 80 
3 
77 79 80 
3 
77 78 80 
3 
77 78 79 
3 
82 83 84 
3 
81 83 84 
3 
81 82 84 
3 
81 82 83 
3 
86 87 88 
4 
85 87 88 384 
3 
85 86 88 
3 
85 86 87 
3 
90 91 92 
3 
89 91 92 
3 
89 90 92 
3 
89 90 91 
3 
94 95 96 
3 
93 95 96 
3 
93 94 96 
3 
93 94 95 
3 
98 99 100 
3 
97 99 100 
3 
97 98 100 
3 
97 98 99 
3 
102 103 104 
3 
101 103 104 
3 
101 102 104 
3 
101 102 103 
4 
106 107 108 359 
3 
105 107 108 
3 
105 106 108 
3 
105 106 107 
3 
110 111 112 
3 
109 111 112 
3 
109 110 112 
3 
109 110 111 
3 
114 115 116 
4 
113 115 116 117 
4 
113 114 116 120 
3 
113 114 115 
4 
114 118 119 120 
3 
117 119 120 
3 
117 118 120 
4 
115 117 118 119 
3 
122 123 124 
3 
121 123 124 
3 
121 122 124 
3 
121 122 123 
3 
126 127 128 
3 
125 127 128 
3 
125 126 128 
3 
125 126 127 
3 
130 131 132 
3 
129 131 132 
3 
129 130 132 
3 
129 130 131 
3 
134 135 136 
3 
133 135 136 
3 
133 134 136 
3 
133 134 135 
3 
138 139 140 
3 
137 139 140 
3 
137 138 140 
3 
137 138 139 
6 
8 142 143 144 193 196 
9 
7 8 141 143 144 193 194 195 196 
5 
141 142 144 195 196 
4 
141 142 143 196 
3 
146 147 148 
3 
145 147 148 
3 
145 146 148 
3 
145 146 147 
3 
150 151 152 
3 
149 151 152 
4 
149 150 152 261 
3 
149 150 151 
4 
12 154 155 156 
5 
11 12 153 155 156 
3 
153 154 156 
3 
153 154 155 
3 
158 159 160 
3 
157 159 160 
3 
157 158 160 
3 
157 158 159 
3 
162 163 164 
3 
161 163 164 
3 
161 162 164 
3 
161 162 163 
3 
166 167 168 
3 
165 167 168 
3 
165 166 168 
3 
165 166 167 
3 
170 171 172 
3 
169 171 172 
3 
169 170 172 
3 
169 170 171 
5 
174 175 176 226 227 
3 
173 175 176 
3 
173 174 176 
4 
173 174 175 227 
3 
178 179 180 
4 
177 179 180 241 
5 
177 178 180 241 244 
3 
177 178 179 
3 
182 183 184 
3 
181 183 184 
3 
181 182 184 
3 
181 182 183 
3 
186 187 188 
3 
185 187 188 
3 
185 186 188 
3 
185 186 187 
3 
190 191 192 
3 
189 191 192 
3 
189 190 192 
3 
189 190 191 
6 
8 141 142 194 195 196 
6 
7 8 142 193 195 196 
5 
142 143 193 194 196 
7 
141 142 143 144 193 194 195 
3 
198 199 200 
4 
197 199 200 212 
3 
197 198 200 
3 
197 198 199 
3 
202 203 204 
3 
201 203 204 
3 
201 202 204 
3 
201 202 203 
5 
40 206 207 208 281 
9 
1 4 39 40 205 207 208 281 282 
6 
4 205 206 208 283 284 
4 
205 206 207 284 
3 
210 211 212 
3 
209 211 212 
3 
209 210 212 
4 
198 209 210 211 
3 
214 215 216 
3 
213 215 216 
3 
213 214 216 
3 
213 214 215 
4 
218 219 220 283 
3 
217 219 220 
3 
217 218 220 
3 
217 218 219 
3 
222 223 224 
3 
221 223 224 
3 
221 222 224 
3 
221 222 223 
3 
226 227 228 
4 
173 225 227 228 
5 
173 176 225 226 228 
3 
225 226 227 
3 
230 231 232 
3 
229 231 232 
3 
229 230 232 
3 
229 230 231 
3 
234 235 236 
3 
233 235 236 
3 
233 234 236 
3 
233 234 235 
3 
238 239 240 
3 
237 239 240 
3 
237 238 240 
3 
237 238 239 
5 
178 179 242 243 244 
3 
241 243 244 
3 
241 242 244 
4 
179 241 242 243 
3 
246 247 248 
3 
245 247 248 
3 
245 246 248 
3 
245 246 247 
3 
250 251 252 
3 
249 251 252 
3 
249 250 252 
4 
249 250 251 258 
3 
254 255 256 
3 
253 255 256 
3 
253 254 256 
3 
253 254 255 
3 
258 259 260 
4 
252 257 259 260 
3 
257 258 260 
3 
257 258 259 
5 
151 262 263 264 337 
5 
261 263 264 337 338 
7 
261 262 264 337 338 339 340 
5 
261 262 263 337 340 
3 
266 267 268 
3 
265 267 268 
3 
265 266 268 
3 
265 266 267 
3 
270 271 272 
3 
269 271 272 
3 
269 270 272 
3 
269 270 271 
4 
48 274 275 276 
5 
47 48 273 275 276 
3 
273 274 276 
3 
273 274 275 
4 
49 278 279 280 
5 
49 50 277 279 280 
7 
49 50 51 52 277 278 280 
5 
49 52 277 278 279 
9 
1 4 39 40 205 206 282 283 284 
9 
1 2 3 4 39 206 281 283 284 
7 
3 4 207 217 281 282 284 
6 
4 207 208 281 282 283 
3 
286 287 288 
3 
285 287 288 
3 
285 286 288 
3 
285 286 287 
4 
54 290 291 292 
3 
289 291 292 
3 
289 290 292 
5 
54 55 289 290 291 
3 
294 295 296 
3 
293 295 296 
3 
293 294 296 
3 
293 294 295 
5 
298 299 300 385 386 
4 
297 299 300 386 
5 
297 298 300 386 387 
7 
297 298 299 385 386 387 388 
4 
74 302 303 304 
3 
301 303 304 
3 
301 302 304 
5 
74 75 301 302 303 
3 
306 307 308 
3 
305 307 308 
3 
305 306 308 
3 
305 306 307 
3 
310 311 312 
3 
309 311 312 
3 
309 310 312 
3 
309 310 311 
3 
314 315 316 
3 
313 315 316 
3 
313 314 316 
3 
313 314 315 
3 
318 319 320 
3 
317 319 320 
3 
317 318 320 
3 
317 318 319 
3 
322 323 324 
3 
321 323 324 
3 
321 322 324 
3 
321 322 323 
3 
326 327 328 
3 
325 327 328 
3 
325 326 328 
3 
325 326 327 
3 
330 331 332 
3 
329 331 332 
3 
329 330 332 
3 
329 330 331 
3 
334 335 336 
3 
333 335 336 
3 
333 334 336 
3 
333 334 335 
7 
261 262 263 264 338 339 340 
5 
262 263 337 339 340 
4 
263 337 338 340 
5 
263 264 337 338 339 
3 
342 343 344 
3 
341 343 344 
3 
341 342 344 
3 
341 342 343 
3 
346 347 348 
3 
345 347 348 
3 
345 346 348 
3 
345 346 347 
3 
350 351 352 
3 
349 351 352 
3 
349 350 352 
3 
349 350 351 
3 
354 355 356 
3 
353 355 356 
3 
353 354 356 
3 
353 354 355 
3 
358 359 360 
3 
357 359 360 
4 
105 357 358 360 
3 
357 358 359 
3 
362 363 364 
3 
361 363 364 
3 
361 362 364 
3 
361 362 363 
3 
366 367 368 
3 
365 367 368 
3 
365 366 368 
3 
365 366 367 
3 
370 371 372 
3 
369 371 372 
3 
369 370 372 
3 
369 370 371 
3 
374 375 376 
3 
373 375 376 
3 
373 374 376 
3 
373 374 375 
3 
378 379 380 
3 
377 379 380 
3 
377 378 380 
3 
377 378 379 
3 
382 383 384 
3 
381 383 384 
3 
381 382 384 
4 
86 381 382 383 
5 
297 300 386 387 388 
7 
297 298 299 300 385 387 388 
5 
299 300 385 386 388 
4 
300 385 386 387 
3 
390 391 392 
3 
389 391 392 
3 
389 390 392 
3 
389 390 391 
3 
394 395 396 
3 
393 395 396 
3 
393 394 396 
3 
393 394 395 
3 
398 399 400 
3 
397 399 400 
3 
397 398 400 
3 
397 398 399 