
100 
4 
3 
2 3 4 
3 
1 3 4 
3 
1 2 4 
3 
1 2 3 
3 
6 7 8 
3 
5 7 8 
3 
5 6 8 
3 
5 6 7 
3 
10 11 12 
3 
9 11 12 
3 
9 10 12 
3 
9 10 11 
3 
14 15 16 
3 
13 15 16 
3 
13 14 16 
3 
13 14 15 
5 
18 19 20 71 394 
3 
17 19 20 
3 
17 18 20 
5 
17 18 19 394 395 
3 
22 23 24 
3 
21 23 24 
3 
21 22 24 
3 
21 22 23 
5 
26 27 28 106 107 
3 
25 27 28 
3 
25 26 28 
4 
25 26 27 107 
4 
30 31 32 321 
5 
29 31 32 321 322 
7 
29 30 32 321 322 323 324 
5 
29 30 31 321 324 
3 
34 35 36 
3 
33 35 36 
3 
33 34 36 
4 
33 34 35 50 
4 
38 39 40 378 
3 
37 39 40 
3 
37 38 40 
5 
37 38 39 378 379 
3 
42 43 44 
3 
41 43 44 
3 
41 42 44 
3 
41 42 43 
3 
46 47 48 
3 
45 47 48 
3 
45 46 48 
3 
45 46 47 
3 
50 51 52 
4 
36 49 51 52 
3 
49 50 52 
3 
49 50 51 
5 
54 55 56 237 240 
7 
53 55 56 237 238 239 240 
5 
53 54 56 239 240 
4 
53 54 55 240 
3 
58 59 60 
3 
57 59 60 
3 
57 58 60 
3 
57 58 59 
3 
62 63 64 
3 
61 63 64 
3 
61 62 64 
3 
61 62 63 
3 
66 67 68 
3 
65 67 68 
3 
65 66 68 
3 
65 66 67 
3 
70 71 72 
3 
69 71 72 
5 
17 69 70 72 394 
5 
69 70 71 393 394 
5 
74 75 76 389 390 
4 
73 75 76 390 
5 
73 74 76 390 391 
7 
73 74 75 389 390 391 392 
3 
78 79 80 
3 
77 79 80 
3 
77 78 80 
3 
77 78 79 
3 
82 83 84 
3 
81 83 84 
3 
81 82 84 
3 
81 82 83 
4 
86 87 88 208 
5 
85 87 88 207 208 
3 
85 86 88 
3 
85 86 87 
3 
90 91 92 
3 
89 91 92 
3 
89 90 92 
3 
89 90 91 
3 
94 95 96 
3 
93 95 96 
3 
93 94 96 
3 
93 94 95 
3 
98 99 100 
4 
97 99 100 221 
5 
97 98 100 221 224 
3 
97 98 99 
3 
102 103 104 
3 
101 103 104 
3 
101 102 104 
3 
101 102 103 
3 
106 107 108 
4 
25 105 107 108 
5 
25 28 105 106 108 
3 
105 106 107 
5 
110 111 112 329 332 
7 
109 111 112 329 330 331 332 
5 
109 110 112 331 332 
4 
109 110 111 332 
3 
114 115 116 
4 
113 115 116 216 
3 
113 114 116 
3 
113 114 115 
4 
118 119 120 275 
3 
117 119 120 
3 
117 118 120 
3 
117 118 119 
5 
122 123 124 357 360 
8 
121 123 124 277 357 358 359 360 
7 
121 122 124 277 280 359 360 
4 
121 122 123 360 
4 
126 127 128 388 
5 
125 127 128 387 388 
3 
125 126 128 
3 
125 126 127 
3 
130 131 132 
3 
129 131 132 
3 
129 130 132 
3 
129 130 131 
3 
134 135 136 
3 
133 135 136 
3 
133 134 136 
3 
133 134 135 
3 
138 139 140 
3 
137 139 140 
3 
137 138 140 
3 
137 138 139 
3 
142 143 144 
4 
141 143 144 193 
5 
141 142 144 193 196 
3 
141 142 143 
3 
146 147 148 
3 
145 147 148 
3 
145 146 148 
3 
145 146 147 
3 
150 151 152 
3 
149 151 152 
3 
149 150 152 
3 
149 150 151 
3 
154 155 156 
3 
153 155 156 
3 
153 154 156 
3 
153 154 155 
3 
158 159 160 
3 
157 159 160 
3 
157 158 160 
3 
157 158 159 
3 
162 163 164 
3 
161 163 164 
3 
161 162 164 
3 
161 162 163 
3 
166 167 168 
3 
165 167 168 
3 
165 166 168 
3 
165 166 167 
3 
170 171 172 
3 
169 171 172 
4 
169 170 172 181 
3 
169 170 171 
3 
174 175 176 
4 
173 175 176 385 
5 
173 174 176 385 388 
3 
173 174 175 
4 
178 179 180 384 
5 
177 179 180 383 384 
3 
177 178 180 
3 
177 178 179 
4 
171 182 183 184 
3 
181 183 184 
4 
181 182 184 226 
5 
181 182 183 225 226 
3 
186 187 188 
3 
185 187 188 
3 
185 186 188 
3 
185 186 187 
3 
190 191 192 
3 
189 191 192 
3 
189 190 192 
3 
189 190 191 
5 
142 143 194 195 196 
3 
193 195 196 
3 
193 194 196 
4 
143 193 194 195 
3 
198 199 200 
3 
197 199 200 
3 
197 198 200 
3 
197 198 199 
3 
202 203 204 
3 
201 203 204 
3 
201 202 204 
3 
201 202 203 
3 
206 207 208 
3 
205 207 208 
4 
86 205 206 208 
5 
85 86 205 206 207 
3 
210 211 212 
3 
209 211 212 
3 
209 210 212 
3 
209 210 211 
3 
214 215 216 
4 
213 215 216 232 
3 
213 214 216 
4 
114 213 214 215 
4 
218 219 220 367 
3 
217 219 220 
3 
217 218 220 
3 
217 218 219 
5 
98 99 222 223 224 
3 
221 223 224 
3 
221 222 224 
4 
99 221 222 223 
4 
184 226 227 228 
5 
183 184 225 227 228 
3 
225 226 228 
3 
225 226 227 
3 
230 231 232 
3 
229 231 232 
3 
229 230 232 
4 
214 229 230 231 
3 
234 235 236 
3 
233 235 236 
3 
233 234 236 
3 
233 234 235 
5 
53 54 238 239 240 
4 
54 237 239 240 
5 
54 55 237 238 240 
7 
53 54 55 56 237 238 239 
3 
242 243 244 
3 
241 243 244 
3 
241 242 244 
3 
241 242 243 
3 
246 247 248 
3 
245 247 248 
3 
245 246 248 
3 
245 246 247 
3 
250 251 252 
3 
249 251 252 
3 
249 250 252 
3 
249 250 251 
3 
254 255 256 
3 
253 255 256 
3 
253 254 256 
3 
253 254 255 
3 
258 259 260 
3 
257 259 260 
3 
257 258 260 
3 
257 258 259 
9 
262 263 264 289 290 291 292 293 296 
9 
261 263 264 290 291 293 294 295 296 
6 
261 262 264 291 295 296 
6 
261 262 263 291 292 296 
3 
266 267 268 
3 
265 267 268 
3 
265 266 268 
3 
265 266 267 
3 
270 271 272 
3 
269 271 272 
4 
269 270 272 318 
5 
269 270 271 317 318 
3 
274 275 276 
3 
273 275 276 
4 
117 273 274 276 
3 
273 274 275 
9 
122 123 278 279 280 357 358 359 360 
5 
277 279 280 358 359 
4 
277 278 280 359 
6 
123 277 278 279 359 360 
3 
282 283 284 
3 
281 283 284 
3 
281 282 284 
3 
281 282 283 
3 
286 287 288 
3 
285 287 288 
3 
285 286 288 
3 
285 286 287 
5 
261 290 291 292 293 
7 
261 262 289 291 292 293 294 
9 
261 262 263 264 289 290 292 295 296 
6 
261 264 289 290 291 296 
7 
261 262 289 290 294 295 296 
5 
262 290 293 295 296 
6 
262 263 291 293 294 296 
9 
261 262 263 264 291 292 293 294 295 
3 
298 299 300 
3 
297 299 300 
3 
297 298 300 
3 
297 298 299 
3 
302 303 304 
3 
301 303 304 
3 
301 302 304 
3 
301 302 303 
3 
306 307 308 
3 
305 307 308 
3 
305 306 308 
3 
305 306 307 
3 
310 311 312 
3 
309 311 312 
3 
309 310 312 
3 
309 310 311 
3 
314 315 316 
3 
313 315 316 
3 
313 314 316 
3 
313 314 315 
4 
272 318 319 320 
5 
271 272 317 319 320 
3 
317 318 320 
3 
317 318 319 
7 
29 30 31 32 322 323 324 
5 
30 31 321 323 324 
4 
31 321 322 324 
5 
31 32 321 322 323 
3 
326 327 328 
3 
325 327 328 
3 
325 326 328 
3 
325 326 327 
5 
109 110 330 331 332 
4 
110 329 331 332 
5 
110 111 329 330 332 
7 
109 110 111 112 329 330 331 
3 
334 335 336 
3 
333 335 336 
3 
333 334 336 
3 
333 334 335 
3 
338 339 340 
3 
337 339 340 
3 
337 338 340 
3 
337 338 339 
3 
342 343 344 
3 
341 343 344 
3 
341 342 344 
3 
341 342 343 
3 
346 347 348 
3 
345 347 348 
3 
345 346 348 
3 
345 346 347 
3 
350 351 352 
3 
349 351 352 
3 
349 350 352 
3 
349 350 351 
3 
354 355 356 
3 
353 355 356 
3 
353 354 356 
3 
353 354 355 
6 
121 122 277 358 359 360 
6 
122 277 278 357 359 360 
9 
122 123 277 278 279 280 357 358 360 
9 
121 122 123 124 277 280 357 358 359 
3 
362 363 364 
3 
361 363 364 
3 
361 362 364 
3 
361 362 363 
3 
366 367 368 
3 
365 367 368 
4 
217 365 366 368 
3 
365 366 367 
3 
370 371 372 
3 
369 371 372 
3 
369 370 372 
3 
369 370 371 
3 
374 375 376 
3 
373 375 376 
3 
373 374 376 
3 
373 374 375 
3 
378 379 380 
5 
37 40 377 379 380 
4 
40 377 378 380 
3 
377 378 379 
3 
382 383 384 
3 
381 383 384 
4 
178 381 382 384 
5 
177 178 381 382 383 
5 
174 175 386 387 388 
3 
385 387 388 
4 
126 385 386 388 
6 
125 126 175 385 386 387 
5 
73 76 390 391 392 
7 
73 74 75 76 389 391 392 
5 
75 76 389 390 392 
4 
76 389 390 391 
4 
72 394 395 396 
7 
17 20 71 72 393 395 396 
4 
20 393 394 396 
3 
393 394 395 
3 
398 399 400 
3 
397 399 400 
3 
397 398 400 
3 
397 398 399 