
100 
4 
3 
2 3 4 
3 
1 3 4 
4 
1 2 4 46 
5 
1 2 3 45 46 
3 
6 7 8 
3 
5 7 8 
3 
5 6 8 
3 
5 6 7 
9 
10 11 12 58 59 69 70 138 139 
4 
9 11 12 70 
5 
9 10 12 70 71 
9 
9 10 11 59 69 70 71 72 139 
3 
14 15 16 
3 
13 15 16 
3 
13 14 16 
3 
13 14 15 
4 
18 19 20 140 
7 
17 19 20 72 139 140 221 
5 
17 18 20 221 224 
3 
17 18 19 
3 
22 23 24 
3 
21 23 24 
3 
21 22 24 
3 
21 22 23 
3 
26 27 28 
3 
25 27 28 
3 
25 26 28 
3 
25 26 27 
3 
30 31 32 
3 
29 31 32 
3 
29 30 32 
3 
29 30 31 
4 
34 35 36 75 
3 
33 35 36 
3 
33 34 36 
3 
33 34 35 
3 
38 39 40 
3 
37 39 40 
3 
37 38 40 
3 
37 38 39 
4 
42 43 44 77 
5 
41 43 44 77 78 
7 
41 42 44 77 78 79 80 
5 
41 42 43 77 80 
4 
4 46 47 48 
5 
3 4 45 47 48 
3 
45 46 48 
3 
45 46 47 
3 
50 51 52 
3 
49 51 52 
3 
49 50 52 
3 
49 50 51 
5 
54 55 56 349 352 
7 
53 55 56 349 350 351 352 
5 
53 54 56 351 352 
4 
53 54 55 352 
4 
58 59 60 137 
6 
9 57 59 60 137 138 
11 
9 12 57 58 60 69 70 137 138 139 140 
6 
57 58 59 69 137 140 
4 
62 63 64 176 
5 
61 63 64 175 176 
3 
61 62 64 
3 
61 62 63 
3 
66 67 68 
3 
65 67 68 
3 
65 66 68 
3 
65 66 67 
11 
9 12 59 60 70 71 72 137 138 139 140 
10 
9 10 11 12 59 69 71 72 138 139 
7 
11 12 69 70 72 139 222 
9 
12 18 69 70 71 139 140 221 222 
3 
74 75 76 
3 
73 75 76 
4 
33 73 74 76 
3 
73 74 75 
7 
41 42 43 44 78 79 80 
5 
42 43 77 79 80 
4 
43 77 78 80 
5 
43 44 77 78 79 
3 
82 83 84 
3 
81 83 84 
3 
81 82 84 
3 
81 82 83 
3 
86 87 88 
3 
85 87 88 
6 
85 86 88 101 102 302 
6 
85 86 87 101 301 302 
3 
90 91 92 
3 
89 91 92 
3 
89 90 92 
3 
89 90 91 
3 
94 95 96 
3 
93 95 96 
3 
93 94 96 
3 
93 94 95 
3 
98 99 100 
3 
97 99 100 
3 
97 98 100 
3 
97 98 99 
9 
87 88 102 103 104 301 302 303 304 
6 
87 101 103 104 302 303 
4 
101 102 104 303 
5 
101 102 103 303 304 
3 
106 107 108 
3 
105 107 108 
3 
105 106 108 
3 
105 106 107 
3 
110 111 112 
3 
109 111 112 
3 
109 110 112 
3 
109 110 111 
3 
114 115 116 
3 
113 115 116 
5 
113 114 116 361 362 
4 
113 114 115 361 
3 
118 119 120 
3 
117 119 120 
3 
117 118 120 
3 
117 118 119 
3 
122 123 124 
3 
121 123 124 
3 
121 122 124 
3 
121 122 123 
3 
126 127 128 
3 
125 127 128 
3 
125 126 128 
3 
125 126 127 
3 
130 131 132 
3 
129 131 132 
3 
129 130 132 
3 
129 130 131 
3 
134 135 136 
3 
133 135 136 
3 
133 134 136 
3 
133 134 135 
8 
57 58 59 60 69 138 139 140 
8 
9 58 59 69 70 137 139 140 
11 
9 12 18 59 69 70 71 72 137 138 140 
9 
17 18 59 60 69 72 137 138 139 
3 
142 143 144 
3 
141 143 144 
3 
141 142 144 
4 
141 142 143 238 
3 
146 147 148 
3 
145 147 148 
3 
145 146 148 
3 
145 146 147 
3 
150 151 152 
3 
149 151 152 
3 
149 150 152 
3 
149 150 151 
3 
154 155 156 
3 
153 155 156 
3 
153 154 156 
3 
153 154 155 
3 
158 159 160 
3 
157 159 160 
3 
157 158 160 
3 
157 158 159 
3 
162 163 164 
3 
161 163 164 
3 
161 162 164 
3 
161 162 163 
7 
166 167 168 233 234 235 236 
5 
165 167 168 234 235 
4 
165 166 168 235 
5 
165 166 167 235 236 
3 
170 171 172 
3 
169 171 172 
3 
169 170 172 
3 
169 170 171 
7 
174 175 176 293 294 295 296 
5 
173 175 176 294 295 
5 
62 173 174 176 295 
7 
61 62 173 174 175 295 296 
3 
178 179 180 
3 
177 179 180 
3 
177 178 180 
3 
177 178 179 
3 
182 183 184 
3 
181 183 184 
3 
181 182 184 
3 
181 182 183 
4 
186 187 188 392 
5 
185 187 188 391 392 
3 
185 186 188 
3 
185 186 187 
5 
190 191 192 367 368 
4 
189 191 192 367 
3 
189 190 192 
3 
189 190 191 
3 
194 195 196 
3 
193 195 196 
3 
193 194 196 
3 
193 194 195 
3 
198 199 200 
3 
197 199 200 
4 
197 198 200 214 
5 
197 198 199 213 214 
3 
202 203 204 
3 
201 203 204 
3 
201 202 204 
3 
201 202 203 
3 
206 207 208 
3 
205 207 208 
3 
205 206 208 
3 
205 206 207 
7 
210 211 212 397 398 399 400 
5 
209 211 212 398 399 
4 
209 210 212 399 
5 
209 210 211 399 400 
4 
200 214 215 216 
5 
199 200 213 215 216 
5 
213 214 216 273 274 
4 
213 214 215 273 
3 
218 219 220 
3 
217 219 220 
3 
217 218 220 
3 
217 218 219 
6 
18 19 72 222 223 224 
5 
71 72 221 223 224 
3 
221 222 224 
4 
19 221 222 223 
5 
226 227 228 345 348 
7 
225 227 228 345 346 347 348 
5 
225 226 228 347 348 
4 
225 226 227 348 
3 
230 231 232 
3 
229 231 232 
3 
229 230 232 
3 
229 230 231 
4 
165 234 235 236 
5 
165 166 233 235 236 
7 
165 166 167 168 233 234 236 
5 
165 168 233 234 235 
3 
238 239 240 
4 
144 237 239 240 
3 
237 238 240 
3 
237 238 239 
3 
242 243 244 
3 
241 243 244 
3 
241 242 244 
3 
241 242 243 
3 
246 247 248 
5 
245 247 248 269 272 
4 
245 246 248 272 
3 
245 246 247 
3 
250 251 252 
3 
249 251 252 
3 
249 250 252 
3 
249 250 251 
3 
254 255 256 
3 
253 255 256 
5 
253 254 256 297 298 
4 
253 254 255 297 
3 
258 259 260 
3 
257 259 260 
3 
257 258 260 
3 
257 258 259 
3 
262 263 264 
3 
261 263 264 
3 
261 262 264 
3 
261 262 263 
3 
266 267 268 
3 
265 267 268 
3 
265 266 268 
3 
265 266 267 
4 
246 270 271 272 
3 
269 271 272 
3 
269 270 272 
5 
246 247 269 270 271 
5 
215 216 274 275 276 
4 
215 273 275 276 
3 
273 274 276 
3 
273 274 275 
3 
278 279 280 
3 
277 279 280 
3 
277 278 280 
3 
277 278 279 
3 
282 283 284 
3 
281 283 284 
3 
281 282 284 
3 
281 282 283 
3 
286 287 288 
3 
285 287 288 
4 
285 286 288 305 
3 
285 286 287 
5 
290 291 292 355 356 
4 
289 291 292 355 
3 
289 290 292 
3 
289 290 291 
4 
173 294 295 296 
5 
173 174 293 295 296 
7 
173 174 175 176 293 294 296 
5 
173 176 293 294 295 
5 
255 256 298 299 300 
4 
255 297 299 300 
3 
297 298 300 
3 
297 298 299 
5 
88 101 302 303 304 
7 
87 88 101 102 301 303 304 
7 
101 102 103 104 301 302 304 
5 
101 104 301 302 303 
4 
287 306 307 308 
3 
305 307 308 
3 
305 306 308 
3 
305 306 307 
3 
310 311 312 
3 
309 311 312 
3 
309 310 312 
3 
309 310 311 
3 
314 315 316 
3 
313 315 316 
3 
313 314 316 
3 
313 314 315 
3 
318 319 320 
3 
317 319 320 
3 
317 318 320 
3 
317 318 319 
3 
322 323 324 
3 
321 323 324 
3 
321 322 324 
3 
321 322 323 
3 
326 327 328 
3 
325 327 328 
3 
325 326 328 
3 
325 326 327 
3 
330 331 332 
3 
329 331 332 
3 
329 330 332 
3 
329 330 331 
3 
334 335 336 
3 
333 335 336 
3 
333 334 336 
3 
333 334 335 
3 
338 339 340 
3 
337 339 340 
3 
337 338 340 
3 
337 338 339 
3 
342 343 344 
3 
341 343 344 
3 
341 342 344 
3 
341 342 343 
5 
225 226 346 347 348 
4 
226 345 347 348 
5 
226 227 345 346 348 
7 
225 226 227 228 345 346 347 
5 
53 54 350 351 352 
4 
54 349 351 352 
5 
54 55 349 350 352 
7 
53 54 55 56 349 350 351 
3 
354 355 356 
3 
353 355 356 
5 
289 290 353 354 356 
4 
289 353 354 355 
3 
358 359 360 
3 
357 359 360 
3 
357 358 360 
3 
357 358 359 
5 
115 116 362 363 364 
4 
115 361 363 364 
3 
361 362 364 
3 
361 362 363 
3 
366 367 368 
3 
365 367 368 
5 
189 190 365 366 368 
4 
189 365 366 367 
3 
370 371 372 
3 
369 371 372 
3 
369 370 372 
3 
369 370 371 
3 
374 375 376 
3 
373 375 376 
3 
373 374 376 
3 
373 374 375 
3 
378 379 380 
3 
377 379 380 
3 
377 378 380 
3 
377 378 379 
3 
382 383 384 
3 
381 383 384 
3 
381 382 384 
3 
381 382 383 
3 
386 387 388 
3 
385 387 388 
3 
385 386 388 
3 
385 386 387 
3 
390 391 392 
3 
389 391 392 
4 
186 389 390 392 
5 
185 186 389 390 391 
3 
394 395 396 
3 
393 395 396 
3 
393 394 396 
3 
393 394 395 
4 
209 398 399 400 
5 
209 210 397 399 400 
7 
209 210 211 212 397 398 400 
5 
209 212 397 398 399 