
100 
4 
6 
2 3 4 69 72 141 
9 
1 3 4 69 70 71 72 141 142 
9 
1 2 4 71 72 141 142 143 144 
6 
1 2 3 72 141 144 
3 
6 7 8 
3 
5 7 8 
3 
5 6 8 
3 
5 6 7 
5 
10 11 12 258 259 
3 
9 11 12 
4 
9 10 12 366 
6 
9 10 11 259 365 366 
5 
14 15 16 389 392 
7 
13 15 16 389 390 391 392 
5 
13 14 16 391 392 
4 
13 14 15 392 
3 
18 19 20 
3 
17 19 20 
3 
17 18 20 
3 
17 18 19 
3 
22 23 24 
3 
21 23 24 
3 
21 22 24 
3 
21 22 23 
3 
26 27 28 
3 
25 27 28 
3 
25 26 28 
3 
25 26 27 
3 
30 31 32 
3 
29 31 32 
3 
29 30 32 
3 
29 30 31 
3 
34 35 36 
4 
33 35 36 353 
5 
33 34 36 353 356 
3 
33 34 35 
6 
38 39 40 177 178 374 
4 
37 39 40 178 
5 
37 38 40 178 179 
9 
37 38 39 177 178 179 180 374 375 
3 
42 43 44 
3 
41 43 44 
3 
41 42 44 
3 
41 42 43 
3 
46 47 48 
3 
45 47 48 
3 
45 46 48 
3 
45 46 47 
3 
50 51 52 
3 
49 51 52 
3 
49 50 52 
3 
49 50 51 
3 
54 55 56 
3 
53 55 56 
4 
53 54 56 258 
5 
53 54 55 257 258 
3 
58 59 60 
3 
57 59 60 
3 
57 58 60 
3 
57 58 59 
5 
62 63 64 73 76 
7 
61 63 64 73 74 75 76 
5 
61 62 64 75 76 
4 
61 62 63 76 
4 
66 67 68 308 
5 
65 67 68 307 308 
3 
65 66 68 
3 
65 66 67 
6 
1 2 70 71 72 141 
6 
2 69 71 72 141 142 
9 
2 3 69 70 72 141 142 143 144 
9 
1 2 3 4 69 70 71 141 144 
5 
61 62 74 75 76 
4 
62 73 75 76 
5 
62 63 73 74 76 
7 
61 62 63 64 73 74 75 
3 
78 79 80 
6 
77 79 80 185 245 248 
6 
77 78 80 185 188 248 
3 
77 78 79 
3 
82 83 84 
3 
81 83 84 
3 
81 82 84 
3 
81 82 83 
3 
86 87 88 
5 
85 87 88 217 220 
4 
85 86 88 220 
3 
85 86 87 
3 
90 91 92 
3 
89 91 92 
3 
89 90 92 
3 
89 90 91 
3 
94 95 96 
3 
93 95 96 
3 
93 94 96 
3 
93 94 95 
3 
98 99 100 
4 
97 99 100 280 
3 
97 98 100 
3 
97 98 99 
5 
102 103 104 155 156 
4 
101 103 104 155 
3 
101 102 104 
3 
101 102 103 
3 
106 107 108 
3 
105 107 108 
3 
105 106 108 
3 
105 106 107 
3 
110 111 112 
3 
109 111 112 
3 
109 110 112 
3 
109 110 111 
3 
114 115 116 
3 
113 115 116 
3 
113 114 116 
3 
113 114 115 
3 
118 119 120 
3 
117 119 120 
3 
117 118 120 
3 
117 118 119 
3 
122 123 124 
3 
121 123 124 
4 
121 122 124 269 
3 
121 122 123 
4 
126 127 128 157 
5 
125 127 128 157 158 
7 
125 126 128 157 158 159 160 
5 
125 126 127 157 160 
3 
130 131 132 
3 
129 131 132 
3 
129 130 132 
3 
129 130 131 
4 
134 135 136 216 
5 
133 135 136 215 216 
3 
133 134 136 
3 
133 134 135 
3 
138 139 140 
3 
137 139 140 
3 
137 138 140 
3 
137 138 139 
11 
1 2 3 4 69 70 71 72 142 143 144 
7 
2 3 70 71 141 143 144 
5 
3 71 141 142 144 
7 
3 4 71 72 141 142 143 
3 
146 147 148 
3 
145 147 148 
3 
145 146 148 
3 
145 146 147 
3 
150 151 152 
3 
149 151 152 
3 
149 150 152 
3 
149 150 151 
3 
154 155 156 
3 
153 155 156 
5 
101 102 153 154 156 
4 
101 153 154 155 
7 
125 126 127 128 158 159 160 
5 
126 127 157 159 160 
4 
127 157 158 160 
5 
127 128 157 158 159 
3 
162 163 164 
4 
161 163 164 300 
3 
161 162 164 
3 
161 162 163 
3 
166 167 168 
3 
165 167 168 
3 
165 166 168 
3 
165 166 167 
3 
170 171 172 
3 
169 171 172 
3 
169 170 172 
3 
169 170 171 
5 
174 175 176 301 304 
7 
173 175 176 301 302 303 304 
5 
173 174 176 303 304 
4 
173 174 175 304 
7 
37 40 178 179 180 373 374 
8 
37 38 39 40 177 179 180 374 
8 
39 40 177 178 180 294 374 375 
10 
40 177 178 179 293 294 373 374 375 376 
3 
182 183 184 
3 
181 183 184 
3 
181 182 184 
3 
181 182 183 
7 
78 79 186 187 188 247 248 
4 
185 187 188 247 
3 
185 186 188 
4 
79 185 186 187 
4 
190 191 192 219 
5 
189 191 192 365 368 
4 
189 190 192 368 
3 
189 190 191 
3 
194 195 196 
3 
193 195 196 
3 
193 194 196 
3 
193 194 195 
5 
198 199 200 361 364 
7 
197 199 200 361 362 363 364 
5 
197 198 200 363 364 
4 
197 198 199 364 
3 
202 203 204 
5 
201 203 204 373 376 
5 
201 202 204 293 376 
3 
201 202 203 
5 
206 207 208 241 242 
4 
205 207 208 242 
5 
205 206 208 242 243 
7 
205 206 207 241 242 243 244 
5 
210 211 212 398 399 
3 
209 211 212 
3 
209 210 212 
4 
209 210 211 399 
3 
214 215 216 
3 
213 215 216 
4 
134 213 214 216 
5 
133 134 213 214 215 
4 
86 218 219 220 
5 
217 219 220 257 260 
5 
189 217 218 220 260 
5 
86 87 217 218 219 
3 
222 223 224 
3 
221 223 224 
3 
221 222 224 
3 
221 222 223 
3 
226 227 228 
3 
225 227 228 
3 
225 226 228 
3 
225 226 227 
3 
230 231 232 
3 
229 231 232 
3 
229 230 232 
3 
229 230 231 
3 
234 235 236 
5 
233 235 236 249 252 
4 
233 234 236 252 
3 
233 234 235 
3 
238 239 240 
3 
237 239 240 
3 
237 238 240 
3 
237 238 239 
5 
205 208 242 243 244 
7 
205 206 207 208 241 243 244 
5 
207 208 241 242 244 
4 
208 241 242 243 
4 
78 246 247 248 
3 
245 247 248 
5 
185 186 245 246 248 
6 
78 79 185 245 246 247 
4 
234 250 251 252 
3 
249 251 252 
3 
249 250 252 
5 
234 235 249 250 251 
3 
254 255 256 
3 
253 255 256 
3 
253 254 256 
3 
253 254 255 
5 
56 218 258 259 260 
6 
9 55 56 257 259 260 
6 
9 12 257 258 260 365 
5 
218 219 257 258 259 
3 
262 263 264 
3 
261 263 264 
5 
261 262 264 313 314 
4 
261 262 263 313 
3 
266 267 268 
3 
265 267 268 
3 
265 266 268 
3 
265 266 267 
4 
123 270 271 272 
4 
269 271 272 396 
3 
269 270 272 
3 
269 270 271 
3 
274 275 276 
3 
273 275 276 
3 
273 274 276 
3 
273 274 275 
3 
278 279 280 
3 
277 279 280 
3 
277 278 280 
4 
98 277 278 279 
3 
282 283 284 
3 
281 283 284 
3 
281 282 284 
3 
281 282 283 
4 
286 287 288 339 
3 
285 287 288 
3 
285 286 288 
3 
285 286 287 
3 
290 291 292 
3 
289 291 292 
3 
289 290 292 
3 
289 290 291 
6 
180 203 294 295 296 376 
7 
179 180 293 295 296 375 376 
3 
293 294 296 
3 
293 294 295 
3 
298 299 300 
3 
297 299 300 
3 
297 298 300 
4 
162 297 298 299 
5 
173 174 302 303 304 
4 
174 301 303 304 
5 
174 175 301 302 304 
7 
173 174 175 176 301 302 303 
3 
306 307 308 
3 
305 307 308 
4 
66 305 306 308 
5 
65 66 305 306 307 
3 
310 311 312 
3 
309 311 312 
3 
309 310 312 
3 
309 310 311 
5 
263 264 314 315 316 
4 
263 313 315 316 
3 
313 314 316 
3 
313 314 315 
3 
318 319 320 
3 
317 319 320 
3 
317 318 320 
3 
317 318 319 
3 
322 323 324 
3 
321 323 324 
3 
321 322 324 
3 
321 322 323 
3 
326 327 328 
3 
325 327 328 
3 
325 326 328 
3 
325 326 327 
3 
330 331 332 
3 
329 331 332 
3 
329 330 332 
3 
329 330 331 
3 
334 335 336 
3 
333 335 336 
3 
333 334 336 
3 
333 334 335 
3 
338 339 340 
3 
337 339 340 
4 
285 337 338 340 
3 
337 338 339 
3 
342 343 344 
3 
341 343 344 
3 
341 342 344 
3 
341 342 343 
3 
346 347 348 
3 
345 347 348 
3 
345 346 348 
3 
345 346 347 
3 
350 351 352 
3 
349 351 352 
3 
349 350 352 
3 
349 350 351 
5 
34 35 354 355 356 
3 
353 355 356 
3 
353 354 356 
4 
35 353 354 355 
3 
358 359 360 
3 
357 359 360 
3 
357 358 360 
3 
357 358 359 
5 
197 198 362 363 364 
4 
198 361 363 364 
5 
198 199 361 362 364 
7 
197 198 199 200 361 362 363 
6 
12 190 259 366 367 368 
5 
11 12 365 367 368 
3 
365 366 368 
5 
190 191 365 366 367 
3 
370 371 372 
3 
369 371 372 
3 
369 370 372 
3 
369 370 371 
6 
177 180 202 374 375 376 
9 
37 40 177 178 179 180 373 375 376 
7 
40 179 180 294 373 374 376 
8 
180 202 203 293 294 373 374 375 
3 
378 379 380 
3 
377 379 380 
3 
377 378 380 
3 
377 378 379 
3 
382 383 384 
3 
381 383 384 
3 
381 382 384 
3 
381 382 383 
3 
386 387 388 
3 
385 387 388 
3 
385 386 388 
3 
385 386 387 
5 
13 14 390 391 392 
4 
14 389 391 392 
5 
14 15 389 390 392 
7 
13 14 15 16 389 390 391 
3 
394 395 396 
3 
393 395 396 
3 
393 394 396 
4 
270 393 394 395 
3 
398 399 400 
4 
209 397 399 400 
5 
209 212 397 398 400 
3 
397 398 399 