
100 
4 
3 
2 3 4 
3 
1 3 4 
3 
1 2 4 
3 
1 2 3 
3 
6 7 8 
3 
5 7 8 
3 
5 6 8 
3 
5 6 7 
3 
10 11 12 
3 
9 11 12 
3 
9 10 12 
3 
9 10 11 
3 
14 15 16 
3 
13 15 16 
3 
13 14 16 
3 
13 14 15 
4 
18 19 20 328 
5 
17 19 20 327 328 
3 
17 18 20 
3 
17 18 19 
4 
22 23 24 245 
5 
21 23 24 245 246 
7 
21 22 24 245 246 247 248 
5 
21 22 23 245 248 
3 
26 27 28 
3 
25 27 28 
3 
25 26 28 
3 
25 26 27 
3 
30 31 32 
4 
29 31 32 125 
4 
29 30 32 128 
3 
29 30 31 
3 
34 35 36 
3 
33 35 36 
3 
33 34 36 
3 
33 34 35 
3 
38 39 40 
3 
37 39 40 
3 
37 38 40 
3 
37 38 39 
4 
42 43 44 52 
5 
41 43 44 51 52 
3 
41 42 44 
3 
41 42 43 
3 
46 47 48 
3 
45 47 48 
3 
45 46 48 
3 
45 46 47 
3 
50 51 52 
3 
49 51 52 
4 
42 49 50 52 
5 
41 42 49 50 51 
5 
54 55 56 211 212 
4 
53 55 56 211 
3 
53 54 56 
3 
53 54 55 
4 
58 59 60 101 
5 
57 59 60 101 102 
7 
57 58 60 101 102 103 104 
5 
57 58 59 101 104 
5 
62 63 64 399 400 
4 
61 63 64 399 
3 
61 62 64 
3 
61 62 63 
3 
66 67 68 
3 
65 67 68 
3 
65 66 68 
3 
65 66 67 
3 
70 71 72 
3 
69 71 72 
3 
69 70 72 
3 
69 70 71 
3 
74 75 76 
3 
73 75 76 
3 
73 74 76 
3 
73 74 75 
3 
78 79 80 
3 
77 79 80 
3 
77 78 80 
3 
77 78 79 
3 
82 83 84 
3 
81 83 84 
3 
81 82 84 
3 
81 82 83 
3 
86 87 88 
3 
85 87 88 
3 
85 86 88 
3 
85 86 87 
3 
90 91 92 
3 
89 91 92 
3 
89 90 92 
3 
89 90 91 
7 
94 95 96 189 190 191 192 
5 
93 95 96 190 191 
4 
93 94 96 191 
5 
93 94 95 191 192 
3 
98 99 100 
3 
97 99 100 
3 
97 98 100 
3 
97 98 99 
7 
57 58 59 60 102 103 104 
5 
58 59 101 103 104 
4 
59 101 102 104 
5 
59 60 101 102 103 
3 
106 107 108 
3 
105 107 108 
3 
105 106 108 
3 
105 106 107 
3 
110 111 112 
3 
109 111 112 
3 
109 110 112 
3 
109 110 111 
4 
114 115 116 238 
3 
113 115 116 
3 
113 114 116 
5 
113 114 115 238 239 
3 
118 119 120 
3 
117 119 120 
3 
117 118 120 
3 
117 118 119 
3 
122 123 124 
3 
121 123 124 
3 
121 122 124 
3 
121 122 123 
4 
30 126 127 128 
3 
125 127 128 
3 
125 126 128 
4 
31 125 126 127 
4 
130 131 132 333 
5 
129 131 132 333 334 
7 
129 130 132 333 334 335 336 
5 
129 130 131 333 336 
3 
134 135 136 
3 
133 135 136 
3 
133 134 136 
3 
133 134 135 
3 
138 139 140 
3 
137 139 140 
3 
137 138 140 
3 
137 138 139 
5 
142 143 144 265 266 
4 
141 143 144 266 
5 
141 142 144 266 267 
7 
141 142 143 265 266 267 268 
5 
146 147 148 351 352 
4 
145 147 148 351 
3 
145 146 148 
3 
145 146 147 
3 
150 151 152 
3 
149 151 152 
3 
149 150 152 
3 
149 150 151 
3 
154 155 156 
4 
153 155 156 253 
5 
153 154 156 253 256 
3 
153 154 155 
4 
158 159 160 221 
5 
157 159 160 221 222 
7 
157 158 160 221 222 223 224 
5 
157 158 159 221 224 
3 
162 163 164 
3 
161 163 164 
3 
161 162 164 
3 
161 162 163 
3 
166 167 168 
3 
165 167 168 
3 
165 166 168 
3 
165 166 167 
3 
170 171 172 
3 
169 171 172 
3 
169 170 172 
3 
169 170 171 
7 
174 175 176 215 216 355 356 
7 
173 175 176 215 305 308 355 
4 
173 174 176 308 
3 
173 174 175 
4 
178 179 180 182 
3 
177 179 180 
3 
177 178 180 
5 
177 178 179 182 183 
3 
182 183 184 
5 
177 180 181 183 184 
4 
180 181 182 184 
3 
181 182 183 
4 
186 187 188 273 
5 
185 187 188 273 274 
5 
185 186 188 275 276 
4 
185 186 187 276 
4 
93 190 191 192 
5 
93 94 189 191 192 
7 
93 94 95 96 189 190 192 
5 
93 96 189 190 191 
3 
194 195 196 
3 
193 195 196 
3 
193 194 196 
3 
193 194 195 
3 
198 199 200 
3 
197 199 200 
3 
197 198 200 
3 
197 198 199 
4 
202 203 204 259 
3 
201 203 204 
3 
201 202 204 
3 
201 202 203 
3 
206 207 208 
3 
205 207 208 
3 
205 206 208 
3 
205 206 207 
3 
210 211 212 
3 
209 211 212 
5 
53 54 209 210 212 
4 
53 209 210 211 
5 
214 215 216 353 354 
4 
213 215 216 354 
8 
173 174 213 214 216 305 354 355 
8 
173 213 214 215 353 354 355 356 
3 
218 219 220 
3 
217 219 220 
3 
217 218 220 
3 
217 218 219 
7 
157 158 159 160 222 223 224 
5 
158 159 221 223 224 
4 
159 221 222 224 
5 
159 160 221 222 223 
3 
226 227 228 
3 
225 227 228 
3 
225 226 228 
3 
225 226 227 
3 
230 231 232 
3 
229 231 232 
3 
229 230 232 
3 
229 230 231 
4 
234 235 236 247 
5 
233 235 236 285 288 
4 
233 234 236 288 
3 
233 234 235 
3 
238 239 240 
5 
113 116 237 239 240 
4 
116 237 238 240 
3 
237 238 239 
4 
242 243 244 321 
5 
241 243 244 321 322 
7 
241 242 244 321 322 323 324 
5 
241 242 243 321 324 
7 
21 22 23 24 246 247 248 
5 
22 23 245 247 248 
5 
23 233 245 246 248 
5 
23 24 245 246 247 
5 
250 251 252 342 343 
3 
249 251 252 
3 
249 250 252 
4 
249 250 251 343 
5 
154 155 254 255 256 
4 
253 255 256 312 
3 
253 254 256 
4 
155 253 254 255 
3 
258 259 260 
3 
257 259 260 
4 
201 257 258 260 
3 
257 258 259 
3 
262 263 264 
3 
261 263 264 
3 
261 262 264 
3 
261 262 263 
5 
141 144 266 267 268 
7 
141 142 143 144 265 267 268 
5 
143 144 265 266 268 
4 
144 265 266 267 
3 
270 271 272 
3 
269 271 272 
3 
269 270 272 
3 
269 270 271 
5 
185 186 274 275 276 
4 
186 273 275 276 
4 
187 273 274 276 
5 
187 188 273 274 275 
7 
278 279 280 289 290 291 292 
5 
277 279 280 290 291 
4 
277 278 280 291 
5 
277 278 279 291 292 
5 
282 283 284 329 332 
7 
281 283 284 329 330 331 332 
5 
281 282 284 331 332 
4 
281 282 283 332 
4 
234 286 287 288 
3 
285 287 288 
3 
285 286 288 
5 
234 235 285 286 287 
4 
277 290 291 292 
5 
277 278 289 291 292 
7 
277 278 279 280 289 290 292 
5 
277 280 289 290 291 
3 
294 295 296 
3 
293 295 296 
3 
293 294 296 
3 
293 294 295 
3 
298 299 300 
3 
297 299 300 
3 
297 298 300 
3 
297 298 299 
3 
302 303 304 
3 
301 303 304 
3 
301 302 304 
3 
301 302 303 
5 
174 215 306 307 308 
3 
305 307 308 
3 
305 306 308 
5 
174 175 305 306 307 
3 
310 311 312 
3 
309 311 312 
3 
309 310 312 
4 
254 309 310 311 
3 
314 315 316 
3 
313 315 316 
3 
313 314 316 
3 
313 314 315 
3 
318 319 320 
3 
317 319 320 
3 
317 318 320 
3 
317 318 319 
7 
241 242 243 244 322 323 324 
5 
242 243 321 323 324 
4 
243 321 322 324 
5 
243 244 321 322 323 
3 
326 327 328 
3 
325 327 328 
4 
18 325 326 328 
5 
17 18 325 326 327 
5 
281 282 330 331 332 
4 
282 329 331 332 
5 
282 283 329 330 332 
7 
281 282 283 284 329 330 331 
7 
129 130 131 132 334 335 336 
5 
130 131 333 335 336 
4 
131 333 334 336 
5 
131 132 333 334 335 
3 
338 339 340 
3 
337 339 340 
3 
337 338 340 
3 
337 338 339 
3 
342 343 344 
4 
249 341 343 344 
5 
249 252 341 342 344 
3 
341 342 343 
3 
346 347 348 
3 
345 347 348 
3 
345 346 348 
3 
345 346 347 
3 
350 351 352 
3 
349 351 352 
5 
145 146 349 350 352 
4 
145 349 350 351 
5 
213 216 354 355 356 
7 
213 214 215 216 353 355 356 
7 
173 174 215 216 353 354 356 
5 
173 216 353 354 355 
3 
358 359 360 
3 
357 359 360 
3 
357 358 360 
3 
357 358 359 
3 
362 363 364 
3 
361 363 364 
3 
361 362 364 
3 
361 362 363 
3 
366 367 368 
3 
365 367 368 
3 
365 366 368 
3 
365 366 367 
3 
370 371 372 
3 
369 371 372 
3 
369 370 372 
3 
369 370 371 
3 
374 375 376 
3 
373 375 376 
3 
373 374 376 
3 
373 374 375 
3 
378 379 380 
3 
377 379 380 
3 
377 378 380 
3 
377 378 379 
3 
382 383 384 
3 
381 383 384 
3 
381 382 384 
3 
381 382 383 
3 
386 387 388 
3 
385 387 388 
3 
385 386 388 
3 
385 386 387 
3 
390 391 392 
3 
389 391 392 
3 
389 390 392 
3 
389 390 391 
3 
394 395 396 
3 
393 395 396 
3 
393 394 396 
3 
393 394 395 
3 
398 399 400 
3 
397 399 400 
5 
61 62 397 398 400 
4 
61 397 398 399 