
100 
4 
3 
2 3 4 
3 
1 3 4 
3 
1 2 4 
3 
1 2 3 
3 
6 7 8 
3 
5 7 8 
3 
5 6 8 
4 
5 6 7 342 
3 
10 11 12 
3 
9 11 12 
3 
9 10 12 
3 
9 10 11 
3 
14 15 16 
3 
13 15 16 
3 
13 14 16 
4 
13 14 15 194 
3 
18 19 20 
3 
17 19 20 
3 
17 18 20 
3 
17 18 19 
3 
22 23 24 
3 
21 23 24 
3 
21 22 24 
3 
21 22 23 
6 
26 27 28 96 227 228 
6 
25 27 28 95 96 227 
3 
25 26 28 
3 
25 26 27 
3 
30 31 32 
4 
29 31 32 280 
3 
29 30 32 
3 
29 30 31 
5 
34 35 36 349 352 
7 
33 35 36 349 350 351 352 
5 
33 34 36 351 352 
4 
33 34 35 352 
3 
38 39 40 
3 
37 39 40 
3 
37 38 40 
3 
37 38 39 
3 
42 43 44 
3 
41 43 44 
3 
41 42 44 
4 
41 42 43 386 
3 
46 47 48 
3 
45 47 48 
3 
45 46 48 
3 
45 46 47 
4 
50 51 52 90 
3 
49 51 52 
3 
49 50 52 
5 
49 50 51 90 91 
7 
54 55 56 337 338 339 340 
5 
53 55 56 338 339 
4 
53 54 56 339 
5 
53 54 55 339 340 
3 
58 59 60 
3 
57 59 60 
3 
57 58 60 
3 
57 58 59 
5 
62 63 64 321 322 
4 
61 63 64 322 
5 
61 62 64 322 323 
7 
61 62 63 321 322 323 324 
4 
66 67 68 391 
3 
65 67 68 
3 
65 66 68 
3 
65 66 67 
3 
70 71 72 
3 
69 71 72 
3 
69 70 72 
3 
69 70 71 
3 
74 75 76 
3 
73 75 76 
3 
73 74 76 
3 
73 74 75 
3 
78 79 80 
3 
77 79 80 
3 
77 78 80 
3 
77 78 79 
3 
82 83 84 
3 
81 83 84 
3 
81 82 84 
3 
81 82 83 
3 
86 87 88 
3 
85 87 88 
3 
85 86 88 
3 
85 86 87 
3 
90 91 92 
5 
49 52 89 91 92 
4 
52 89 90 92 
3 
89 90 91 
5 
94 95 96 225 226 
4 
93 95 96 226 
6 
26 93 94 96 226 227 
9 
25 26 93 94 95 225 226 227 228 
3 
98 99 100 
3 
97 99 100 
3 
97 98 100 
3 
97 98 99 
4 
102 103 104 109 
5 
101 103 104 109 110 
7 
101 102 104 109 110 111 112 
5 
101 102 103 109 112 
5 
106 107 108 265 266 
4 
105 107 108 266 
5 
105 106 108 266 267 
7 
105 106 107 265 266 267 268 
7 
101 102 103 104 110 111 112 
5 
102 103 109 111 112 
4 
103 109 110 112 
5 
103 104 109 110 111 
3 
114 115 116 
3 
113 115 116 
5 
113 114 116 353 354 
5 
113 114 115 258 353 
3 
118 119 120 
3 
117 119 120 
3 
117 118 120 
3 
117 118 119 
3 
122 123 124 
4 
121 123 124 217 
5 
121 122 124 217 220 
3 
121 122 123 
3 
126 127 128 
3 
125 127 128 
3 
125 126 128 
3 
125 126 127 
3 
130 131 132 
3 
129 131 132 
3 
129 130 132 
3 
129 130 131 
3 
134 135 136 
3 
133 135 136 
3 
133 134 136 
3 
133 134 135 
3 
138 139 140 
3 
137 139 140 
3 
137 138 140 
3 
137 138 139 
3 
142 143 144 
3 
141 143 144 
3 
141 142 144 
3 
141 142 143 
3 
146 147 148 
3 
145 147 148 
3 
145 146 148 
3 
145 146 147 
3 
150 151 152 
3 
149 151 152 
3 
149 150 152 
3 
149 150 151 
3 
154 155 156 
3 
153 155 156 
3 
153 154 156 
3 
153 154 155 
7 
158 159 160 229 232 291 292 
8 
157 159 160 229 230 231 232 291 
5 
157 158 160 231 232 
4 
157 158 159 232 
3 
162 163 164 
3 
161 163 164 
3 
161 162 164 
3 
161 162 163 
3 
166 167 168 
3 
165 167 168 
3 
165 166 168 
3 
165 166 167 
3 
170 171 172 
3 
169 171 172 
3 
169 170 172 
3 
169 170 171 
3 
174 175 176 
3 
173 175 176 
3 
173 174 176 
3 
173 174 175 
3 
178 179 180 
3 
177 179 180 
3 
177 178 180 
3 
177 178 179 
3 
182 183 184 
3 
181 183 184 
3 
181 182 184 
3 
181 182 183 
3 
186 187 188 
3 
185 187 188 
3 
185 186 188 
3 
185 186 187 
3 
190 191 192 
3 
189 191 192 
3 
189 190 192 
3 
189 190 191 
3 
194 195 196 
4 
16 193 195 196 
3 
193 194 196 
3 
193 194 195 
3 
198 199 200 
3 
197 199 200 
3 
197 198 200 
3 
197 198 199 
3 
202 203 204 
3 
201 203 204 
3 
201 202 204 
3 
201 202 203 
3 
206 207 208 
3 
205 207 208 
3 
205 206 208 
3 
205 206 207 
3 
210 211 212 
3 
209 211 212 
3 
209 210 212 
3 
209 210 211 
3 
214 215 216 
3 
213 215 216 
3 
213 214 216 
3 
213 214 215 
5 
122 123 218 219 220 
3 
217 219 220 
3 
217 218 220 
4 
123 217 218 219 
7 
222 223 224 377 378 379 380 
5 
221 223 224 378 379 
4 
221 222 224 379 
5 
221 222 223 379 380 
5 
93 96 226 227 228 
7 
93 94 95 96 225 227 228 
7 
25 26 95 96 225 226 228 
5 
25 96 225 226 227 
7 
157 158 230 231 232 291 292 
5 
158 229 231 232 291 
5 
158 159 229 230 232 
7 
157 158 159 160 229 230 231 
3 
234 235 236 
3 
233 235 236 
3 
233 234 236 
3 
233 234 235 
3 
238 239 240 
3 
237 239 240 
3 
237 238 240 
3 
237 238 239 
3 
242 243 244 
3 
241 243 244 
3 
241 242 244 
3 
241 242 243 
3 
246 247 248 
3 
245 247 248 
3 
245 246 248 
3 
245 246 247 
3 
250 251 252 
3 
249 251 252 
3 
249 250 252 
3 
249 250 251 
3 
254 255 256 
3 
253 255 256 
3 
253 254 256 
3 
253 254 255 
3 
258 259 260 
4 
116 257 259 260 
3 
257 258 260 
3 
257 258 259 
3 
262 263 264 
3 
261 263 264 
3 
261 262 264 
3 
261 262 263 
5 
105 108 266 267 268 
7 
105 106 107 108 265 267 268 
5 
107 108 265 266 268 
4 
108 265 266 267 
3 
270 271 272 
3 
269 271 272 
3 
269 270 272 
3 
269 270 271 
3 
274 275 276 
3 
273 275 276 
3 
273 274 276 
3 
273 274 275 
3 
278 279 280 
3 
277 279 280 
3 
277 278 280 
4 
30 277 278 279 
5 
282 283 284 365 366 
4 
281 283 284 366 
5 
281 282 284 366 367 
7 
281 282 283 365 366 367 368 
3 
286 287 288 
3 
285 287 288 
3 
285 286 288 
3 
285 286 287 
3 
290 291 292 
3 
289 291 292 
7 
157 158 229 230 289 290 292 
5 
157 229 289 290 291 
3 
294 295 296 
3 
293 295 296 
3 
293 294 296 
3 
293 294 295 
3 
298 299 300 
3 
297 299 300 
3 
297 298 300 
3 
297 298 299 
3 
302 303 304 
3 
301 303 304 
3 
301 302 304 
3 
301 302 303 
3 
306 307 308 
3 
305 307 308 
3 
305 306 308 
3 
305 306 307 
3 
310 311 312 
3 
309 311 312 
3 
309 310 312 
3 
309 310 311 
3 
314 315 316 
3 
313 315 316 
3 
313 314 316 
3 
313 314 315 
3 
318 319 320 
3 
317 319 320 
3 
317 318 320 
3 
317 318 319 
5 
61 64 322 323 324 
7 
61 62 63 64 321 323 324 
5 
63 64 321 322 324 
4 
64 321 322 323 
3 
326 327 328 
3 
325 327 328 
3 
325 326 328 
3 
325 326 327 
3 
330 331 332 
3 
329 331 332 
3 
329 330 332 
3 
329 330 331 
3 
334 335 336 
3 
333 335 336 
3 
333 334 336 
3 
333 334 335 
4 
53 338 339 340 
5 
53 54 337 339 340 
7 
53 54 55 56 337 338 340 
5 
53 56 337 338 339 
3 
342 343 344 
4 
8 341 343 344 
3 
341 342 344 
3 
341 342 343 
3 
346 347 348 
3 
345 347 348 
3 
345 346 348 
3 
345 346 347 
5 
33 34 350 351 352 
4 
34 349 351 352 
5 
34 35 349 350 352 
7 
33 34 35 36 349 350 351 
5 
115 116 354 355 356 
4 
115 353 355 356 
3 
353 354 356 
3 
353 354 355 
3 
358 359 360 
3 
357 359 360 
3 
357 358 360 
3 
357 358 359 
3 
362 363 364 
3 
361 363 364 
3 
361 362 364 
3 
361 362 363 
5 
281 284 366 367 368 
7 
281 282 283 284 365 367 368 
5 
283 284 365 366 368 
4 
284 365 366 367 
3 
370 371 372 
3 
369 371 372 
3 
369 370 372 
3 
369 370 371 
3 
374 375 376 
3 
373 375 376 
3 
373 374 376 
3 
373 374 375 
4 
221 378 379 380 
5 
221 222 377 379 380 
7 
221 222 223 224 377 378 380 
5 
221 224 377 378 379 
3 
382 383 384 
3 
381 383 384 
3 
381 382 384 
3 
381 382 383 
3 
386 387 388 
4 
44 385 387 388 
3 
385 386 388 
3 
385 386 387 
3 
390 391 392 
3 
389 391 392 
4 
65 389 390 392 
3 
389 390 391 
3 
394 395 396 
3 
393 395 396 
3 
393 394 396 
3 
393 394 395 
3 
398 399 400 
3 
397 399 400 
3 
397 398 400 
3 
397 398 399 