
100 
4 
4 
2 3 4 191 
3 
1 3 4 
3 
1 2 4 
3 
1 2 3 
3 
6 7 8 
3 
5 7 8 
3 
5 6 8 
3 
5 6 7 
3 
10 11 12 
3 
9 11 12 
3 
9 10 12 
3 
9 10 11 
3 
14 15 16 
3 
13 15 16 
3 
13 14 16 
3 
13 14 15 
3 
18 19 20 
4 
17 19 20 205 
5 
17 18 20 205 208 
3 
17 18 19 
3 
22 23 24 
3 
21 23 24 
3 
21 22 24 
3 
21 22 23 
3 
26 27 28 
3 
25 27 28 
3 
25 26 28 
3 
25 26 27 
3 
30 31 32 
3 
29 31 32 
3 
29 30 32 
3 
29 30 31 
3 
34 35 36 
3 
33 35 36 
3 
33 34 36 
4 
33 34 35 94 
3 
38 39 40 
3 
37 39 40 
3 
37 38 40 
4 
37 38 39 386 
3 
42 43 44 
3 
41 43 44 
3 
41 42 44 
3 
41 42 43 
3 
46 47 48 
5 
45 47 48 145 148 
4 
45 46 48 148 
3 
45 46 47 
3 
50 51 52 
3 
49 51 52 
3 
49 50 52 
3 
49 50 51 
3 
54 55 56 
3 
53 55 56 
3 
53 54 56 
3 
53 54 55 
3 
58 59 60 
4 
57 59 60 121 
5 
57 58 60 121 124 
3 
57 58 59 
3 
62 63 64 
5 
61 63 64 333 336 
4 
61 62 64 336 
3 
61 62 63 
3 
66 67 68 
3 
65 67 68 
3 
65 66 68 
3 
65 66 67 
3 
70 71 72 
3 
69 71 72 
3 
69 70 72 
3 
69 70 71 
3 
74 75 76 
3 
73 75 76 
3 
73 74 76 
3 
73 74 75 
3 
78 79 80 
4 
77 79 80 317 
5 
77 78 80 317 320 
3 
77 78 79 
3 
82 83 84 
3 
81 83 84 
3 
81 82 84 
3 
81 82 83 
5 
86 87 88 189 190 
4 
85 87 88 190 
5 
85 86 88 190 191 
7 
85 86 87 189 190 191 192 
3 
90 91 92 
3 
89 91 92 
3 
89 90 92 
4 
89 90 91 290 
3 
94 95 96 
4 
36 93 95 96 
3 
93 94 96 
3 
93 94 95 
3 
98 99 100 
3 
97 99 100 
3 
97 98 100 
3 
97 98 99 
5 
102 103 104 337 340 
7 
101 103 104 337 338 339 340 
5 
101 102 104 339 340 
4 
101 102 103 340 
3 
106 107 108 
3 
105 107 108 
3 
105 106 108 
3 
105 106 107 
3 
110 111 112 
3 
109 111 112 
3 
109 110 112 
3 
109 110 111 
5 
114 115 116 139 140 
4 
113 115 116 139 
3 
113 114 116 
3 
113 114 115 
3 
118 119 120 
3 
117 119 120 
5 
117 118 120 177 178 
5 
117 118 119 177 330 
5 
58 59 122 123 124 
3 
121 123 124 
3 
121 122 124 
4 
59 121 122 123 
3 
126 127 128 
3 
125 127 128 
3 
125 126 128 
3 
125 126 127 
5 
130 131 132 375 376 
4 
129 131 132 375 
5 
129 130 132 393 394 
4 
129 130 131 393 
3 
134 135 136 
3 
133 135 136 
3 
133 134 136 
3 
133 134 135 
3 
138 139 140 
3 
137 139 140 
5 
113 114 137 138 140 
4 
113 137 138 139 
3 
142 143 144 
3 
141 143 144 
3 
141 142 144 
3 
141 142 143 
4 
46 146 147 148 
3 
145 147 148 
3 
145 146 148 
5 
46 47 145 146 147 
3 
150 151 152 
3 
149 151 152 
3 
149 150 152 
3 
149 150 151 
3 
154 155 156 
3 
153 155 156 
3 
153 154 156 
3 
153 154 155 
3 
158 159 160 
3 
157 159 160 
3 
157 158 160 
3 
157 158 159 
3 
162 163 164 
3 
161 163 164 
3 
161 162 164 
3 
161 162 163 
5 
166 167 168 343 344 
4 
165 167 168 343 
3 
165 166 168 
3 
165 166 167 
3 
170 171 172 
3 
169 171 172 
3 
169 170 172 
3 
169 170 171 
3 
174 175 176 
3 
173 175 176 
3 
173 174 176 
3 
173 174 175 
5 
119 120 178 179 180 
4 
119 177 179 180 
3 
177 178 180 
3 
177 178 179 
3 
182 183 184 
5 
181 183 184 257 260 
4 
181 182 184 260 
3 
181 182 183 
3 
186 187 188 
3 
185 187 188 
3 
185 186 188 
3 
185 186 187 
5 
85 88 190 191 192 
7 
85 86 87 88 189 191 192 
6 
1 87 88 189 190 192 
4 
88 189 190 191 
3 
194 195 196 
3 
193 195 196 
3 
193 194 196 
3 
193 194 195 
3 
198 199 200 
3 
197 199 200 
3 
197 198 200 
3 
197 198 199 
4 
202 203 204 348 
5 
201 203 204 347 348 
3 
201 202 204 
3 
201 202 203 
5 
18 19 206 207 208 
3 
205 207 208 
3 
205 206 208 
4 
19 205 206 207 
3 
210 211 212 
3 
209 211 212 
3 
209 210 212 
3 
209 210 211 
3 
214 215 216 
3 
213 215 216 
3 
213 214 216 
3 
213 214 215 
3 
218 219 220 
3 
217 219 220 
3 
217 218 220 
3 
217 218 219 
3 
222 223 224 
3 
221 223 224 
3 
221 222 224 
3 
221 222 223 
3 
226 227 228 
3 
225 227 228 
3 
225 226 228 
3 
225 226 227 
3 
230 231 232 
3 
229 231 232 
3 
229 230 232 
3 
229 230 231 
3 
234 235 236 
3 
233 235 236 
3 
233 234 236 
3 
233 234 235 
3 
238 239 240 
3 
237 239 240 
3 
237 238 240 
3 
237 238 239 
3 
242 243 244 
3 
241 243 244 
3 
241 242 244 
3 
241 242 243 
3 
246 247 248 
3 
245 247 248 
3 
245 246 248 
3 
245 246 247 
4 
250 251 252 396 
5 
249 251 252 395 396 
3 
249 250 252 
3 
249 250 251 
3 
254 255 256 
3 
253 255 256 
3 
253 254 256 
3 
253 254 255 
4 
182 258 259 260 
3 
257 259 260 
3 
257 258 260 
5 
182 183 257 258 259 
3 
262 263 264 
3 
261 263 264 
3 
261 262 264 
3 
261 262 263 
3 
266 267 268 
3 
265 267 268 
3 
265 266 268 
3 
265 266 267 
3 
270 271 272 
3 
269 271 272 
3 
269 270 272 
3 
269 270 271 
3 
274 275 276 
3 
273 275 276 
3 
273 274 276 
3 
273 274 275 
3 
278 279 280 
4 
277 279 280 281 
4 
277 278 280 284 
3 
277 278 279 
4 
278 282 283 284 
3 
281 283 284 
5 
281 282 284 361 362 
5 
279 281 282 283 361 
3 
286 287 288 
3 
285 287 288 
3 
285 286 288 
3 
285 286 287 
3 
290 291 292 
4 
92 289 291 292 
3 
289 290 292 
3 
289 290 291 
3 
294 295 296 
3 
293 295 296 
3 
293 294 296 
3 
293 294 295 
3 
298 299 300 
3 
297 299 300 
3 
297 298 300 
3 
297 298 299 
3 
302 303 304 
3 
301 303 304 
3 
301 302 304 
3 
301 302 303 
3 
306 307 308 
3 
305 307 308 
5 
305 306 308 397 398 
4 
305 306 307 397 
3 
310 311 312 
3 
309 311 312 
3 
309 310 312 
3 
309 310 311 
3 
314 315 316 
3 
313 315 316 
3 
313 314 316 
3 
313 314 315 
5 
78 79 318 319 320 
3 
317 319 320 
3 
317 318 320 
4 
79 317 318 319 
3 
322 323 324 
3 
321 323 324 
3 
321 322 324 
3 
321 322 323 
3 
326 327 328 
3 
325 327 328 
3 
325 326 328 
3 
325 326 327 
3 
330 331 332 
4 
120 329 331 332 
3 
329 330 332 
3 
329 330 331 
4 
62 334 335 336 
3 
333 335 336 
3 
333 334 336 
5 
62 63 333 334 335 
5 
101 102 338 339 340 
4 
102 337 339 340 
5 
102 103 337 338 340 
7 
101 102 103 104 337 338 339 
3 
342 343 344 
3 
341 343 344 
5 
165 166 341 342 344 
4 
165 341 342 343 
3 
346 347 348 
3 
345 347 348 
4 
202 345 346 348 
5 
201 202 345 346 347 
3 
350 351 352 
3 
349 351 352 
3 
349 350 352 
3 
349 350 351 
3 
354 355 356 
3 
353 355 356 
3 
353 354 356 
3 
353 354 355 
3 
358 359 360 
3 
357 359 360 
3 
357 358 360 
3 
357 358 359 
5 
283 284 362 363 364 
4 
283 361 363 364 
3 
361 362 364 
3 
361 362 363 
3 
366 367 368 
3 
365 367 368 
3 
365 366 368 
3 
365 366 367 
3 
370 371 372 
3 
369 371 372 
3 
369 370 372 
3 
369 370 371 
3 
374 375 376 
3 
373 375 376 
5 
129 130 373 374 376 
4 
129 373 374 375 
3 
378 379 380 
3 
377 379 380 
3 
377 378 380 
3 
377 378 379 
3 
382 383 384 
3 
381 383 384 
3 
381 382 384 
3 
381 382 383 
3 
386 387 388 
4 
40 385 387 388 
3 
385 386 388 
3 
385 386 387 
3 
390 391 392 
3 
389 391 392 
3 
389 390 392 
3 
389 390 391 
5 
131 132 394 395 396 
4 
131 393 395 396 
4 
250 393 394 396 
5 
249 250 393 394 395 
5 
307 308 398 399 400 
4 
307 397 399 400 
3 
397 398 400 
3 
397 398 399 