
100 
4 
3 
2 3 4 
3 
1 3 4 
3 
1 2 4 
3 
1 2 3 
4 
6 7 8 125 
5 
5 7 8 125 126 
5 
5 6 8 127 128 
4 
5 6 7 128 
3 
10 11 12 
3 
9 11 12 
3 
9 10 12 
3 
9 10 11 
3 
14 15 16 
3 
13 15 16 
3 
13 14 16 
3 
13 14 15 
3 
18 19 20 
3 
17 19 20 
3 
17 18 20 
3 
17 18 19 
3 
22 23 24 
3 
21 23 24 
4 
21 22 24 66 
5 
21 22 23 65 66 
5 
26 27 28 215 216 
4 
25 27 28 215 
3 
25 26 28 
3 
25 26 27 
3 
30 31 32 
3 
29 31 32 
3 
29 30 32 
3 
29 30 31 
3 
34 35 36 
3 
33 35 36 
3 
33 34 36 
3 
33 34 35 
3 
38 39 40 
3 
37 39 40 
3 
37 38 40 
3 
37 38 39 
5 
42 43 44 241 244 
7 
41 43 44 241 242 243 244 
5 
41 42 44 243 244 
4 
41 42 43 244 
3 
46 47 48 
3 
45 47 48 
3 
45 46 48 
3 
45 46 47 
7 
50 51 52 237 238 239 240 
5 
49 51 52 238 239 
4 
49 50 52 239 
5 
49 50 51 239 240 
3 
54 55 56 
3 
53 55 56 
3 
53 54 56 
3 
53 54 55 
3 
58 59 60 
3 
57 59 60 
3 
57 58 60 
3 
57 58 59 
3 
62 63 64 
3 
61 63 64 
3 
61 62 64 
3 
61 62 63 
4 
24 66 67 68 
5 
23 24 65 67 68 
3 
65 66 68 
3 
65 66 67 
3 
70 71 72 
4 
69 71 72 180 
3 
69 70 72 
3 
69 70 71 
4 
74 75 76 253 
5 
73 75 76 253 254 
7 
73 74 76 253 254 255 256 
5 
73 74 75 253 256 
3 
78 79 80 
3 
77 79 80 
3 
77 78 80 
3 
77 78 79 
3 
82 83 84 
4 
81 83 84 233 
4 
81 82 84 236 
3 
81 82 83 
5 
86 87 88 267 268 
4 
85 87 88 267 
3 
85 86 88 
3 
85 86 87 
3 
90 91 92 
3 
89 91 92 
3 
89 90 92 
3 
89 90 91 
3 
94 95 96 
3 
93 95 96 
3 
93 94 96 
3 
93 94 95 
4 
98 99 100 298 
3 
97 99 100 
3 
97 98 100 
5 
97 98 99 298 299 
3 
102 103 104 
3 
101 103 104 
3 
101 102 104 
3 
101 102 103 
3 
106 107 108 
3 
105 107 108 
4 
105 106 108 333 
3 
105 106 107 
5 
110 111 112 158 159 
3 
109 111 112 
3 
109 110 112 
4 
109 110 111 159 
4 
114 115 116 272 
5 
113 115 116 271 272 
3 
113 114 116 
3 
113 114 115 
3 
118 119 120 
3 
117 119 120 
5 
117 118 120 313 314 
4 
117 118 119 313 
3 
122 123 124 
3 
121 123 124 
3 
121 122 124 
3 
121 122 123 
5 
5 6 126 127 128 
4 
6 125 127 128 
4 
7 125 126 128 
5 
7 8 125 126 127 
3 
130 131 132 
3 
129 131 132 
3 
129 130 132 
3 
129 130 131 
3 
134 135 136 
3 
133 135 136 
3 
133 134 136 
3 
133 134 135 
3 
138 139 140 
3 
137 139 140 
3 
137 138 140 
3 
137 138 139 
3 
142 143 144 
5 
141 143 144 149 152 
4 
141 142 144 152 
4 
141 142 143 270 
3 
146 147 148 
3 
145 147 148 
3 
145 146 148 
3 
145 146 147 
4 
142 150 151 152 
3 
149 151 152 
3 
149 150 152 
5 
142 143 149 150 151 
3 
154 155 156 
3 
153 155 156 
3 
153 154 156 
3 
153 154 155 
3 
158 159 160 
4 
109 157 159 160 
5 
109 112 157 158 160 
3 
157 158 159 
3 
162 163 164 
3 
161 163 164 
3 
161 162 164 
4 
161 162 163 378 
3 
166 167 168 
3 
165 167 168 
3 
165 166 168 
4 
165 166 167 210 
3 
170 171 172 
3 
169 171 172 
3 
169 170 172 
3 
169 170 171 
3 
174 175 176 
3 
173 175 176 
3 
173 174 176 
3 
173 174 175 
3 
178 179 180 
3 
177 179 180 
3 
177 178 180 
4 
70 177 178 179 
3 
182 183 184 
3 
181 183 184 
3 
181 182 184 
3 
181 182 183 
3 
186 187 188 
3 
185 187 188 
3 
185 186 188 
3 
185 186 187 
3 
190 191 192 
3 
189 191 192 
3 
189 190 192 
3 
189 190 191 
5 
194 195 196 395 396 
4 
193 195 196 395 
3 
193 194 196 
3 
193 194 195 
5 
198 199 200 309 310 
4 
197 199 200 310 
5 
197 198 200 310 311 
7 
197 198 199 309 310 311 312 
3 
202 203 204 
3 
201 203 204 
3 
201 202 204 
3 
201 202 203 
3 
206 207 208 
3 
205 207 208 
3 
205 206 208 
3 
205 206 207 
3 
210 211 212 
4 
168 209 211 212 
4 
209 210 212 290 
5 
209 210 211 289 290 
3 
214 215 216 
3 
213 215 216 
5 
25 26 213 214 216 
4 
25 213 214 215 
3 
218 219 220 
3 
217 219 220 
3 
217 218 220 
3 
217 218 219 
3 
222 223 224 
3 
221 223 224 
3 
221 222 224 
3 
221 222 223 
3 
226 227 228 
3 
225 227 228 
3 
225 226 228 
3 
225 226 227 
3 
230 231 232 
3 
229 231 232 
3 
229 230 232 
3 
229 230 231 
4 
82 234 235 236 
3 
233 235 236 
3 
233 234 236 
4 
83 233 234 235 
4 
49 238 239 240 
5 
49 50 237 239 240 
7 
49 50 51 52 237 238 240 
5 
49 52 237 238 239 
5 
41 42 242 243 244 
4 
42 241 243 244 
5 
42 43 241 242 244 
7 
41 42 43 44 241 242 243 
3 
246 247 248 
3 
245 247 248 
3 
245 246 248 
3 
245 246 247 
3 
250 251 252 
3 
249 251 252 
3 
249 250 252 
3 
249 250 251 
7 
73 74 75 76 254 255 256 
5 
74 75 253 255 256 
4 
75 253 254 256 
5 
75 76 253 254 255 
3 
258 259 260 
3 
257 259 260 
3 
257 258 260 
3 
257 258 259 
3 
262 263 264 
3 
261 263 264 
3 
261 262 264 
3 
261 262 263 
3 
266 267 268 
3 
265 267 268 
5 
85 86 265 266 268 
4 
85 265 266 267 
3 
270 271 272 
4 
144 269 271 272 
4 
114 269 270 272 
5 
113 114 269 270 271 
3 
274 275 276 
3 
273 275 276 
3 
273 274 276 
3 
273 274 275 
3 
278 279 280 
3 
277 279 280 
3 
277 278 280 
3 
277 278 279 
3 
282 283 284 
3 
281 283 284 
3 
281 282 284 
3 
281 282 283 
3 
286 287 288 
3 
285 287 288 
3 
285 286 288 
3 
285 286 287 
4 
212 290 291 292 
5 
211 212 289 291 292 
4 
289 290 292 342 
5 
289 290 291 341 342 
3 
294 295 296 
3 
293 295 296 
3 
293 294 296 
3 
293 294 295 
3 
298 299 300 
5 
97 100 297 299 300 
4 
100 297 298 300 
3 
297 298 299 
3 
302 303 304 
3 
301 303 304 
3 
301 302 304 
3 
301 302 303 
3 
306 307 308 
3 
305 307 308 
3 
305 306 308 
3 
305 306 307 
5 
197 200 310 311 312 
7 
197 198 199 200 309 311 312 
5 
199 200 309 310 312 
4 
200 309 310 311 
5 
119 120 314 315 316 
4 
119 313 315 316 
3 
313 314 316 
3 
313 314 315 
3 
318 319 320 
3 
317 319 320 
3 
317 318 320 
3 
317 318 319 
3 
322 323 324 
3 
321 323 324 
3 
321 322 324 
3 
321 322 323 
3 
326 327 328 
3 
325 327 328 
3 
325 326 328 
3 
325 326 327 
3 
330 331 332 
3 
329 331 332 
3 
329 330 332 
3 
329 330 331 
4 
107 334 335 336 
3 
333 335 336 
3 
333 334 336 
3 
333 334 335 
3 
338 339 340 
3 
337 339 340 
3 
337 338 340 
3 
337 338 339 
4 
292 342 343 344 
5 
291 292 341 343 344 
3 
341 342 344 
3 
341 342 343 
3 
346 347 348 
3 
345 347 348 
3 
345 346 348 
3 
345 346 347 
3 
350 351 352 
3 
349 351 352 
3 
349 350 352 
3 
349 350 351 
7 
354 355 356 361 362 363 364 
5 
353 355 356 362 363 
4 
353 354 356 363 
5 
353 354 355 363 364 
3 
358 359 360 
3 
357 359 360 
3 
357 358 360 
3 
357 358 359 
4 
353 362 363 364 
5 
353 354 361 363 364 
7 
353 354 355 356 361 362 364 
5 
353 356 361 362 363 
3 
366 367 368 
3 
365 367 368 
3 
365 366 368 
3 
365 366 367 
3 
370 371 372 
3 
369 371 372 
3 
369 370 372 
3 
369 370 371 
3 
374 375 376 
3 
373 375 376 
3 
373 374 376 
3 
373 374 375 
3 
378 379 380 
4 
164 377 379 380 
3 
377 378 380 
3 
377 378 379 
3 
382 383 384 
3 
381 383 384 
3 
381 382 384 
3 
381 382 383 
3 
386 387 388 
3 
385 387 388 
3 
385 386 388 
3 
385 386 387 
3 
390 391 392 
3 
389 391 392 
3 
389 390 392 
3 
389 390 391 
3 
394 395 396 
3 
393 395 396 
5 
193 194 393 394 396 
4 
193 393 394 395 
3 
398 399 400 
3 
397 399 400 
3 
397 398 400 
3 
397 398 399 