
100 
4 
3 
2 3 4 
5 
1 3 4 192 356 
3 
1 2 4 
3 
1 2 3 
3 
6 7 8 
3 
5 7 8 
3 
5 6 8 
3 
5 6 7 
3 
10 11 12 
3 
9 11 12 
3 
9 10 12 
3 
9 10 11 
3 
14 15 16 
3 
13 15 16 
3 
13 14 16 
3 
13 14 15 
3 
18 19 20 
3 
17 19 20 
3 
17 18 20 
3 
17 18 19 
3 
22 23 24 
3 
21 23 24 
3 
21 22 24 
3 
21 22 23 
3 
26 27 28 
3 
25 27 28 
3 
25 26 28 
3 
25 26 27 
3 
30 31 32 
3 
29 31 32 
3 
29 30 32 
3 
29 30 31 
3 
34 35 36 
3 
33 35 36 
3 
33 34 36 
3 
33 34 35 
5 
38 39 40 80 155 
5 
37 39 40 79 80 
3 
37 38 40 
3 
37 38 39 
3 
42 43 44 
3 
41 43 44 
3 
41 42 44 
3 
41 42 43 
5 
46 47 48 305 308 
7 
45 47 48 305 306 307 308 
5 
45 46 48 307 308 
4 
45 46 47 308 
7 
50 51 52 213 214 215 216 
5 
49 51 52 214 215 
4 
49 50 52 215 
5 
49 50 51 215 216 
5 
54 55 56 217 218 
4 
53 55 56 218 
6 
53 54 56 218 219 322 
9 
53 54 55 217 218 219 220 321 322 
3 
58 59 60 
3 
57 59 60 
3 
57 58 60 
3 
57 58 59 
3 
62 63 64 
3 
61 63 64 
3 
61 62 64 
3 
61 62 63 
7 
66 67 68 325 326 327 328 
5 
65 67 68 326 327 
4 
65 66 68 327 
5 
65 66 67 327 328 
3 
70 71 72 
3 
69 71 72 
3 
69 70 72 
3 
69 70 71 
3 
74 75 76 
3 
73 75 76 
3 
73 74 76 
3 
73 74 75 
3 
78 79 80 
3 
77 79 80 
4 
38 77 78 80 
5 
37 38 77 78 79 
3 
82 83 84 
3 
81 83 84 
3 
81 82 84 
3 
81 82 83 
3 
86 87 88 
3 
85 87 88 
3 
85 86 88 
3 
85 86 87 
5 
90 91 92 203 204 
4 
89 91 92 203 
3 
89 90 92 
3 
89 90 91 
3 
94 95 96 
3 
93 95 96 
3 
93 94 96 
3 
93 94 95 
3 
98 99 100 
3 
97 99 100 
3 
97 98 100 
3 
97 98 99 
3 
102 103 104 
3 
101 103 104 
3 
101 102 104 
3 
101 102 103 
8 
106 107 108 133 134 135 136 229 
7 
105 107 108 134 135 229 230 
8 
105 106 108 135 229 230 231 232 
7 
105 106 107 135 136 229 232 
3 
110 111 112 
3 
109 111 112 
3 
109 110 112 
3 
109 110 111 
3 
114 115 116 
3 
113 115 116 
3 
113 114 116 
3 
113 114 115 
5 
118 119 120 149 152 
7 
117 119 120 149 150 151 152 
5 
117 118 120 151 152 
4 
117 118 119 152 
4 
122 123 124 398 
3 
121 123 124 
3 
121 122 124 
5 
121 122 123 398 399 
3 
126 127 128 
3 
125 127 128 
3 
125 126 128 
3 
125 126 127 
3 
130 131 132 
3 
129 131 132 
3 
129 130 132 
3 
129 130 131 
4 
105 134 135 136 
5 
105 106 133 135 136 
9 
105 106 107 108 133 134 136 229 230 
6 
105 108 133 134 135 229 
3 
138 139 140 
6 
137 139 140 360 361 364 
4 
137 138 140 364 
3 
137 138 139 
3 
142 143 144 
3 
141 143 144 
4 
141 142 144 186 
5 
141 142 143 185 186 
3 
146 147 148 
3 
145 147 148 
3 
145 146 148 
3 
145 146 147 
5 
117 118 150 151 152 
4 
118 149 151 152 
5 
118 119 149 150 152 
7 
117 118 119 120 149 150 151 
3 
154 155 156 
3 
153 155 156 
4 
37 153 154 156 
3 
153 154 155 
3 
158 159 160 
3 
157 159 160 
3 
157 158 160 
3 
157 158 159 
3 
162 163 164 
3 
161 163 164 
3 
161 162 164 
3 
161 162 163 
3 
166 167 168 
3 
165 167 168 
3 
165 166 168 
3 
165 166 167 
3 
170 171 172 
3 
169 171 172 
3 
169 170 172 
3 
169 170 171 
3 
174 175 176 
3 
173 175 176 
3 
173 174 176 
3 
173 174 175 
3 
178 179 180 
3 
177 179 180 
3 
177 178 180 
3 
177 178 179 
3 
182 183 184 
3 
181 183 184 
3 
181 182 184 
3 
181 182 183 
5 
144 186 187 188 303 
5 
143 144 185 187 188 
3 
185 186 188 
3 
185 186 187 
5 
190 191 192 353 356 
5 
189 191 192 354 355 
4 
189 190 192 355 
5 
2 189 190 191 356 
3 
194 195 196 
3 
193 195 196 
3 
193 194 196 
3 
193 194 195 
3 
198 199 200 
3 
197 199 200 
3 
197 198 200 
3 
197 198 199 
3 
202 203 204 
3 
201 203 204 
5 
89 90 201 202 204 
4 
89 201 202 203 
3 
206 207 208 
3 
205 207 208 
3 
205 206 208 
3 
205 206 207 
3 
210 211 212 
3 
209 211 212 
3 
209 210 212 
3 
209 210 211 
4 
49 214 215 216 
5 
49 50 213 215 216 
7 
49 50 51 52 213 214 216 
5 
49 52 213 214 215 
5 
53 56 218 219 220 
7 
53 54 55 56 217 219 220 
7 
55 56 217 218 220 321 322 
5 
56 217 218 219 321 
3 
222 223 224 
3 
221 223 224 
3 
221 222 224 
3 
221 222 223 
3 
226 227 228 
3 
225 227 228 
3 
225 226 228 
3 
225 226 227 
9 
105 106 107 108 135 136 230 231 232 
6 
106 107 135 229 231 232 
4 
107 229 230 232 
5 
107 108 229 230 231 
3 
234 235 236 
3 
233 235 236 
3 
233 234 236 
3 
233 234 235 
3 
238 239 240 
3 
237 239 240 
3 
237 238 240 
4 
237 238 239 270 
3 
242 243 244 
3 
241 243 244 
3 
241 242 244 
3 
241 242 243 
3 
246 247 248 
3 
245 247 248 
3 
245 246 248 
3 
245 246 247 
3 
250 251 252 
3 
249 251 252 
3 
249 250 252 
3 
249 250 251 
3 
254 255 256 
3 
253 255 256 
3 
253 254 256 
3 
253 254 255 
4 
258 259 260 279 
3 
257 259 260 
3 
257 258 260 
3 
257 258 259 
3 
262 263 264 
3 
261 263 264 
3 
261 262 264 
3 
261 262 263 
3 
266 267 268 
3 
265 267 268 
3 
265 266 268 
3 
265 266 267 
3 
270 271 272 
4 
240 269 271 272 
3 
269 270 272 
3 
269 270 271 
3 
274 275 276 
3 
273 275 276 
3 
273 274 276 
3 
273 274 275 
5 
278 279 280 387 388 
4 
277 279 280 387 
4 
257 277 278 280 
3 
277 278 279 
3 
282 283 284 
3 
281 283 284 
3 
281 282 284 
3 
281 282 283 
3 
286 287 288 
3 
285 287 288 
3 
285 286 288 
3 
285 286 287 
3 
290 291 292 
3 
289 291 292 
3 
289 290 292 
3 
289 290 291 
7 
294 295 296 349 350 351 352 
5 
293 295 296 350 351 
4 
293 294 296 351 
5 
293 294 295 351 352 
3 
298 299 300 
3 
297 299 300 
3 
297 298 300 
3 
297 298 299 
3 
302 303 304 
3 
301 303 304 
4 
185 301 302 304 
3 
301 302 303 
5 
45 46 306 307 308 
4 
46 305 307 308 
5 
46 47 305 306 308 
7 
45 46 47 48 305 306 307 
3 
310 311 312 
3 
309 311 312 
3 
309 310 312 
3 
309 310 311 
3 
314 315 316 
3 
313 315 316 
3 
313 314 316 
3 
313 314 315 
3 
318 319 320 
3 
317 319 320 
3 
317 318 320 
3 
317 318 319 
6 
56 219 220 322 323 324 
6 
55 56 219 321 323 324 
3 
321 322 324 
3 
321 322 323 
4 
65 326 327 328 
5 
65 66 325 327 328 
7 
65 66 67 68 325 326 328 
5 
65 68 325 326 327 
3 
330 331 332 
3 
329 331 332 
3 
329 330 332 
3 
329 330 331 
3 
334 335 336 
3 
333 335 336 
3 
333 334 336 
3 
333 334 335 
3 
338 339 340 
3 
337 339 340 
3 
337 338 340 
3 
337 338 339 
3 
342 343 344 
3 
341 343 344 
3 
341 342 344 
3 
341 342 343 
3 
346 347 348 
3 
345 347 348 
3 
345 346 348 
3 
345 346 347 
4 
293 350 351 352 
5 
293 294 349 351 352 
7 
293 294 295 296 349 350 352 
5 
293 296 349 350 351 
4 
189 354 355 356 
4 
190 353 355 356 
5 
190 191 353 354 356 
6 
2 189 192 353 354 355 
3 
358 359 360 
3 
357 359 360 
5 
357 358 360 361 362 
5 
138 357 358 359 361 
6 
138 359 360 362 363 364 
4 
359 361 363 364 
3 
361 362 364 
5 
138 139 361 362 363 
3 
366 367 368 
3 
365 367 368 
3 
365 366 368 
3 
365 366 367 
3 
370 371 372 
3 
369 371 372 
3 
369 370 372 
3 
369 370 371 
3 
374 375 376 
3 
373 375 376 
3 
373 374 376 
3 
373 374 375 
3 
378 379 380 
3 
377 379 380 
3 
377 378 380 
3 
377 378 379 
3 
382 383 384 
3 
381 383 384 
3 
381 382 384 
3 
381 382 383 
3 
386 387 388 
3 
385 387 388 
5 
277 278 385 386 388 
4 
277 385 386 387 
3 
390 391 392 
3 
389 391 392 
3 
389 390 392 
3 
389 390 391 
3 
394 395 396 
3 
393 395 396 
3 
393 394 396 
3 
393 394 395 
3 
398 399 400 
5 
121 124 397 399 400 
4 
124 397 398 400 
3 
397 398 399 