
250 
4 
3 
2 3 4 
3 
1 3 4 
4 
1 2 4 46 
5 
1 2 3 45 46 
3 
6 7 8 
4 
5 7 8 944 
3 
5 6 8 
3 
5 6 7 
9 
10 11 12 58 59 69 70 138 139 
4 
9 11 12 70 
5 
9 10 12 70 71 
9 
9 10 11 59 69 70 71 72 139 
3 
14 15 16 
3 
13 15 16 
3 
13 14 16 
3 
13 14 15 
4 
18 19 20 140 
7 
17 19 20 72 139 140 221 
5 
17 18 20 221 224 
3 
17 18 19 
5 
22 23 24 686 687 
3 
21 23 24 
3 
21 22 24 
4 
21 22 23 687 
4 
26 27 28 949 
5 
25 27 28 949 950 
5 
25 26 28 951 952 
4 
25 26 27 952 
3 
30 31 32 
3 
29 31 32 
4 
29 30 32 910 
5 
29 30 31 909 910 
4 
34 35 36 75 
3 
33 35 36 
3 
33 34 36 
3 
33 34 35 
4 
38 39 40 504 
5 
37 39 40 503 504 
5 
37 38 40 809 810 
4 
37 38 39 809 
5 
42 43 44 77 715 
5 
41 43 44 77 78 
7 
41 42 44 77 78 79 80 
5 
41 42 43 77 80 
4 
4 46 47 48 
5 
3 4 45 47 48 
5 
45 46 48 893 978 
5 
45 46 47 977 978 
4 
50 51 52 986 
4 
49 51 52 581 
5 
49 50 52 581 584 
5 
49 50 51 986 987 
5 
54 55 56 349 352 
7 
53 55 56 349 350 351 352 
5 
53 54 56 351 352 
4 
53 54 55 352 
4 
58 59 60 137 
6 
9 57 59 60 137 138 
11 
9 12 57 58 60 69 70 137 138 139 140 
6 
57 58 59 69 137 140 
4 
62 63 64 176 
5 
61 63 64 175 176 
3 
61 62 64 
3 
61 62 63 
7 
66 67 68 473 474 919 920 
5 
65 67 68 474 919 
5 
65 66 68 474 475 
7 
65 66 67 473 474 475 476 
11 
9 12 59 60 70 71 72 137 138 139 140 
10 
9 10 11 12 59 69 71 72 138 139 
7 
11 12 69 70 72 139 222 
9 
12 18 69 70 71 139 140 221 222 
3 
74 75 76 
3 
73 75 76 
4 
33 73 74 76 
3 
73 74 75 
7 
41 42 43 44 78 79 80 
5 
42 43 77 79 80 
4 
43 77 78 80 
5 
43 44 77 78 79 
3 
82 83 84 
5 
81 83 84 429 800 
5 
81 82 84 429 432 
3 
81 82 83 
3 
86 87 88 
4 
85 87 88 836 
6 
85 86 88 101 102 302 
6 
85 86 87 101 301 302 
3 
90 91 92 
3 
89 91 92 
3 
89 90 92 
3 
89 90 91 
3 
94 95 96 
3 
93 95 96 
3 
93 94 96 
3 
93 94 95 
5 
98 99 100 509 512 
8 
97 99 100 509 510 511 512 748 
5 
97 98 100 511 512 
4 
97 98 99 512 
12 
87 88 102 103 104 301 302 303 304 478 837 838 
7 
87 101 103 104 302 303 838 
8 
101 102 104 303 785 786 838 839 
12 
101 102 103 303 304 478 479 785 837 838 839 840 
3 
106 107 108 
5 
105 107 108 568 612 
3 
105 106 108 
3 
105 106 107 
3 
110 111 112 
3 
109 111 112 
3 
109 110 112 
3 
109 110 111 
3 
114 115 116 
3 
113 115 116 
5 
113 114 116 361 362 
4 
113 114 115 361 
3 
118 119 120 
3 
117 119 120 
3 
117 118 120 
3 
117 118 119 
3 
122 123 124 
3 
121 123 124 
3 
121 122 124 
3 
121 122 123 
3 
126 127 128 
3 
125 127 128 
3 
125 126 128 
3 
125 126 127 
4 
130 131 132 681 
5 
129 131 132 681 682 
7 
129 130 132 681 682 683 684 
5 
129 130 131 681 684 
4 
134 135 136 965 
6 
133 135 136 753 965 966 
9 
133 134 136 753 756 965 966 967 968 
5 
133 134 135 965 968 
8 
57 58 59 60 69 138 139 140 
8 
9 58 59 69 70 137 139 140 
11 
9 12 18 59 69 70 71 72 137 138 140 
9 
17 18 59 60 69 72 137 138 139 
3 
142 143 144 
3 
141 143 144 
3 
141 142 144 
4 
141 142 143 238 
5 
146 147 148 441 444 
9 
145 147 148 441 442 443 444 573 576 
6 
145 146 148 443 444 576 
4 
145 146 147 444 
5 
150 151 152 654 655 
4 
149 151 152 764 
3 
149 150 152 
4 
149 150 151 655 
7 
154 155 156 589 590 591 592 
5 
153 155 156 590 591 
4 
153 154 156 591 
5 
153 154 155 591 592 
4 
158 159 160 437 
4 
157 159 160 438 
6 
157 158 160 438 439 774 
7 
157 158 159 437 440 773 774 
3 
162 163 164 
3 
161 163 164 
3 
161 162 164 
3 
161 162 163 
7 
166 167 168 233 234 235 236 
8 
165 167 168 234 235 625 933 936 
7 
165 166 168 235 625 628 936 
5 
165 166 167 235 236 
4 
170 171 172 670 
3 
169 171 172 
5 
169 170 172 917 918 
6 
169 170 171 670 671 917 
7 
174 175 176 293 294 295 296 
5 
173 175 176 294 295 
5 
62 173 174 176 295 
7 
61 62 173 174 175 295 296 
5 
178 179 180 472 822 
5 
177 179 180 471 472 
3 
177 178 180 
5 
177 178 179 822 823 
3 
182 183 184 
3 
181 183 184 
3 
181 182 184 
3 
181 182 183 
9 
186 187 188 392 566 609 610 611 612 
7 
185 187 188 391 392 610 611 
4 
185 186 188 611 
6 
185 186 187 567 611 612 
7 
190 191 192 367 368 495 496 
5 
189 191 192 367 495 
3 
189 190 192 
3 
189 190 191 
5 
194 195 196 585 588 
8 
193 195 196 585 586 587 588 592 
5 
193 194 196 587 588 
4 
193 194 195 588 
3 
198 199 200 
3 
197 199 200 
4 
197 198 200 214 
5 
197 198 199 213 214 
5 
202 203 204 622 623 
3 
201 203 204 
3 
201 202 204 
4 
201 202 203 623 
3 
206 207 208 
3 
205 207 208 
3 
205 206 208 
3 
205 206 207 
7 
210 211 212 397 398 399 400 
5 
209 211 212 398 399 
4 
209 210 212 399 
5 
209 210 211 399 400 
4 
200 214 215 216 
5 
199 200 213 215 216 
5 
213 214 216 273 274 
6 
213 214 215 273 558 846 
5 
218 219 220 561 562 
4 
217 219 220 562 
5 
217 218 220 562 563 
7 
217 218 219 561 562 563 564 
6 
18 19 72 222 223 224 
5 
71 72 221 223 224 
3 
221 222 224 
4 
19 221 222 223 
5 
226 227 228 345 348 
8 
225 227 228 345 346 347 348 449 
7 
225 226 228 347 348 449 452 
4 
225 226 227 348 
3 
230 231 232 
3 
229 231 232 
3 
229 230 232 
3 
229 230 231 
4 
165 234 235 236 
5 
165 166 233 235 236 
8 
165 166 167 168 233 234 236 625 
5 
165 168 233 234 235 
3 
238 239 240 
4 
144 237 239 240 
3 
237 238 240 
3 
237 238 239 
3 
242 243 244 
3 
241 243 244 
3 
241 242 244 
3 
241 242 243 
5 
246 247 248 645 646 
6 
245 247 248 269 272 646 
6 
245 246 248 272 646 647 
8 
245 246 247 406 645 646 647 648 
5 
250 251 252 522 523 
3 
249 251 252 
3 
249 250 252 
4 
249 250 251 523 
3 
254 255 256 
3 
253 255 256 
5 
253 254 256 297 298 
4 
253 254 255 297 
3 
258 259 260 
3 
257 259 260 
3 
257 258 260 
3 
257 258 259 
3 
262 263 264 
5 
261 263 264 657 660 
4 
261 262 264 660 
3 
261 262 263 
3 
266 267 268 
3 
265 267 268 
3 
265 266 268 
3 
265 266 267 
4 
246 270 271 272 
3 
269 271 272 
3 
269 270 272 
5 
246 247 269 270 271 
7 
215 216 274 275 276 558 559 
4 
215 273 275 276 
3 
273 274 276 
4 
273 274 275 559 
3 
278 279 280 
3 
277 279 280 
3 
277 278 280 
3 
277 278 279 
3 
282 283 284 
4 
281 283 284 492 
3 
281 282 284 
3 
281 282 283 
3 
286 287 288 
3 
285 287 288 
4 
285 286 288 305 
3 
285 286 287 
5 
290 291 292 355 356 
4 
289 291 292 355 
3 
289 290 292 
3 
289 290 291 
4 
173 294 295 296 
5 
173 174 293 295 296 
7 
173 174 175 176 293 294 296 
5 
173 176 293 294 295 
5 
255 256 298 299 300 
4 
255 297 299 300 
3 
297 298 300 
3 
297 298 299 
7 
88 101 302 303 304 478 837 
9 
87 88 101 102 301 303 304 837 838 
12 
101 102 103 104 301 302 304 785 837 838 839 840 
9 
101 104 301 302 303 478 479 837 840 
4 
287 306 307 308 
3 
305 307 308 
3 
305 306 308 
3 
305 306 307 
3 
310 311 312 
4 
309 311 312 756 
3 
309 310 312 
3 
309 310 311 
5 
314 315 316 841 844 
7 
313 315 316 841 842 843 844 
5 
313 314 316 843 844 
4 
313 314 315 844 
3 
318 319 320 
3 
317 319 320 
3 
317 318 320 
3 
317 318 319 
3 
322 323 324 
3 
321 323 324 
5 
321 322 324 953 954 
4 
321 322 323 953 
3 
326 327 328 
3 
325 327 328 
3 
325 326 328 
3 
325 326 327 
5 
330 331 332 777 778 
4 
329 331 332 778 
5 
329 330 332 778 779 
7 
329 330 331 777 778 779 780 
5 
334 335 336 765 768 
7 
333 335 336 765 766 767 768 
5 
333 334 336 767 768 
4 
333 334 335 768 
5 
338 339 340 698 699 
3 
337 339 340 
5 
337 338 340 737 738 
5 
337 338 339 699 737 
4 
342 343 344 696 
5 
341 343 344 695 696 
3 
341 342 344 
3 
341 342 343 
5 
225 226 346 347 348 
5 
226 345 347 348 876 
7 
226 227 345 346 348 449 450 
8 
225 226 227 228 345 346 347 449 
5 
53 54 350 351 352 
4 
54 349 351 352 
5 
54 55 349 350 352 
7 
53 54 55 56 349 350 351 
3 
354 355 356 
4 
353 355 356 788 
5 
289 290 353 354 356 
4 
289 353 354 355 
3 
358 359 360 
3 
357 359 360 
3 
357 358 360 
3 
357 358 359 
5 
115 116 362 363 364 
4 
115 361 363 364 
3 
361 362 364 
3 
361 362 363 
5 
366 367 368 493 496 
7 
365 367 368 493 494 495 496 
7 
189 190 365 366 368 495 496 
5 
189 365 366 367 496 
3 
370 371 372 
3 
369 371 372 
3 
369 370 372 
3 
369 370 371 
7 
374 375 376 577 578 579 580 
5 
373 375 376 578 579 
4 
373 374 376 579 
5 
373 374 375 579 580 
7 
378 379 380 830 831 987 988 
5 
377 379 380 584 987 
3 
377 378 380 
4 
377 378 379 831 
4 
382 383 384 547 
3 
381 383 384 
3 
381 382 384 
4 
381 382 383 658 
4 
386 387 388 709 
5 
385 387 388 709 710 
5 
385 386 388 711 712 
5 
385 386 387 466 712 
3 
390 391 392 
3 
389 391 392 
4 
186 389 390 392 
7 
185 186 389 390 391 566 610 
7 
394 395 396 857 858 859 860 
5 
393 395 396 858 859 
4 
393 394 396 859 
5 
393 394 395 859 860 
4 
209 398 399 400 
5 
209 210 397 399 400 
7 
209 210 211 212 397 398 400 
5 
209 212 397 398 399 
3 
402 403 404 
3 
401 403 404 
3 
401 402 404 
3 
401 402 403 
4 
406 407 408 648 
6 
248 405 407 408 647 648 
3 
405 406 408 
3 
405 406 407 
4 
410 411 412 926 
3 
409 411 412 
3 
409 410 412 
5 
409 410 411 926 927 
3 
414 415 416 
3 
413 415 416 
3 
413 414 416 
3 
413 414 415 
3 
418 419 420 
3 
417 419 420 
3 
417 418 420 
3 
417 418 419 
3 
422 423 424 
4 
421 423 424 992 
3 
421 422 424 
3 
421 422 423 
3 
426 427 428 
3 
425 427 428 
3 
425 426 428 
3 
425 426 427 
6 
82 83 430 431 432 800 
5 
429 431 432 799 800 
3 
429 430 432 
4 
83 429 430 431 
3 
434 435 436 
3 
433 435 436 
3 
433 434 436 
3 
433 434 435 
5 
157 160 438 439 440 
5 
158 159 437 439 440 
5 
159 437 438 440 774 
6 
160 437 438 439 773 774 
5 
145 146 442 443 444 
5 
146 441 443 444 573 
6 
146 147 441 442 444 576 
7 
145 146 147 148 441 442 443 
3 
446 447 448 
4 
445 447 448 856 
3 
445 446 448 
3 
445 446 447 
7 
226 227 347 348 450 451 452 
4 
347 449 451 452 
3 
449 450 452 
4 
227 449 450 451 
4 
454 455 456 894 
3 
453 455 456 
3 
453 454 456 
4 
453 454 455 895 
3 
458 459 460 
3 
457 459 460 
3 
457 458 460 
3 
457 458 459 
4 
462 463 464 828 
5 
461 463 464 827 828 
4 
461 462 464 518 
6 
461 462 463 517 518 642 
3 
466 467 468 
5 
388 465 467 468 712 
3 
465 466 468 
3 
465 466 467 
5 
470 471 472 482 483 
3 
469 471 472 
4 
178 469 470 472 
7 
177 178 469 470 471 483 822 
8 
65 68 474 475 476 694 695 920 
9 
65 66 67 68 473 475 476 919 920 
5 
67 68 473 474 476 
5 
68 473 474 475 695 
3 
478 479 480 
9 
101 104 301 304 477 479 480 837 840 
6 
104 304 477 478 480 840 
3 
477 478 479 
4 
482 483 484 882 
4 
469 481 483 484 
5 
469 472 481 482 484 
5 
481 482 483 882 883 
4 
486 487 488 808 
5 
485 487 488 807 808 
3 
485 486 488 
3 
485 486 487 
3 
490 491 492 
3 
489 491 492 
3 
489 490 492 
4 
282 489 490 491 
5 
365 366 494 495 496 
4 
366 493 495 496 
7 
189 190 366 367 493 494 496 
8 
189 365 366 367 368 493 494 495 
4 
498 499 500 942 
3 
497 499 500 
3 
497 498 500 
5 
497 498 499 942 943 
5 
502 503 504 803 804 
4 
501 503 504 803 
4 
38 501 502 504 
5 
37 38 501 502 503 
3 
506 507 508 
3 
505 507 508 
3 
505 506 508 
3 
505 506 507 
6 
97 98 510 511 512 748 
6 
98 509 511 512 747 748 
5 
98 99 509 510 512 
7 
97 98 99 100 509 510 511 
3 
514 515 516 
3 
513 515 516 
3 
513 514 516 
3 
513 514 515 
6 
464 518 519 520 641 642 
6 
463 464 517 519 520 642 
5 
517 518 520 642 643 
7 
517 518 519 641 642 643 644 
3 
522 523 524 
4 
249 521 523 524 
5 
249 252 521 522 524 
3 
521 522 523 
5 
526 527 528 537 540 
7 
525 527 528 537 538 539 540 
5 
525 526 528 539 540 
4 
525 526 527 540 
5 
530 531 532 971 972 
4 
529 531 532 971 
3 
529 530 532 
3 
529 530 531 
3 
534 535 536 
4 
533 535 536 789 
5 
533 534 536 789 792 
3 
533 534 535 
5 
525 526 538 539 540 
4 
526 537 539 540 
5 
526 527 537 538 540 
7 
525 526 527 528 537 538 539 
3 
542 543 544 
3 
541 543 544 
3 
541 542 544 
3 
541 542 543 
3 
546 547 548 
3 
545 547 548 
4 
381 545 546 548 
3 
545 546 547 
4 
550 551 552 892 
5 
549 551 552 891 892 
3 
549 550 552 
3 
549 550 551 
4 
554 555 556 721 
5 
553 555 556 721 722 
7 
553 554 556 721 722 723 724 
5 
553 554 555 721 724 
6 
558 559 560 845 846 946 
6 
216 273 557 559 560 846 
7 
273 276 557 558 560 846 847 
9 
557 558 559 845 846 847 848 946 947 
5 
217 220 562 563 564 
7 
217 218 219 220 561 563 564 
5 
219 220 561 562 564 
4 
220 561 562 563 
5 
566 567 568 609 612 
9 
185 392 565 567 568 609 610 611 612 
6 
188 565 566 568 611 612 
5 
106 565 566 567 612 
3 
570 571 572 
3 
569 571 572 
3 
569 570 572 
3 
569 570 571 
5 
146 442 574 575 576 
3 
573 575 576 
3 
573 574 576 
6 
146 147 443 573 574 575 
4 
373 578 579 580 
5 
373 374 577 579 580 
7 
373 374 375 376 577 578 580 
5 
373 376 577 578 579 
5 
50 51 582 583 584 
3 
581 583 584 
3 
581 582 584 
5 
51 378 581 582 583 
5 
193 194 586 587 588 
5 
194 585 587 588 592 
5 
194 195 585 586 588 
7 
193 194 195 196 585 586 587 
4 
153 590 591 592 
5 
153 154 589 591 592 
7 
153 154 155 156 589 590 592 
7 
153 156 194 586 589 590 591 
3 
594 595 596 
3 
593 595 596 
5 
593 594 596 757 758 
4 
593 594 595 757 
3 
598 599 600 
3 
597 599 600 
3 
597 598 600 
3 
597 598 599 
3 
602 603 604 
3 
601 603 604 
3 
601 602 604 
3 
601 602 603 
3 
606 607 608 
3 
605 607 608 
3 
605 606 608 
3 
605 606 607 
6 
185 565 566 610 611 612 
7 
185 186 392 566 609 611 612 
9 
185 186 187 188 566 567 609 610 612 
10 
106 185 188 565 566 567 568 609 610 611 
3 
614 615 616 
3 
613 615 616 
3 
613 614 616 
3 
613 614 615 
3 
618 619 620 
3 
617 619 620 
3 
617 618 620 
3 
617 618 619 
3 
622 623 624 
4 
201 621 623 624 
5 
201 204 621 622 624 
3 
621 622 623 
8 
166 167 235 626 627 628 933 936 
7 
625 627 628 933 934 935 936 
5 
625 626 628 935 936 
5 
167 625 626 627 936 
3 
630 631 632 
3 
629 631 632 
3 
629 630 632 
3 
629 630 631 
3 
634 635 636 
3 
633 635 636 
3 
633 634 636 
3 
633 634 635 
3 
638 639 640 
3 
637 639 640 
3 
637 638 640 
3 
637 638 639 
7 
517 520 642 643 644 874 875 
8 
464 517 518 519 520 641 643 644 
5 
519 520 641 642 644 
5 
520 641 642 643 875 
5 
245 248 646 647 648 
7 
245 246 247 248 645 647 648 
6 
247 248 406 645 646 648 
6 
248 405 406 645 646 647 
3 
650 651 652 
3 
649 651 652 
3 
649 650 652 
3 
649 650 651 
3 
654 655 656 
4 
149 653 655 656 
5 
149 152 653 654 656 
3 
653 654 655 
4 
262 658 659 660 
4 
384 657 659 660 
3 
657 658 660 
5 
262 263 657 658 659 
3 
662 663 664 
3 
661 663 664 
3 
661 662 664 
3 
661 662 663 
3 
666 667 668 
3 
665 667 668 
3 
665 666 668 
3 
665 666 667 
3 
670 671 672 
5 
169 172 669 671 672 
5 
172 669 670 672 917 
3 
669 670 671 
3 
674 675 676 
3 
673 675 676 
3 
673 674 676 
3 
673 674 675 
3 
678 679 680 
3 
677 679 680 
5 
677 678 680 981 982 
4 
677 678 679 981 
7 
129 130 131 132 682 683 684 
5 
130 131 681 683 684 
4 
131 681 682 684 
5 
131 132 681 682 683 
3 
686 687 688 
4 
21 685 687 688 
5 
21 24 685 686 688 
3 
685 686 687 
3 
690 691 692 
3 
689 691 692 
3 
689 690 692 
3 
689 690 691 
3 
694 695 696 
5 
473 693 695 696 920 
6 
342 473 476 693 694 696 
5 
341 342 693 694 695 
3 
698 699 700 
4 
337 697 699 700 
6 
337 340 697 698 700 737 
3 
697 698 699 
3 
702 703 704 
3 
701 703 704 
3 
701 702 704 
3 
701 702 703 
3 
706 707 708 
3 
705 707 708 
3 
705 706 708 
3 
705 706 707 
5 
385 386 710 711 712 
4 
386 709 711 712 
4 
387 709 710 712 
6 
387 388 466 709 710 711 
3 
714 715 716 
3 
713 715 716 
4 
41 713 714 716 
3 
713 714 715 
5 
718 719 720 901 904 
7 
717 719 720 901 902 903 904 
5 
717 718 720 903 904 
4 
717 718 719 904 
7 
553 554 555 556 722 723 724 
5 
554 555 721 723 724 
4 
555 721 722 724 
5 
555 556 721 722 723 
4 
726 727 728 947 
3 
725 727 728 
3 
725 726 728 
3 
725 726 727 
3 
730 731 732 
3 
729 731 732 
3 
729 730 732 
3 
729 730 731 
3 
734 735 736 
3 
733 735 736 
3 
733 734 736 
3 
733 734 735 
6 
339 340 699 738 739 740 
4 
339 737 739 740 
3 
737 738 740 
3 
737 738 739 
3 
742 743 744 
3 
741 743 744 
3 
741 742 744 
3 
741 742 743 
3 
746 747 748 
3 
745 747 748 
4 
510 745 746 748 
6 
98 509 510 745 746 747 
4 
750 751 752 888 
5 
749 751 752 887 888 
3 
749 750 752 
3 
749 750 751 
9 
134 135 754 755 756 965 966 967 968 
5 
753 755 756 966 967 
4 
753 754 756 967 
7 
135 310 753 754 755 967 968 
5 
595 596 758 759 760 
4 
595 757 759 760 
3 
757 758 760 
3 
757 758 759 
3 
762 763 764 
3 
761 763 764 
3 
761 762 764 
4 
150 761 762 763 
5 
333 334 766 767 768 
4 
334 765 767 768 
5 
334 335 765 766 768 
7 
333 334 335 336 765 766 767 
3 
770 771 772 
3 
769 771 772 
3 
769 770 772 
3 
769 770 771 
5 
160 440 774 775 776 
7 
159 160 439 440 773 775 776 
3 
773 774 776 
3 
773 774 775 
5 
329 332 778 779 780 
7 
329 330 331 332 777 779 780 
5 
331 332 777 778 780 
4 
332 777 778 779 
3 
782 783 784 
3 
781 783 784 
3 
781 782 784 
3 
781 782 783 
7 
103 104 303 786 787 788 839 
4 
103 785 787 788 
3 
785 786 788 
4 
354 785 786 787 
5 
534 535 790 791 792 
3 
789 791 792 
3 
789 790 792 
4 
535 789 790 791 
3 
794 795 796 
3 
793 795 796 
5 
793 794 796 913 914 
4 
793 794 795 913 
3 
798 799 800 
3 
797 799 800 
4 
430 797 798 800 
6 
82 429 430 797 798 799 
3 
802 803 804 
3 
801 803 804 
5 
501 502 801 802 804 
4 
501 801 802 803 
3 
806 807 808 
3 
805 807 808 
4 
486 805 806 808 
5 
485 486 805 806 807 
5 
39 40 810 811 812 
4 
39 809 811 812 
3 
809 810 812 
3 
809 810 811 
3 
814 815 816 
4 
813 815 816 916 
3 
813 814 816 
3 
813 814 815 
3 
818 819 820 
3 
817 819 820 
3 
817 818 820 
3 
817 818 819 
3 
822 823 824 
6 
177 180 472 821 823 824 
4 
180 821 822 824 
3 
821 822 823 
3 
826 827 828 
3 
825 827 828 
4 
462 825 826 828 
5 
461 462 825 826 827 
4 
830 831 832 988 
6 
377 829 831 832 987 988 
5 
377 380 829 830 832 
3 
829 830 831 
3 
834 835 836 
3 
833 835 836 
3 
833 834 836 
4 
86 833 834 835 
10 
101 104 301 302 303 304 478 838 839 840 
9 
101 102 103 104 302 303 837 839 840 
7 
103 104 303 785 837 838 840 
8 
104 303 304 478 479 837 838 839 
5 
313 314 842 843 844 
4 
314 841 843 844 
5 
314 315 841 842 844 
7 
313 314 315 316 841 842 843 
6 
557 560 846 847 848 946 
8 
216 557 558 559 560 845 847 848 
5 
559 560 845 846 848 
6 
560 845 846 847 946 947 
3 
850 851 852 
3 
849 851 852 
3 
849 850 852 
3 
849 850 851 
3 
854 855 856 
3 
853 855 856 
3 
853 854 856 
4 
446 853 854 855 
4 
393 858 859 860 
5 
393 394 857 859 860 
7 
393 394 395 396 857 858 860 
5 
393 396 857 858 859 
3 
862 863 864 
3 
861 863 864 
3 
861 862 864 
3 
861 862 863 
3 
866 867 868 
3 
865 867 868 
3 
865 866 868 
4 
865 866 867 886 
3 
870 871 872 
3 
869 871 872 
3 
869 870 872 
3 
869 870 871 
3 
874 875 876 
4 
641 873 875 876 
5 
641 644 873 874 876 
4 
346 873 874 875 
5 
878 879 880 940 994 
5 
877 879 880 939 940 
3 
877 878 880 
4 
877 878 879 995 
3 
882 883 884 
5 
481 484 881 883 884 
4 
484 881 882 884 
3 
881 882 883 
3 
886 887 888 
4 
868 885 887 888 
4 
750 885 886 888 
5 
749 750 885 886 887 
3 
890 891 892 
3 
889 891 892 
4 
550 889 890 892 
5 
549 550 889 890 891 
4 
47 894 895 896 
4 
453 893 895 896 
4 
456 893 894 896 
3 
893 894 895 
3 
898 899 900 
3 
897 899 900 
3 
897 898 900 
3 
897 898 899 
5 
717 718 902 903 904 
4 
718 901 903 904 
5 
718 719 901 902 904 
7 
717 718 719 720 901 902 903 
3 
906 907 908 
3 
905 907 908 
3 
905 906 908 
3 
905 906 907 
4 
32 910 911 912 
5 
31 32 909 911 912 
3 
909 910 912 
3 
909 910 911 
5 
795 796 914 915 916 
4 
795 913 915 916 
3 
913 914 916 
4 
814 913 914 915 
6 
171 172 671 918 919 920 
4 
171 917 919 920 
6 
65 66 474 917 918 920 
7 
65 473 474 694 917 918 919 
3 
922 923 924 
3 
921 923 924 
3 
921 922 924 
3 
921 922 923 
3 
926 927 928 
5 
409 412 925 927 928 
4 
412 925 926 928 
3 
925 926 927 
3 
930 931 932 
3 
929 931 932 
3 
929 930 932 
3 
929 930 931 
6 
166 625 626 934 935 936 
4 
626 933 935 936 
5 
626 627 933 934 936 
9 
166 167 625 626 627 628 933 934 935 
3 
938 939 940 
3 
937 939 940 
4 
878 937 938 940 
6 
877 878 937 938 939 994 
3 
942 943 944 
5 
497 500 941 943 944 
4 
500 941 942 944 
4 
6 941 942 943 
3 
946 947 948 
7 
557 560 845 848 945 947 948 
6 
560 725 848 945 946 948 
3 
945 946 947 
5 
25 26 950 951 952 
4 
26 949 951 952 
4 
27 949 950 952 
5 
27 28 949 950 951 
5 
323 324 954 955 956 
4 
323 953 955 956 
3 
953 954 956 
3 
953 954 955 
3 
958 959 960 
3 
957 959 960 
3 
957 958 960 
3 
957 958 959 
3 
962 963 964 
3 
961 963 964 
3 
961 962 964 
3 
961 962 963 
8 
133 134 135 136 753 966 967 968 
7 
134 135 753 754 965 967 968 
8 
135 753 754 755 756 965 966 968 
7 
135 136 753 756 965 966 967 
3 
970 971 972 
3 
969 971 972 
5 
529 530 969 970 972 
4 
529 969 970 971 
3 
974 975 976 
3 
973 975 976 
3 
973 974 976 
3 
973 974 975 
4 
48 978 979 980 
5 
47 48 977 979 980 
3 
977 978 980 
3 
977 978 979 
5 
679 680 982 983 984 
4 
679 981 983 984 
3 
981 982 984 
3 
981 982 983 
3 
986 987 988 
5 
49 52 985 987 988 
7 
52 377 378 830 985 986 988 
6 
377 829 830 985 986 987 
3 
990 991 992 
3 
989 991 992 
3 
989 990 992 
4 
422 989 990 991 
3 
994 995 996 
5 
877 940 993 995 996 
4 
880 993 994 996 
3 
993 994 995 
3 
998 999 1000 
3 
997 999 1000 
3 
997 998 1000 
3 
997 998 999 