
250 
4 
5 
2 3 4 162 163 
3 
1 3 4 
3 
1 2 4 
4 
1 2 3 163 
5 
6 7 8 182 183 
3 
5 7 8 
3 
5 6 8 
4 
5 6 7 183 
5 
10 11 12 305 308 
7 
9 11 12 305 306 307 308 
8 
9 10 12 307 308 385 521 522 
5 
9 10 11 308 521 
3 
14 15 16 
3 
13 15 16 
4 
13 14 16 653 
3 
13 14 15 
3 
18 19 20 
3 
17 19 20 
3 
17 18 20 
3 
17 18 19 
7 
22 23 24 681 682 683 684 
6 
21 23 24 682 683 881 
6 
21 22 24 683 881 884 
5 
21 22 23 683 684 
10 
26 27 28 443 444 605 606 607 608 690 
6 
25 27 28 443 606 607 
5 
25 26 28 490 607 
9 
25 26 27 489 490 607 608 690 691 
3 
30 31 32 
4 
29 31 32 428 
3 
29 30 32 
3 
29 30 31 
3 
34 35 36 
3 
33 35 36 
3 
33 34 36 
3 
33 34 35 
5 
38 39 40 667 668 
4 
37 39 40 667 
3 
37 38 40 
3 
37 38 39 
4 
42 43 44 50 
3 
41 43 44 
3 
41 42 44 
5 
41 42 43 50 51 
5 
46 47 48 158 823 
3 
45 47 48 
3 
45 46 48 
5 
45 46 47 158 159 
3 
50 51 52 
5 
41 44 49 51 52 
4 
44 49 50 52 
3 
49 50 51 
3 
54 55 56 
3 
53 55 56 
3 
53 54 56 
3 
53 54 55 
3 
58 59 60 
4 
57 59 60 73 
4 
57 58 60 76 
3 
57 58 59 
7 
62 63 64 121 122 123 124 
5 
61 63 64 122 123 
4 
61 62 64 123 
5 
61 62 63 123 124 
3 
66 67 68 
3 
65 67 68 
3 
65 66 68 
3 
65 66 67 
3 
70 71 72 
3 
69 71 72 
3 
69 70 72 
3 
69 70 71 
4 
58 74 75 76 
3 
73 75 76 
3 
73 74 76 
4 
59 73 74 75 
7 
78 79 80 362 363 581 584 
8 
77 79 80 581 582 583 584 853 
7 
77 78 80 583 584 853 856 
5 
77 78 79 363 584 
6 
82 83 84 666 886 887 
5 
81 83 84 440 781 
5 
81 82 84 781 784 
6 
81 82 83 666 667 887 
4 
86 87 88 982 
3 
85 87 88 
3 
85 86 88 
4 
85 86 87 983 
8 
90 91 92 301 304 405 408 968 
14 
89 91 92 301 302 303 304 405 406 407 408 657 967 968 
9 
89 90 92 303 304 407 408 657 660 
5 
89 90 91 304 408 
5 
94 95 96 233 236 
7 
93 95 96 233 234 235 236 
5 
93 94 96 235 236 
4 
93 94 95 236 
8 
98 99 100 195 196 423 957 960 
8 
97 99 100 195 957 958 959 960 
5 
97 98 100 959 960 
4 
97 98 99 960 
3 
102 103 104 
3 
101 103 104 
3 
101 102 104 
3 
101 102 103 
3 
106 107 108 
3 
105 107 108 
3 
105 106 108 
3 
105 106 107 
7 
110 111 112 261 262 263 264 
5 
109 111 112 262 263 
8 
109 110 112 263 677 678 705 706 
7 
109 110 111 263 264 677 705 
3 
114 115 116 
5 
113 115 116 849 852 
4 
113 114 116 852 
3 
113 114 115 
3 
118 119 120 
3 
117 119 120 
3 
117 118 120 
3 
117 118 119 
4 
61 122 123 124 
5 
61 62 121 123 124 
7 
61 62 63 64 121 122 124 
5 
61 64 121 122 123 
6 
126 127 128 414 415 616 
5 
125 127 128 615 616 
3 
125 126 128 
4 
125 126 127 415 
3 
130 131 132 
3 
129 131 132 
3 
129 130 132 
3 
129 130 131 
7 
134 135 136 777 778 779 780 
5 
133 135 136 778 779 
4 
133 134 136 779 
5 
133 134 135 779 780 
4 
138 139 140 654 
4 
137 139 140 365 
5 
137 138 140 365 368 
5 
137 138 139 654 655 
4 
142 143 144 718 
3 
141 143 144 
3 
141 142 144 
5 
141 142 143 718 719 
6 
146 147 148 594 874 875 
5 
145 147 148 921 924 
4 
145 146 148 924 
6 
145 146 147 594 595 875 
7 
150 151 152 230 231 953 954 
4 
149 151 152 954 
5 
149 150 152 954 955 
8 
149 150 151 231 953 954 955 956 
3 
154 155 156 
3 
153 155 156 
3 
153 154 156 
3 
153 154 155 
6 
158 159 160 461 462 824 
8 
45 48 157 159 160 462 823 824 
6 
48 157 158 160 462 463 
7 
157 158 159 461 462 463 464 
3 
162 163 164 
4 
1 161 163 164 
5 
1 4 161 162 164 
3 
161 162 163 
3 
166 167 168 
3 
165 167 168 
3 
165 166 168 
4 
165 166 167 894 
6 
170 171 172 532 697 698 
6 
169 171 172 531 532 698 
5 
169 170 172 390 699 
7 
169 170 171 389 390 699 700 
3 
174 175 176 
4 
173 175 176 249 
5 
173 174 176 249 252 
3 
173 174 175 
3 
178 179 180 
3 
177 179 180 
3 
177 178 180 
3 
177 178 179 
3 
182 183 184 
4 
5 181 183 184 
5 
5 8 181 182 184 
3 
181 182 183 
10 
186 187 188 385 386 387 388 522 523 612 
7 
185 187 188 386 387 611 612 
4 
185 186 188 387 
6 
185 186 187 387 388 523 
3 
190 191 192 
3 
189 191 192 
3 
189 190 192 
4 
189 190 191 882 
7 
194 195 196 211 212 421 422 
5 
193 195 196 211 422 
9 
97 98 193 194 196 422 423 957 958 
9 
97 193 194 195 421 422 423 424 957 
5 
198 199 200 329 332 
8 
197 199 200 329 330 331 332 533 
7 
197 198 200 331 332 533 536 
4 
197 198 199 332 
3 
202 203 204 
3 
201 203 204 
3 
201 202 204 
3 
201 202 203 
3 
206 207 208 
3 
205 207 208 
3 
205 206 208 
3 
205 206 207 
3 
210 211 212 
3 
209 211 212 
5 
193 194 209 210 212 
4 
193 209 210 211 
3 
214 215 216 
3 
213 215 216 
3 
213 214 216 
3 
213 214 215 
5 
218 219 220 761 762 
4 
217 219 220 762 
5 
217 218 220 762 763 
7 
217 218 219 761 762 763 764 
3 
222 223 224 
3 
221 223 224 
3 
221 222 224 
3 
221 222 223 
3 
226 227 228 
3 
225 227 228 
3 
225 226 228 
3 
225 226 227 
3 
230 231 232 
5 
149 229 231 232 953 
7 
149 152 229 230 232 953 956 
3 
229 230 231 
5 
93 94 234 235 236 
4 
94 233 235 236 
5 
94 95 233 234 236 
7 
93 94 95 96 233 234 235 
4 
238 239 240 724 
5 
237 239 240 723 724 
3 
237 238 240 
3 
237 238 239 
4 
242 243 244 938 
3 
241 243 244 
3 
241 242 244 
5 
241 242 243 938 939 
5 
246 247 248 339 340 
4 
245 247 248 339 
3 
245 246 248 
3 
245 246 247 
5 
174 175 250 251 252 
3 
249 251 252 
3 
249 250 252 
4 
175 249 250 251 
3 
254 255 256 
3 
253 255 256 
3 
253 254 256 
3 
253 254 255 
4 
258 259 260 628 
5 
257 259 260 627 628 
5 
257 258 260 973 974 
5 
257 258 259 378 973 
4 
109 262 263 264 
5 
109 110 261 263 264 
9 
109 110 111 112 261 262 264 677 705 
5 
109 112 261 262 263 
4 
266 267 268 392 
5 
265 267 268 391 392 
3 
265 266 268 
3 
265 266 267 
3 
270 271 272 
5 
269 271 272 289 292 
6 
269 270 272 292 825 826 
4 
269 270 271 825 
3 
274 275 276 
3 
273 275 276 
4 
273 274 276 930 
5 
273 274 275 929 930 
3 
278 279 280 
3 
277 279 280 
4 
277 278 280 469 
3 
277 278 279 
3 
282 283 284 
3 
281 283 284 
3 
281 282 284 
3 
281 282 283 
3 
286 287 288 
3 
285 287 288 
3 
285 286 288 
3 
285 286 287 
4 
270 290 291 292 
5 
289 291 292 369 372 
5 
289 290 292 372 826 
7 
270 271 289 290 291 825 826 
3 
294 295 296 
5 
293 295 296 777 780 
5 
293 294 296 353 780 
3 
293 294 295 
3 
298 299 300 
3 
297 299 300 
3 
297 298 300 
3 
297 298 299 
9 
89 90 302 303 304 405 406 965 968 
7 
90 301 303 304 406 966 967 
9 
90 91 301 302 304 406 407 657 967 
12 
89 90 91 92 301 302 303 405 406 407 408 968 
5 
9 10 306 307 308 
4 
10 305 307 308 
5 
10 11 305 306 308 
7 
9 10 11 12 305 306 307 
3 
310 311 312 
3 
309 311 312 
3 
309 310 312 
3 
309 310 311 
3 
314 315 316 
3 
313 315 316 
3 
313 314 316 
3 
313 314 315 
3 
318 319 320 
3 
317 319 320 
3 
317 318 320 
3 
317 318 319 
5 
322 323 324 685 688 
7 
321 323 324 685 686 687 688 
5 
321 322 324 687 688 
4 
321 322 323 688 
5 
326 327 328 805 806 
4 
325 327 328 806 
7 
325 326 328 806 807 905 906 
8 
325 326 327 805 806 807 808 905 
7 
197 198 330 331 332 519 520 
5 
198 329 331 332 519 
7 
198 199 329 330 332 533 534 
8 
197 198 199 200 329 330 331 533 
4 
334 335 336 479 
3 
333 335 336 
3 
333 334 336 
3 
333 334 335 
4 
338 339 340 636 
6 
337 339 340 512 635 636 
5 
245 246 337 338 340 
4 
245 337 338 339 
4 
342 343 344 979 
3 
341 343 344 
3 
341 342 344 
3 
341 342 343 
3 
346 347 348 
3 
345 347 348 
3 
345 346 348 
3 
345 346 347 
4 
350 351 352 544 
5 
349 351 352 543 544 
3 
349 350 352 
3 
349 350 351 
4 
295 354 355 356 
3 
353 355 356 
3 
353 354 356 
3 
353 354 355 
3 
358 359 360 
3 
357 359 360 
5 
357 358 360 621 622 
4 
357 358 359 621 
3 
362 363 364 
5 
77 361 363 364 581 
7 
77 80 361 362 364 581 584 
3 
361 362 363 
5 
138 139 366 367 368 
3 
365 367 368 
3 
365 366 368 
4 
139 365 366 367 
5 
290 370 371 372 919 
3 
369 371 372 
3 
369 370 372 
5 
290 291 369 370 371 
3 
374 375 376 
3 
373 375 376 
3 
373 374 376 
3 
373 374 375 
3 
378 379 380 
4 
260 377 379 380 
3 
377 378 380 
3 
377 378 379 
4 
382 383 384 942 
3 
381 383 384 
3 
381 382 384 
5 
381 382 383 942 943 
7 
11 185 386 387 388 521 522 
8 
185 186 385 387 388 522 609 612 
9 
185 186 187 188 385 386 388 523 612 
7 
185 188 385 386 387 523 524 
5 
172 390 391 392 700 
7 
171 172 389 391 392 699 700 
4 
266 389 390 392 
5 
265 266 389 390 391 
3 
394 395 396 
3 
393 395 396 
3 
393 394 396 
3 
393 394 395 
3 
398 399 400 
3 
397 399 400 
3 
397 398 400 
3 
397 398 399 
3 
402 403 404 
3 
401 403 404 
3 
401 402 404 
3 
401 402 403 
8 
89 90 301 304 406 407 408 968 
10 
90 301 302 303 304 405 407 408 967 968 
8 
90 91 303 304 405 406 408 657 
8 
89 90 91 92 304 405 406 407 
3 
410 411 412 
3 
409 411 412 
3 
409 410 412 
3 
409 410 411 
3 
414 415 416 
6 
125 413 415 416 613 616 
6 
125 128 413 414 416 616 
3 
413 414 415 
3 
418 419 420 
3 
417 419 420 
3 
417 418 420 
3 
417 418 419 
5 
193 196 422 423 424 
8 
193 194 195 196 421 423 424 957 
8 
97 195 196 421 422 424 957 960 
4 
196 421 422 423 
3 
426 427 428 
3 
425 427 428 
3 
425 426 428 
4 
30 425 426 427 
3 
430 431 432 
3 
429 431 432 
3 
429 430 432 
3 
429 430 431 
3 
434 435 436 
3 
433 435 436 
3 
433 434 436 
3 
433 434 435 
3 
438 439 440 
3 
437 439 440 
3 
437 438 440 
4 
82 437 438 439 
3 
442 443 444 
3 
441 443 444 
6 
25 26 441 442 444 606 
5 
25 441 442 443 605 
3 
446 447 448 
3 
445 447 448 
3 
445 446 448 
4 
445 446 447 866 
3 
450 451 452 
3 
449 451 452 
3 
449 450 452 
3 
449 450 451 
5 
454 455 456 733 736 
7 
453 455 456 733 734 735 736 
5 
453 454 456 735 736 
4 
453 454 455 736 
3 
458 459 460 
3 
457 459 460 
5 
457 458 460 841 842 
4 
457 458 459 841 
5 
157 160 462 463 464 
7 
157 158 159 160 461 463 464 
5 
159 160 461 462 464 
4 
160 461 462 463 
3 
466 467 468 
5 
465 467 468 889 892 
4 
465 466 468 892 
3 
465 466 467 
4 
279 470 471 472 
4 
469 471 472 809 
6 
469 470 472 546 809 812 
5 
469 470 471 545 546 
3 
474 475 476 
3 
473 475 476 
3 
473 474 476 
3 
473 474 475 
3 
478 479 480 
3 
477 479 480 
4 
333 477 478 480 
3 
477 478 479 
3 
482 483 484 
4 
481 483 484 772 
3 
481 482 484 
3 
481 482 483 
3 
486 487 488 
3 
485 487 488 
4 
485 486 488 877 
3 
485 486 487 
6 
28 490 491 492 690 691 
5 
27 28 489 491 492 
3 
489 490 492 
4 
489 490 491 691 
3 
494 495 496 
3 
493 495 496 
3 
493 494 496 
4 
493 494 495 986 
7 
498 499 500 589 590 591 592 
5 
497 499 500 590 591 
4 
497 498 500 591 
5 
497 498 499 591 592 
3 
502 503 504 
3 
501 503 504 
5 
501 502 504 817 818 
4 
501 502 503 817 
3 
506 507 508 
3 
505 507 508 
3 
505 506 508 
3 
505 506 507 
7 
510 511 512 633 634 635 636 
5 
509 511 512 634 635 
4 
509 510 512 635 
6 
338 509 510 511 635 636 
4 
514 515 516 750 
3 
513 515 516 
3 
513 514 516 
4 
513 514 515 751 
3 
518 519 520 
3 
517 519 520 
5 
329 330 517 518 520 
4 
329 517 518 519 
6 
11 12 385 522 523 524 
9 
11 185 385 386 521 523 524 609 612 
8 
185 188 387 388 521 522 524 612 
4 
388 521 522 523 
3 
526 527 528 
3 
525 527 528 
3 
525 526 528 
3 
525 526 527 
3 
530 531 532 
3 
529 531 532 
5 
170 529 530 532 698 
7 
169 170 529 530 531 697 698 
7 
198 199 331 332 534 535 536 
4 
331 533 535 536 
3 
533 534 536 
4 
199 533 534 535 
3 
538 539 540 
3 
537 539 540 
3 
537 538 540 
3 
537 538 539 
3 
542 543 544 
3 
541 543 544 
4 
350 541 542 544 
5 
349 350 541 542 543 
4 
472 546 547 548 
5 
471 472 545 547 548 
3 
545 546 548 
3 
545 546 547 
4 
550 551 552 696 
5 
549 551 552 695 696 
3 
549 550 552 
3 
549 550 551 
3 
554 555 556 
3 
553 555 556 
5 
553 554 556 649 650 
4 
553 554 555 649 
5 
558 559 560 990 991 
3 
557 559 560 
3 
557 558 560 
4 
557 558 559 991 
5 
562 563 564 998 999 
3 
561 563 564 
3 
561 562 564 
4 
561 562 563 999 
3 
566 567 568 
3 
565 567 568 
3 
565 566 568 
3 
565 566 567 
4 
570 571 572 939 
3 
569 571 572 
3 
569 570 572 
3 
569 570 571 
3 
574 575 576 
3 
573 575 576 
3 
573 574 576 
3 
573 574 575 
3 
578 579 580 
3 
577 579 580 
3 
577 578 580 
3 
577 578 579 
7 
77 78 362 363 582 583 584 
4 
78 581 583 584 
6 
78 79 581 582 584 853 
8 
77 78 79 80 363 581 582 583 
3 
586 587 588 
3 
585 587 588 
3 
585 586 588 
3 
585 586 587 
5 
497 590 591 592 844 
7 
497 498 589 591 592 843 844 
7 
497 498 499 500 589 590 592 
5 
497 500 589 590 591 
7 
594 595 596 873 874 875 876 
7 
145 148 593 595 596 874 875 
5 
148 593 594 596 875 
5 
593 594 595 875 876 
3 
598 599 600 
3 
597 599 600 
3 
597 598 600 
3 
597 598 599 
4 
602 603 604 720 
5 
601 603 604 719 720 
3 
601 602 604 
3 
601 602 603 
5 
25 444 606 607 608 
6 
25 26 443 605 607 608 
8 
25 26 27 28 605 606 608 690 
7 
25 28 605 606 607 689 690 
5 
386 522 610 611 612 
3 
609 611 612 
5 
186 609 610 612 637 
9 
185 186 386 387 522 523 609 610 611 
4 
414 614 615 616 
3 
613 615 616 
4 
126 613 614 616 
7 
125 126 414 415 613 614 615 
3 
618 619 620 
3 
617 619 620 
4 
617 618 620 798 
5 
617 618 619 797 798 
5 
359 360 622 623 624 
4 
359 621 623 624 
3 
621 622 624 
3 
621 622 623 
3 
626 627 628 
3 
625 627 628 
4 
258 625 626 628 
5 
257 258 625 626 627 
3 
630 631 632 
3 
629 631 632 
3 
629 630 632 
3 
629 630 631 
4 
509 634 635 636 
5 
509 510 633 635 636 
8 
338 509 510 511 512 633 634 636 
7 
337 338 509 512 633 634 635 
4 
611 638 639 640 
3 
637 639 640 
3 
637 638 640 
3 
637 638 639 
3 
642 643 644 
3 
641 643 644 
3 
641 642 644 
3 
641 642 643 
3 
646 647 648 
3 
645 647 648 
4 
645 646 648 814 
5 
645 646 647 813 814 
5 
555 556 650 651 652 
4 
555 649 651 652 
3 
649 650 652 
3 
649 650 651 
4 
15 654 655 656 
5 
137 140 653 655 656 
4 
140 653 654 656 
3 
653 654 655 
7 
90 91 303 407 658 659 660 
3 
657 659 660 
3 
657 658 660 
4 
91 657 658 659 
3 
662 663 664 
3 
661 663 664 
3 
661 662 664 
3 
661 662 663 
5 
666 667 668 887 888 
6 
81 84 665 667 668 887 
6 
37 38 84 665 666 668 
4 
37 665 666 667 
4 
670 671 672 880 
5 
669 671 672 879 880 
3 
669 670 672 
3 
669 670 671 
3 
674 675 676 
3 
673 675 676 
3 
673 674 676 
3 
673 674 675 
7 
111 112 263 678 679 680 705 
6 
111 677 679 680 705 706 
5 
677 678 680 707 708 
4 
677 678 679 708 
4 
21 682 683 684 
5 
21 22 681 683 684 
8 
21 22 23 24 681 682 684 881 
5 
21 24 681 682 683 
5 
321 322 686 687 688 
4 
322 685 687 688 
5 
322 323 685 686 688 
7 
321 322 323 324 685 686 687 
4 
608 690 691 692 
8 
25 28 489 607 608 689 691 692 
6 
28 489 492 689 690 692 
3 
689 690 691 
3 
694 695 696 
3 
693 695 696 
4 
550 693 694 696 
5 
549 550 693 694 695 
5 
169 532 698 699 700 
7 
169 170 531 532 697 699 700 
6 
171 172 390 697 698 700 
6 
172 389 390 697 698 699 
3 
702 703 704 
3 
701 703 704 
3 
701 702 704 
3 
701 702 703 
8 
111 112 263 677 678 706 707 708 
5 
111 678 705 707 708 
4 
679 705 706 708 
5 
679 680 705 706 707 
3 
710 711 712 
3 
709 711 712 
3 
709 710 712 
3 
709 710 711 
3 
714 715 716 
3 
713 715 716 
3 
713 714 716 
3 
713 714 715 
5 
718 719 720 795 796 
6 
141 144 717 719 720 795 
5 
144 602 717 718 720 
5 
601 602 717 718 719 
3 
722 723 724 
3 
721 723 724 
4 
238 721 722 724 
5 
237 238 721 722 723 
3 
726 727 728 
3 
725 727 728 
3 
725 726 728 
3 
725 726 727 
3 
730 731 732 
3 
729 731 732 
3 
729 730 732 
3 
729 730 731 
5 
453 454 734 735 736 
4 
454 733 735 736 
5 
454 455 733 734 736 
7 
453 454 455 456 733 734 735 
3 
738 739 740 
3 
737 739 740 
3 
737 738 740 
3 
737 738 739 
3 
742 743 744 
3 
741 743 744 
3 
741 742 744 
3 
741 742 743 
3 
746 747 748 
3 
745 747 748 
3 
745 746 748 
3 
745 746 747 
3 
750 751 752 
4 
513 749 751 752 
4 
516 749 750 752 
3 
749 750 751 
5 
754 755 756 826 827 
3 
753 755 756 
3 
753 754 756 
4 
753 754 755 827 
3 
758 759 760 
3 
757 759 760 
3 
757 758 760 
3 
757 758 759 
5 
217 220 762 763 764 
7 
217 218 219 220 761 763 764 
5 
219 220 761 762 764 
4 
220 761 762 763 
3 
766 767 768 
3 
765 767 768 
3 
765 766 768 
4 
765 766 767 774 
3 
770 771 772 
3 
769 771 772 
3 
769 770 772 
4 
482 769 770 771 
3 
774 775 776 
4 
768 773 775 776 
3 
773 774 776 
3 
773 774 775 
5 
133 294 778 779 780 
5 
133 134 777 779 780 
7 
133 134 135 136 777 778 780 
7 
133 136 294 295 777 778 779 
5 
82 83 782 783 784 
3 
781 783 784 
3 
781 782 784 
4 
83 781 782 783 
3 
786 787 788 
3 
785 787 788 
3 
785 786 788 
3 
785 786 787 
3 
790 791 792 
3 
789 791 792 
3 
789 790 792 
3 
789 790 791 
3 
794 795 796 
3 
793 795 796 
5 
717 718 793 794 796 
4 
717 793 794 795 
4 
620 798 799 800 
5 
619 620 797 799 800 
3 
797 798 800 
3 
797 798 799 
3 
802 803 804 
3 
801 803 804 
3 
801 802 804 
3 
801 802 803 
5 
325 328 806 807 808 
7 
325 326 327 328 805 807 808 
6 
327 328 805 806 808 905 
4 
328 805 806 807 
5 
470 471 810 811 812 
3 
809 811 812 
3 
809 810 812 
4 
471 809 810 811 
4 
648 814 815 816 
5 
647 648 813 815 816 
3 
813 814 816 
3 
813 814 815 
5 
503 504 818 819 820 
4 
503 817 819 820 
3 
817 818 820 
3 
817 818 819 
3 
822 823 824 
3 
821 823 824 
5 
45 158 821 822 824 
5 
157 158 821 822 823 
6 
271 272 292 826 827 828 
7 
271 291 292 753 825 827 828 
5 
753 756 825 826 828 
3 
825 826 827 
3 
830 831 832 
3 
829 831 832 
3 
829 830 832 
3 
829 830 831 
3 
834 835 836 
3 
833 835 836 
3 
833 834 836 
3 
833 834 835 
3 
838 839 840 
3 
837 839 840 
3 
837 838 840 
3 
837 838 839 
5 
459 460 842 843 844 
4 
459 841 843 844 
4 
590 841 842 844 
5 
589 590 841 842 843 
3 
846 847 848 
3 
845 847 848 
3 
845 846 848 
3 
845 846 847 
4 
114 850 851 852 
3 
849 851 852 
3 
849 850 852 
5 
114 115 849 850 851 
6 
78 79 583 854 855 856 
3 
853 855 856 
3 
853 854 856 
4 
79 853 854 855 
3 
858 859 860 
3 
857 859 860 
3 
857 858 860 
3 
857 858 859 
3 
862 863 864 
3 
861 863 864 
3 
861 862 864 
3 
861 862 863 
3 
866 867 868 
4 
448 865 867 868 
3 
865 866 868 
3 
865 866 867 
3 
870 871 872 
3 
869 871 872 
3 
869 870 872 
3 
869 870 871 
4 
593 874 875 876 
6 
145 593 594 873 875 876 
9 
145 148 593 594 595 596 873 874 876 
5 
593 596 873 874 875 
4 
487 878 879 880 
3 
877 879 880 
4 
670 877 878 880 
5 
669 670 877 878 879 
6 
22 23 683 882 883 884 
4 
192 881 883 884 
3 
881 882 884 
4 
23 881 882 883 
3 
886 887 888 
4 
81 885 887 888 
7 
81 84 665 666 885 886 888 
4 
665 885 886 887 
4 
466 890 891 892 
3 
889 891 892 
3 
889 890 892 
5 
466 467 889 890 891 
3 
894 895 896 
4 
168 893 895 896 
3 
893 894 896 
3 
893 894 895 
3 
898 899 900 
3 
897 899 900 
3 
897 898 900 
4 
897 898 899 906 
3 
902 903 904 
3 
901 903 904 
3 
901 902 904 
3 
901 902 903 
6 
327 328 807 906 907 908 
5 
327 900 905 907 908 
3 
905 906 908 
3 
905 906 907 
3 
910 911 912 
3 
909 911 912 
3 
909 910 912 
3 
909 910 911 
3 
914 915 916 
3 
913 915 916 
3 
913 914 916 
3 
913 914 915 
3 
918 919 920 
3 
917 919 920 
4 
369 917 918 920 
3 
917 918 919 
4 
146 922 923 924 
3 
921 923 924 
3 
921 922 924 
5 
146 147 921 922 923 
3 
926 927 928 
3 
925 927 928 
3 
925 926 928 
3 
925 926 927 
4 
276 930 931 932 
5 
275 276 929 931 932 
5 
929 930 932 965 966 
4 
929 930 931 965 
3 
934 935 936 
3 
933 935 936 
3 
933 934 936 
3 
933 934 935 
3 
938 939 940 
5 
241 244 937 939 940 
5 
244 569 937 938 940 
3 
937 938 939 
3 
942 943 944 
5 
381 384 941 943 944 
4 
384 941 942 944 
3 
941 942 943 
3 
946 947 948 
3 
945 947 948 
3 
945 946 948 
3 
945 946 947 
3 
950 951 952 
3 
949 951 952 
3 
949 950 952 
3 
949 950 951 
7 
149 152 230 231 954 955 956 
7 
149 150 151 152 953 955 956 
5 
151 152 953 954 956 
5 
152 231 953 954 955 
9 
97 98 195 196 422 423 958 959 960 
5 
98 195 957 959 960 
5 
98 99 957 958 960 
8 
97 98 99 100 423 957 958 959 
3 
962 963 964 
3 
961 963 964 
3 
961 962 964 
3 
961 962 963 
6 
301 931 932 966 967 968 
5 
302 931 965 967 968 
7 
90 302 303 406 965 966 968 
9 
89 90 301 304 405 406 965 966 967 
3 
970 971 972 
3 
969 971 972 
3 
969 970 972 
3 
969 970 971 
5 
259 260 974 975 976 
5 
259 973 975 976 997 
5 
973 974 976 997 1000 
3 
973 974 975 
3 
978 979 980 
3 
977 979 980 
4 
341 977 978 980 
3 
977 978 979 
3 
982 983 984 
4 
85 981 983 984 
4 
88 981 982 984 
3 
981 982 983 
3 
986 987 988 
4 
496 985 987 988 
3 
985 986 988 
3 
985 986 987 
3 
990 991 992 
4 
557 989 991 992 
5 
557 560 989 990 992 
3 
989 990 991 
3 
994 995 996 
3 
993 995 996 
3 
993 994 996 
3 
993 994 995 
5 
974 975 998 999 1000 
4 
561 997 999 1000 
5 
561 564 997 998 1000 
4 
975 997 998 999 