
250 
4 
3 
2 3 4 
3 
1 3 4 
3 
1 2 4 
3 
1 2 3 
5 
6 7 8 217 220 
8 
5 7 8 217 218 219 220 233 
7 
5 6 8 219 220 233 236 
4 
5 6 7 220 
9 
10 11 12 937 938 939 940 967 968 
6 
9 11 12 938 939 967 
4 
9 10 12 939 
5 
9 10 11 939 940 
3 
14 15 16 
3 
13 15 16 
3 
13 14 16 
4 
13 14 15 438 
5 
18 19 20 602 841 
5 
17 19 20 841 842 
9 
17 18 20 58 841 842 843 844 969 
9 
17 18 19 57 58 602 603 841 844 
3 
22 23 24 
3 
21 23 24 
3 
21 22 24 
3 
21 22 23 
5 
26 27 28 947 948 
4 
25 27 28 947 
3 
25 26 28 
3 
25 26 27 
3 
30 31 32 
3 
29 31 32 
3 
29 30 32 
3 
29 30 31 
3 
34 35 36 
3 
33 35 36 
3 
33 34 36 
3 
33 34 35 
3 
38 39 40 
3 
37 39 40 
3 
37 38 40 
3 
37 38 39 
8 
42 43 44 171 739 740 819 820 
5 
41 43 44 739 819 
3 
41 42 44 
4 
41 42 43 466 
4 
46 47 48 137 
5 
45 47 48 137 138 
5 
45 46 48 139 140 
4 
45 46 47 140 
3 
50 51 52 
5 
49 51 52 869 872 
4 
49 50 52 872 
3 
49 50 51 
4 
54 55 56 945 
5 
53 55 56 945 946 
7 
53 54 56 945 946 947 948 
5 
53 54 55 945 948 
7 
20 58 59 60 322 323 603 
8 
19 20 57 59 60 844 969 972 
4 
57 58 60 972 
4 
57 58 59 323 
5 
62 63 64 425 426 
4 
61 63 64 426 
5 
61 62 64 426 427 
7 
61 62 63 425 426 427 428 
5 
66 67 68 269 270 
5 
65 67 68 270 893 
9 
65 66 68 270 271 797 798 893 896 
8 
65 66 67 269 270 271 272 797 
4 
70 71 72 186 
3 
69 71 72 
3 
69 70 72 
5 
69 70 71 186 187 
3 
74 75 76 
4 
73 75 76 120 
3 
73 74 76 
3 
73 74 75 
3 
78 79 80 
5 
77 79 80 369 372 
5 
77 78 80 353 372 
3 
77 78 79 
3 
82 83 84 
3 
81 83 84 
3 
81 82 84 
3 
81 82 83 
6 
86 87 88 556 803 804 
6 
85 87 88 555 556 803 
3 
85 86 88 
3 
85 86 87 
3 
90 91 92 
3 
89 91 92 
3 
89 90 92 
3 
89 90 91 
4 
94 95 96 495 
3 
93 95 96 
4 
93 94 96 522 
5 
93 94 95 521 522 
3 
98 99 100 
3 
97 99 100 
3 
97 98 100 
3 
97 98 99 
3 
102 103 104 
3 
101 103 104 
3 
101 102 104 
3 
101 102 103 
3 
106 107 108 
3 
105 107 108 
3 
105 106 108 
3 
105 106 107 
5 
110 111 112 313 316 
7 
109 111 112 313 314 315 316 
5 
109 110 112 315 316 
5 
109 110 111 316 706 
5 
114 115 116 834 835 
3 
113 115 116 
3 
113 114 116 
4 
113 114 115 835 
3 
118 119 120 
3 
117 119 120 
3 
117 118 120 
4 
74 117 118 119 
3 
122 123 124 
3 
121 123 124 
3 
121 122 124 
3 
121 122 123 
3 
126 127 128 
3 
125 127 128 
4 
125 126 128 614 
5 
125 126 127 613 614 
3 
130 131 132 
3 
129 131 132 
3 
129 130 132 
3 
129 130 131 
4 
134 135 136 925 
5 
133 135 136 925 926 
7 
133 134 136 925 926 927 928 
5 
133 134 135 925 928 
5 
45 46 138 139 140 
4 
46 137 139 140 
4 
47 137 138 140 
5 
47 48 137 138 139 
4 
142 143 144 853 
5 
141 143 144 853 854 
5 
141 142 144 855 856 
4 
141 142 143 856 
5 
146 147 148 496 906 
5 
145 147 148 495 496 
4 
145 146 148 521 
5 
145 146 147 906 907 
7 
150 151 152 481 482 483 484 
5 
149 151 152 482 483 
6 
149 150 152 483 805 806 
6 
149 150 151 483 484 805 
4 
154 155 156 895 
3 
153 155 156 
3 
153 154 156 
3 
153 154 155 
3 
158 159 160 
4 
157 159 160 312 
3 
157 158 160 
3 
157 158 159 
5 
162 163 164 889 892 
8 
161 163 164 689 889 890 891 892 
6 
161 162 164 692 891 892 
4 
161 162 163 892 
3 
166 167 168 
3 
165 167 168 
3 
165 166 168 
3 
165 166 167 
5 
170 171 172 791 792 
6 
169 171 172 737 791 817 
7 
41 169 170 172 737 740 820 
3 
169 170 171 
6 
174 175 176 689 690 890 
4 
173 175 176 690 
5 
173 174 176 690 691 
9 
173 174 175 689 690 691 692 890 891 
3 
178 179 180 
3 
177 179 180 
3 
177 178 180 
3 
177 178 179 
3 
182 183 184 
3 
181 183 184 
3 
181 182 184 
3 
181 182 183 
5 
186 187 188 857 858 
6 
69 72 185 187 188 858 
6 
72 185 186 188 858 859 
7 
185 186 187 857 858 859 860 
3 
190 191 192 
3 
189 191 192 
3 
189 190 192 
3 
189 190 191 
3 
194 195 196 
3 
193 195 196 
3 
193 194 196 
4 
193 194 195 754 
3 
198 199 200 
3 
197 199 200 
3 
197 198 200 
3 
197 198 199 
3 
202 203 204 
3 
201 203 204 
3 
201 202 204 
3 
201 202 203 
3 
206 207 208 
3 
205 207 208 
3 
205 206 208 
3 
205 206 207 
9 
210 211 212 325 772 949 950 951 952 
9 
209 211 212 325 326 771 772 950 951 
8 
209 210 212 325 326 327 328 951 
8 
209 210 211 325 328 606 951 952 
3 
214 215 216 
3 
213 215 216 
3 
213 214 216 
3 
213 214 215 
5 
5 6 218 219 220 
5 
6 217 219 220 233 
7 
6 7 217 218 220 233 236 
7 
5 6 7 8 217 218 219 
7 
222 223 224 473 474 521 524 
8 
221 223 224 474 521 522 523 524 
7 
221 222 224 474 475 523 524 
8 
221 222 223 473 474 475 476 524 
3 
226 227 228 
3 
225 227 228 
3 
225 226 228 
3 
225 226 227 
5 
230 231 232 349 352 
7 
229 231 232 349 350 351 352 
5 
229 230 232 351 352 
4 
229 230 231 352 
7 
6 7 218 219 234 235 236 
3 
233 235 236 
3 
233 234 236 
5 
7 219 233 234 235 
3 
238 239 240 
3 
237 239 240 
3 
237 238 240 
3 
237 238 239 
3 
242 243 244 
3 
241 243 244 
3 
241 242 244 
3 
241 242 243 
3 
246 247 248 
3 
245 247 248 
3 
245 246 248 
3 
245 246 247 
4 
250 251 252 971 
5 
249 251 252 577 580 
4 
249 250 252 580 
3 
249 250 251 
3 
254 255 256 
3 
253 255 256 
3 
253 254 256 
3 
253 254 255 
3 
258 259 260 
3 
257 259 260 
3 
257 258 260 
3 
257 258 259 
3 
262 263 264 
3 
261 263 264 
4 
261 262 264 734 
5 
261 262 263 733 734 
4 
266 267 268 912 
5 
265 267 268 911 912 
3 
265 266 268 
3 
265 266 267 
5 
65 68 270 271 272 
7 
65 66 67 68 269 271 272 
6 
67 68 269 270 272 797 
4 
68 269 270 271 
3 
274 275 276 
4 
273 275 276 944 
3 
273 274 276 
3 
273 274 275 
3 
278 279 280 
4 
277 279 280 493 
5 
277 278 280 493 496 
4 
277 278 279 830 
3 
282 283 284 
3 
281 283 284 
3 
281 282 284 
3 
281 282 283 
3 
286 287 288 
4 
285 287 288 453 
5 
285 286 288 453 456 
3 
285 286 287 
5 
290 291 292 293 296 
7 
289 291 292 293 294 295 296 
5 
289 290 292 295 296 
5 
289 290 291 296 494 
5 
289 290 294 295 296 
4 
290 293 295 296 
5 
290 291 293 294 296 
7 
289 290 291 292 293 294 295 
3 
298 299 300 
3 
297 299 300 
4 
297 298 300 373 
3 
297 298 299 
4 
302 303 304 965 
5 
301 303 304 965 966 
8 
301 302 304 937 965 966 967 968 
5 
301 302 303 965 968 
3 
306 307 308 
3 
305 307 308 
3 
305 306 308 
3 
305 306 307 
3 
310 311 312 
3 
309 311 312 
3 
309 310 312 
4 
158 309 310 311 
5 
109 110 314 315 316 
4 
110 313 315 316 
5 
110 111 313 314 316 
7 
109 110 111 112 313 314 315 
5 
318 319 320 342 343 
3 
317 319 320 
3 
317 318 320 
4 
317 318 319 343 
5 
322 323 324 601 604 
8 
57 321 323 324 601 602 603 604 
7 
57 60 321 322 324 603 604 
4 
321 322 323 604 
8 
209 210 211 212 326 327 328 951 
5 
210 211 325 327 328 
4 
211 325 326 328 
5 
211 212 325 326 327 
3 
330 331 332 
5 
329 331 332 365 368 
4 
329 330 332 368 
3 
329 330 331 
3 
334 335 336 
3 
333 335 336 
3 
333 334 336 
3 
333 334 335 
4 
338 339 340 860 
5 
337 339 340 859 860 
3 
337 338 340 
3 
337 338 339 
3 
342 343 344 
5 
317 341 343 344 784 
5 
317 320 341 342 344 
3 
341 342 343 
5 
346 347 348 779 780 
4 
345 347 348 779 
3 
345 346 348 
4 
345 346 347 962 
5 
229 230 350 351 352 
4 
230 349 351 352 
5 
230 231 349 350 352 
7 
229 230 231 232 349 350 351 
4 
79 354 355 356 
3 
353 355 356 
3 
353 354 356 
3 
353 354 355 
3 
358 359 360 
3 
357 359 360 
3 
357 358 360 
3 
357 358 359 
3 
362 363 364 
3 
361 363 364 
3 
361 362 364 
3 
361 362 363 
4 
330 366 367 368 
3 
365 367 368 
3 
365 366 368 
5 
330 331 365 366 367 
4 
78 370 371 372 
3 
369 371 372 
3 
369 370 372 
5 
78 79 369 370 371 
4 
299 374 375 376 
3 
373 375 376 
3 
373 374 376 
3 
373 374 375 
3 
378 379 380 
3 
377 379 380 
3 
377 378 380 
3 
377 378 379 
3 
382 383 384 
3 
381 383 384 
3 
381 382 384 
3 
381 382 383 
3 
386 387 388 
3 
385 387 388 
3 
385 386 388 
3 
385 386 387 
3 
390 391 392 
3 
389 391 392 
3 
389 390 392 
3 
389 390 391 
3 
394 395 396 
3 
393 395 396 
3 
393 394 396 
3 
393 394 395 
3 
398 399 400 
3 
397 399 400 
3 
397 398 400 
3 
397 398 399 
5 
402 403 404 913 916 
7 
401 403 404 913 914 915 916 
5 
401 402 404 915 916 
4 
401 402 403 916 
4 
406 407 408 718 
3 
405 407 408 
3 
405 406 408 
5 
405 406 407 718 719 
3 
410 411 412 
3 
409 411 412 
3 
409 410 412 
3 
409 410 411 
5 
414 415 416 847 848 
5 
413 415 416 847 921 
5 
413 414 416 921 924 
3 
413 414 415 
5 
418 419 420 959 960 
4 
417 419 420 959 
3 
417 418 420 
3 
417 418 419 
4 
422 423 424 525 
5 
421 423 424 525 526 
7 
421 422 424 525 526 527 528 
5 
421 422 423 525 528 
5 
61 64 426 427 428 
7 
61 62 63 64 425 427 428 
5 
63 64 425 426 428 
4 
64 425 426 427 
3 
430 431 432 
3 
429 431 432 
5 
429 430 432 629 630 
5 
429 430 431 629 954 
3 
434 435 436 
3 
433 435 436 
3 
433 434 436 
3 
433 434 435 
3 
438 439 440 
4 
16 437 439 440 
3 
437 438 440 
3 
437 438 439 
3 
442 443 444 
4 
441 443 444 621 
5 
441 442 444 624 685 
3 
441 442 443 
8 
446 447 448 570 901 902 903 904 
5 
445 447 448 902 903 
4 
445 446 448 903 
7 
445 446 447 570 571 903 904 
3 
450 451 452 
3 
449 451 452 
3 
449 450 452 
3 
449 450 451 
5 
286 287 454 455 456 
3 
453 455 456 
4 
453 454 456 582 
6 
287 453 454 455 581 582 
5 
458 459 460 591 873 
5 
457 459 460 873 874 
7 
457 458 460 873 874 875 876 
5 
457 458 459 873 876 
5 
462 463 464 997 998 
4 
461 463 464 998 
5 
461 462 464 998 999 
7 
461 462 463 997 998 999 1000 
3 
466 467 468 
4 
44 465 467 468 
3 
465 466 468 
3 
465 466 467 
3 
470 471 472 
5 
469 471 472 685 688 
4 
469 470 472 688 
3 
469 470 471 
5 
221 224 474 475 476 
8 
221 222 223 224 473 475 476 524 
5 
223 224 473 474 476 
4 
224 473 474 475 
3 
478 479 480 
3 
477 479 480 
3 
477 478 480 
3 
477 478 479 
5 
149 482 483 484 863 
5 
149 150 481 483 484 
8 
149 150 151 152 481 482 484 805 
5 
149 152 481 482 483 
5 
486 487 488 559 560 
4 
485 487 488 559 
3 
485 486 488 
3 
485 486 487 
3 
490 491 492 
3 
489 491 492 
3 
489 490 492 
3 
489 490 491 
5 
278 279 494 495 496 
4 
292 493 495 496 
5 
93 146 493 494 496 
7 
145 146 279 493 494 495 906 
3 
498 499 500 
3 
497 499 500 
3 
497 498 500 
3 
497 498 499 
3 
502 503 504 
3 
501 503 504 
3 
501 502 504 
3 
501 502 503 
3 
506 507 508 
3 
505 507 508 
3 
505 506 508 
3 
505 506 507 
3 
510 511 512 
3 
509 511 512 
3 
509 510 512 
3 
509 510 511 
3 
514 515 516 
4 
513 515 516 792 
3 
513 514 516 
3 
513 514 515 
3 
518 519 520 
3 
517 519 520 
3 
517 518 520 
3 
517 518 519 
7 
96 147 221 222 522 523 524 
6 
95 96 222 521 523 524 
5 
222 223 521 522 524 
8 
221 222 223 224 474 521 522 523 
7 
421 422 423 424 526 527 528 
5 
422 423 525 527 528 
4 
423 525 526 528 
5 
423 424 525 526 527 
3 
530 531 532 
3 
529 531 532 
3 
529 530 532 
3 
529 530 531 
5 
534 535 536 735 736 
5 
533 535 536 677 735 
5 
533 534 536 677 680 
3 
533 534 535 
5 
538 539 540 954 955 
5 
537 539 540 629 632 
4 
537 538 540 632 
4 
537 538 539 955 
3 
542 543 544 
3 
541 543 544 
3 
541 542 544 
3 
541 542 543 
3 
546 547 548 
3 
545 547 548 
3 
545 546 548 
3 
545 546 547 
3 
550 551 552 
3 
549 551 552 
3 
549 550 552 
3 
549 550 551 
4 
554 555 556 802 
4 
553 555 556 849 
6 
86 553 554 556 849 852 
7 
85 86 553 554 555 802 803 
4 
558 559 560 704 
5 
557 559 560 703 704 
5 
485 486 557 558 560 
4 
485 557 558 559 
3 
562 563 564 
3 
561 563 564 
3 
561 562 564 
3 
561 562 563 
5 
566 567 568 659 660 
4 
565 567 568 659 
3 
565 566 568 
3 
565 566 567 
3 
570 571 572 
6 
445 448 569 571 572 904 
4 
448 569 570 572 
3 
569 570 571 
3 
574 575 576 
5 
573 575 576 673 676 
4 
573 574 576 676 
3 
573 574 575 
4 
250 578 579 580 
3 
577 579 580 
3 
577 578 580 
5 
250 251 577 578 579 
6 
456 582 583 584 809 810 
6 
455 456 581 583 584 810 
7 
581 582 584 810 811 813 814 
9 
581 582 583 742 809 810 811 812 813 
3 
586 587 588 
3 
585 587 588 
3 
585 586 588 
3 
585 586 587 
3 
590 591 592 
3 
589 591 592 
4 
457 589 590 592 
3 
589 590 591 
3 
594 595 596 
3 
593 595 596 
3 
593 594 596 
3 
593 594 595 
3 
598 599 600 
3 
597 599 600 
3 
597 598 600 
3 
597 598 599 
5 
321 322 602 603 604 
6 
17 20 322 601 603 604 
7 
20 57 322 323 601 602 604 
7 
321 322 323 324 601 602 603 
3 
606 607 608 
4 
212 605 607 608 
3 
605 606 608 
3 
605 606 607 
3 
610 611 612 
3 
609 611 612 
3 
609 610 612 
3 
609 610 611 
5 
128 614 615 616 878 
5 
127 128 613 615 616 
3 
613 614 616 
5 
613 614 615 878 879 
3 
618 619 620 
3 
617 619 620 
3 
617 618 620 
3 
617 618 619 
4 
442 622 623 624 
3 
621 623 624 
4 
621 622 624 686 
6 
443 621 622 623 685 686 
3 
626 627 628 
3 
625 627 628 
3 
625 626 628 
3 
625 626 627 
6 
431 432 538 630 631 632 
4 
431 629 631 632 
3 
629 630 632 
5 
538 539 629 630 631 
3 
634 635 636 
3 
633 635 636 
3 
633 634 636 
3 
633 634 635 
5 
638 639 640 793 794 
4 
637 639 640 794 
4 
637 638 640 795 
5 
637 638 639 795 796 
3 
642 643 644 
5 
641 643 644 725 728 
4 
641 642 644 728 
3 
641 642 643 
4 
646 647 648 778 
3 
645 647 648 
3 
645 646 648 
5 
645 646 647 778 779 
3 
650 651 652 
3 
649 651 652 
3 
649 650 652 
3 
649 650 651 
3 
654 655 656 
3 
653 655 656 
3 
653 654 656 
3 
653 654 655 
3 
658 659 660 
3 
657 659 660 
5 
565 566 657 658 660 
4 
565 657 658 659 
3 
662 663 664 
3 
661 663 664 
3 
661 662 664 
3 
661 662 663 
3 
666 667 668 
3 
665 667 668 
3 
665 666 668 
3 
665 666 667 
3 
670 671 672 
3 
669 671 672 
3 
669 670 672 
3 
669 670 671 
4 
574 674 675 676 
3 
673 675 676 
3 
673 674 676 
5 
574 575 673 674 675 
5 
534 535 678 679 680 
3 
677 679 680 
3 
677 678 680 
4 
535 677 678 679 
3 
682 683 684 
3 
681 683 684 
3 
681 682 684 
3 
681 682 683 
6 
443 470 624 686 687 688 
5 
623 624 685 687 688 
3 
685 686 688 
5 
470 471 685 686 687 
8 
162 173 176 690 691 692 890 891 
7 
173 174 175 176 689 691 692 
5 
175 176 689 690 692 
6 
163 176 689 690 691 891 
3 
694 695 696 
3 
693 695 696 
3 
693 694 696 
3 
693 694 695 
3 
698 699 700 
3 
697 699 700 
3 
697 698 700 
3 
697 698 699 
3 
702 703 704 
3 
701 703 704 
4 
558 701 702 704 
5 
557 558 701 702 703 
3 
706 707 708 
4 
112 705 707 708 
3 
705 706 708 
4 
705 706 707 770 
3 
710 711 712 
3 
709 711 712 
6 
709 710 712 746 865 866 
6 
709 710 711 745 746 865 
3 
714 715 716 
3 
713 715 716 
3 
713 714 716 
3 
713 714 715 
3 
718 719 720 
5 
405 408 717 719 720 
4 
408 717 718 720 
3 
717 718 719 
3 
722 723 724 
3 
721 723 724 
3 
721 722 724 
3 
721 722 723 
4 
642 726 727 728 
3 
725 727 728 
3 
725 726 728 
5 
642 643 725 726 727 
3 
730 731 732 
3 
729 731 732 
3 
729 730 732 
3 
729 730 731 
4 
264 734 735 736 
5 
263 264 733 735 736 
5 
533 534 733 734 736 
4 
533 733 734 735 
8 
170 171 738 739 740 791 817 820 
7 
737 739 740 817 818 819 820 
7 
41 42 737 738 740 819 820 
6 
41 171 737 738 739 820 
3 
742 743 744 
5 
584 741 743 744 812 
3 
741 742 744 
3 
741 742 743 
5 
712 746 747 748 865 
7 
711 712 745 747 748 865 866 
5 
745 746 748 867 868 
4 
745 746 747 868 
3 
750 751 752 
3 
749 751 752 
3 
749 750 752 
3 
749 750 751 
3 
754 755 756 
4 
196 753 755 756 
3 
753 754 756 
3 
753 754 755 
3 
758 759 760 
3 
757 759 760 
3 
757 758 760 
3 
757 758 759 
3 
762 763 764 
3 
761 763 764 
3 
761 762 764 
3 
761 762 763 
3 
766 767 768 
3 
765 767 768 
3 
765 766 768 
3 
765 766 767 
5 
770 771 772 949 950 
5 
708 769 771 772 950 
6 
210 769 770 772 950 951 
9 
209 210 769 770 771 949 950 951 952 
5 
774 775 776 883 884 
4 
773 775 776 883 
3 
773 774 776 
3 
773 774 775 
3 
778 779 780 
5 
645 648 777 779 780 
6 
345 346 648 777 778 780 
4 
345 777 778 779 
3 
782 783 784 
3 
781 783 784 
3 
781 782 784 
4 
342 781 782 783 
3 
786 787 788 
3 
785 787 788 
3 
785 786 788 
3 
785 786 787 
3 
790 791 792 
3 
789 791 792 
7 
169 170 737 789 790 792 817 
5 
169 514 789 790 791 
4 
637 794 795 796 
5 
637 638 793 795 796 
5 
639 640 793 794 796 
4 
640 793 794 795 
7 
67 68 271 798 799 800 896 
6 
67 797 799 800 895 896 
3 
797 798 800 
3 
797 798 799 
3 
802 803 804 
5 
553 556 801 803 804 
6 
85 86 556 801 802 804 
4 
85 801 802 803 
6 
151 152 483 806 807 808 
4 
151 805 807 808 
3 
805 806 808 
3 
805 806 807 
5 
581 584 810 811 812 
7 
581 582 583 584 809 811 812 
7 
583 584 809 810 812 813 814 
6 
584 742 809 810 811 813 
7 
583 584 811 812 814 815 816 
5 
583 811 813 815 816 
3 
813 814 816 
3 
813 814 815 
7 
170 737 738 791 818 819 820 
4 
738 817 819 820 
7 
41 42 738 739 817 818 820 
9 
41 171 737 738 739 740 817 818 819 
7 
822 823 824 981 982 983 984 
5 
821 823 824 982 983 
4 
821 822 824 983 
5 
821 822 823 983 984 
3 
826 827 828 
3 
825 827 828 
3 
825 826 828 
3 
825 826 827 
3 
830 831 832 
4 
280 829 831 832 
4 
829 830 832 905 
3 
829 830 831 
3 
834 835 836 
4 
113 833 835 836 
5 
113 116 833 834 836 
3 
833 834 835 
3 
838 839 840 
3 
837 839 840 
3 
837 838 840 
4 
837 838 839 986 
8 
17 18 19 20 842 843 844 969 
7 
18 19 841 843 844 969 970 
8 
19 841 842 844 969 970 971 972 
8 
19 20 58 841 842 843 969 972 
3 
846 847 848 
3 
845 847 848 
5 
413 414 845 846 848 
4 
413 845 846 847 
5 
554 555 850 851 852 
3 
849 851 852 
3 
849 850 852 
4 
555 849 850 851 
5 
141 142 854 855 856 
4 
142 853 855 856 
4 
143 853 854 856 
5 
143 144 853 854 855 
5 
185 188 858 859 860 
7 
185 186 187 188 857 859 860 
6 
187 188 338 857 858 860 
6 
188 337 338 857 858 859 
3 
862 863 864 
3 
861 863 864 
4 
481 861 862 864 
3 
861 862 863 
7 
711 712 745 746 866 867 868 
5 
711 746 865 867 868 
4 
747 865 866 868 
5 
747 748 865 866 867 
4 
50 870 871 872 
3 
869 871 872 
3 
869 870 872 
5 
50 51 869 870 871 
7 
457 458 459 460 874 875 876 
5 
458 459 873 875 876 
4 
459 873 874 876 
5 
459 460 873 874 875 
3 
878 879 880 
5 
613 616 877 879 880 
4 
616 877 878 880 
3 
877 878 879 
3 
882 883 884 
3 
881 883 884 
5 
773 774 881 882 884 
4 
773 881 882 883 
3 
886 887 888 
3 
885 887 888 
3 
885 886 888 
3 
885 886 887 
5 
161 162 890 891 892 
7 
162 173 176 689 889 891 892 
8 
162 163 176 689 692 889 890 892 
7 
161 162 163 164 889 890 891 
5 
66 67 894 895 896 
3 
893 895 896 
5 
153 798 893 894 896 
6 
67 797 798 893 894 895 
3 
898 899 900 
3 
897 899 900 
3 
897 898 900 
3 
897 898 899 
4 
445 902 903 904 
5 
445 446 901 903 904 
7 
445 446 447 448 901 902 904 
6 
445 448 570 901 902 903 
4 
831 906 907 908 
6 
145 148 496 905 907 908 
4 
148 905 906 908 
3 
905 906 907 
3 
910 911 912 
3 
909 911 912 
4 
266 909 910 912 
5 
265 266 909 910 911 
5 
401 402 914 915 916 
4 
402 913 915 916 
5 
402 403 913 914 916 
7 
401 402 403 404 913 914 915 
7 
918 919 920 989 990 991 992 
5 
917 919 920 990 991 
4 
917 918 920 991 
5 
917 918 919 991 992 
5 
414 415 922 923 924 
3 
921 923 924 
3 
921 922 924 
4 
415 921 922 923 
7 
133 134 135 136 926 927 928 
5 
134 135 925 927 928 
4 
135 925 926 928 
5 
135 136 925 926 927 
3 
930 931 932 
3 
929 931 932 
3 
929 930 932 
3 
929 930 931 
3 
934 935 936 
3 
933 935 936 
3 
933 934 936 
3 
933 934 935 
7 
9 303 938 939 940 967 968 
6 
9 10 937 939 940 967 
7 
9 10 11 12 937 938 940 
5 
9 12 937 938 939 
3 
942 943 944 
3 
941 943 944 
3 
941 942 944 
4 
274 941 942 943 
7 
53 54 55 56 946 947 948 
5 
54 55 945 947 948 
6 
25 26 55 945 946 948 
6 
25 55 56 945 946 947 
6 
209 769 772 950 951 952 
9 
209 210 769 770 771 772 949 951 952 
10 
209 210 211 212 325 771 772 949 950 952 
6 
209 212 772 949 950 951 
3 
954 955 956 
5 
432 537 953 955 956 
5 
537 540 953 954 956 
3 
953 954 955 
3 
958 959 960 
3 
957 959 960 
5 
417 418 957 958 960 
4 
417 957 958 959 
3 
962 963 964 
4 
348 961 963 964 
3 
961 962 964 
3 
961 962 963 
7 
301 302 303 304 966 967 968 
5 
302 303 965 967 968 
8 
9 10 303 937 938 965 966 968 
7 
9 303 304 937 965 966 967 
9 
19 58 841 842 843 844 970 971 972 
5 
842 843 969 971 972 
5 
249 843 969 970 972 
7 
58 59 843 844 969 970 971 
3 
974 975 976 
3 
973 975 976 
3 
973 974 976 
3 
973 974 975 
3 
978 979 980 
3 
977 979 980 
3 
977 978 980 
3 
977 978 979 
4 
821 982 983 984 
5 
821 822 981 983 984 
7 
821 822 823 824 981 982 984 
5 
821 824 981 982 983 
3 
986 987 988 
4 
840 985 987 988 
3 
985 986 988 
3 
985 986 987 
4 
917 990 991 992 
5 
917 918 989 991 992 
7 
917 918 919 920 989 990 992 
5 
917 920 989 990 991 
3 
994 995 996 
3 
993 995 996 
3 
993 994 996 
3 
993 994 995 
5 
461 464 998 999 1000 
7 
461 462 463 464 997 999 1000 
5 
463 464 997 998 1000 
4 
464 997 998 999 