
250 
4 
3 
2 3 4 
5 
1 3 4 597 600 
4 
1 2 4 600 
3 
1 2 3 
3 
6 7 8 
5 
5 7 8 685 688 
4 
5 6 8 688 
3 
5 6 7 
3 
10 11 12 
3 
9 11 12 
3 
9 10 12 
3 
9 10 11 
3 
14 15 16 
3 
13 15 16 
3 
13 14 16 
3 
13 14 15 
3 
18 19 20 
3 
17 19 20 
5 
17 18 20 434 874 
7 
17 18 19 433 434 873 874 
3 
22 23 24 
3 
21 23 24 
4 
21 22 24 621 
3 
21 22 23 
3 
26 27 28 
3 
25 27 28 
4 
25 26 28 262 
5 
25 26 27 261 262 
9 
30 31 32 933 934 935 936 981 982 
6 
29 31 32 934 935 982 
6 
29 30 32 935 982 983 
9 
29 30 31 935 936 981 982 983 984 
4 
34 35 36 171 
3 
33 35 36 
3 
33 34 36 
3 
33 34 35 
3 
38 39 40 
3 
37 39 40 
3 
37 38 40 
3 
37 38 39 
5 
42 43 44 277 278 
6 
41 43 44 278 921 924 
5 
41 42 44 279 924 
5 
41 42 43 279 280 
3 
46 47 48 
3 
45 47 48 
5 
45 46 48 221 222 
4 
45 46 47 221 
3 
50 51 52 
3 
49 51 52 
3 
49 50 52 
3 
49 50 51 
4 
54 55 56 493 
6 
53 55 56 493 494 516 
7 
53 54 56 493 494 495 496 
5 
53 54 55 493 496 
3 
58 59 60 
3 
57 59 60 
3 
57 58 60 
3 
57 58 59 
3 
62 63 64 
3 
61 63 64 
3 
61 62 64 
3 
61 62 63 
3 
66 67 68 
3 
65 67 68 
3 
65 66 68 
3 
65 66 67 
5 
70 71 72 518 519 
3 
69 71 72 
3 
69 70 72 
4 
69 70 71 519 
3 
74 75 76 
3 
73 75 76 
3 
73 74 76 
3 
73 74 75 
3 
78 79 80 
5 
77 79 80 568 628 
4 
77 78 80 522 
5 
77 78 79 521 522 
3 
82 83 84 
3 
81 83 84 
3 
81 82 84 
3 
81 82 83 
3 
86 87 88 
4 
85 87 88 817 
7 
85 86 88 249 421 817 820 
3 
85 86 87 
3 
90 91 92 
4 
89 91 92 641 
6 
89 90 92 474 641 644 
5 
89 90 91 473 474 
3 
94 95 96 
3 
93 95 96 
3 
93 94 96 
3 
93 94 95 
3 
98 99 100 
3 
97 99 100 
3 
97 98 100 
3 
97 98 99 
4 
102 103 104 295 
3 
101 103 104 
3 
101 102 104 
3 
101 102 103 
4 
106 107 108 888 
5 
105 107 108 887 888 
4 
105 106 108 918 
5 
105 106 107 917 918 
4 
110 111 112 902 
5 
109 111 112 269 272 
4 
109 110 112 272 
5 
109 110 111 902 903 
4 
114 115 116 226 
5 
113 115 116 169 172 
4 
113 114 116 172 
4 
113 114 115 227 
3 
118 119 120 
5 
117 119 120 317 320 
4 
117 118 120 320 
3 
117 118 119 
5 
122 123 124 561 562 
4 
121 123 124 562 
6 
121 122 124 562 563 753 
7 
121 122 123 561 562 563 564 
3 
126 127 128 
3 
125 127 128 
3 
125 126 128 
3 
125 126 127 
10 
130 131 132 744 769 770 771 772 797 800 
13 
129 131 132 365 368 743 744 770 771 797 798 799 800 
7 
129 130 132 368 771 799 800 
6 
129 130 131 771 772 800 
5 
134 135 136 390 391 
3 
133 135 136 
3 
133 134 136 
4 
133 134 135 391 
3 
138 139 140 
3 
137 139 140 
3 
137 138 140 
3 
137 138 139 
3 
142 143 144 
3 
141 143 144 
3 
141 142 144 
3 
141 142 143 
3 
146 147 148 
3 
145 147 148 
3 
145 146 148 
3 
145 146 147 
3 
150 151 152 
3 
149 151 152 
3 
149 150 152 
3 
149 150 151 
3 
154 155 156 
3 
153 155 156 
3 
153 154 156 
3 
153 154 155 
4 
158 159 160 919 
3 
157 159 160 
3 
157 158 160 
3 
157 158 159 
3 
162 163 164 
3 
161 163 164 
3 
161 162 164 
3 
161 162 163 
4 
166 167 168 544 
5 
165 167 168 543 544 
3 
165 166 168 
3 
165 166 167 
4 
114 170 171 172 
3 
169 171 172 
4 
33 169 170 172 
5 
114 115 169 170 171 
5 
174 175 176 661 664 
7 
173 175 176 661 662 663 664 
5 
173 174 176 663 664 
4 
173 174 175 664 
3 
178 179 180 
3 
177 179 180 
3 
177 178 180 
3 
177 178 179 
3 
182 183 184 
3 
181 183 184 
3 
181 182 184 
3 
181 182 183 
7 
186 187 188 593 594 595 596 
5 
185 187 188 594 595 
4 
185 186 188 595 
5 
185 186 187 595 596 
3 
190 191 192 
4 
189 191 192 616 
3 
189 190 192 
3 
189 190 191 
6 
194 195 196 283 442 443 
3 
193 195 196 
3 
193 194 196 
4 
193 194 195 443 
3 
198 199 200 
3 
197 199 200 
3 
197 198 200 
3 
197 198 199 
5 
202 203 204 406 407 
3 
201 203 204 
3 
201 202 204 
4 
201 202 203 407 
7 
206 207 208 237 238 239 240 
5 
205 207 208 238 239 
4 
205 206 208 239 
5 
205 206 207 239 240 
7 
210 211 212 789 792 841 844 
11 
209 211 212 789 790 791 792 841 842 843 844 
7 
209 210 212 791 792 843 844 
5 
209 210 211 792 844 
6 
214 215 216 822 915 916 
6 
213 215 216 385 388 915 
4 
213 214 216 388 
5 
213 214 215 822 823 
5 
218 219 220 415 416 
4 
217 219 220 415 
4 
217 218 220 558 
5 
217 218 219 557 558 
5 
47 48 222 223 224 
4 
47 221 223 224 
3 
221 222 224 
3 
221 222 223 
3 
226 227 228 
4 
113 225 227 228 
4 
116 225 226 228 
4 
225 226 227 678 
4 
230 231 232 410 
3 
229 231 232 
5 
229 230 232 289 637 
5 
229 230 231 410 411 
6 
234 235 236 252 424 820 
9 
233 235 236 251 252 423 424 819 820 
3 
233 234 236 
3 
233 234 235 
4 
205 238 239 240 
5 
205 206 237 239 240 
7 
205 206 207 208 237 238 240 
5 
205 208 237 238 239 
3 
242 243 244 
3 
241 243 244 
3 
241 242 244 
3 
241 242 243 
7 
246 247 248 993 994 995 996 
5 
245 247 248 994 995 
4 
245 246 248 995 
5 
245 246 247 995 996 
10 
87 250 251 252 421 424 817 818 819 820 
9 
249 251 252 421 422 423 424 818 819 
7 
234 249 250 252 423 424 819 
8 
233 234 249 250 251 424 819 820 
3 
254 255 256 
3 
253 255 256 
3 
253 254 256 
3 
253 254 255 
7 
258 259 260 401 402 403 404 
7 
257 259 260 402 403 553 556 
5 
257 258 260 403 556 
5 
257 258 259 403 404 
4 
28 262 263 264 
5 
27 28 261 263 264 
6 
261 262 264 645 941 942 
4 
261 262 263 941 
3 
266 267 268 
3 
265 267 268 
3 
265 266 268 
3 
265 266 267 
6 
110 270 271 272 877 880 
7 
269 271 272 877 878 879 880 
5 
269 270 272 879 880 
6 
110 111 269 270 271 880 
5 
274 275 276 475 476 
5 
273 275 276 475 644 
3 
273 274 276 
3 
273 274 275 
4 
41 278 279 280 
7 
41 42 277 279 280 921 924 
6 
43 44 277 278 280 924 
4 
44 277 278 279 
3 
282 283 284 
3 
281 283 284 
6 
193 281 282 284 441 442 
4 
281 282 283 441 
3 
286 287 288 
3 
285 287 288 
3 
285 286 288 
3 
285 286 287 
8 
231 290 291 292 637 638 639 640 
5 
289 291 292 638 639 
4 
289 290 292 639 
5 
289 290 291 639 640 
3 
294 295 296 
5 
293 295 296 437 440 
7 
101 293 294 296 440 566 954 
8 
293 294 295 565 566 626 953 954 
3 
298 299 300 
3 
297 299 300 
3 
297 298 300 
3 
297 298 299 
3 
302 303 304 
3 
301 303 304 
3 
301 302 304 
3 
301 302 303 
3 
306 307 308 
3 
305 307 308 
3 
305 306 308 
3 
305 306 307 
3 
310 311 312 
5 
309 311 312 653 656 
4 
309 310 312 656 
3 
309 310 311 
3 
314 315 316 
3 
313 315 316 
5 
313 314 316 945 946 
4 
313 314 315 945 
4 
118 318 319 320 
3 
317 319 320 
3 
317 318 320 
5 
118 119 317 318 319 
3 
322 323 324 
3 
321 323 324 
3 
321 322 324 
4 
321 322 323 342 
3 
326 327 328 
3 
325 327 328 
3 
325 326 328 
3 
325 326 327 
3 
330 331 332 
3 
329 331 332 
3 
329 330 332 
3 
329 330 331 
3 
334 335 336 
3 
333 335 336 
3 
333 334 336 
4 
333 334 335 962 
4 
338 339 340 838 
3 
337 339 340 
3 
337 338 340 
5 
337 338 339 838 839 
3 
342 343 344 
4 
324 341 343 344 
3 
341 342 344 
3 
341 342 343 
3 
346 347 348 
5 
345 347 348 893 896 
4 
345 346 348 896 
3 
345 346 347 
3 
350 351 352 
3 
349 351 352 
5 
349 350 352 489 490 
4 
349 350 351 489 
5 
354 355 356 523 524 
4 
353 355 356 523 
3 
353 354 356 
3 
353 354 355 
3 
358 359 360 
3 
357 359 360 
3 
357 358 360 
3 
357 358 359 
4 
362 363 364 454 
3 
361 363 364 
3 
361 362 364 
5 
361 362 363 454 455 
10 
130 366 367 368 481 484 742 743 797 798 
10 
365 367 368 481 482 483 484 573 576 798 
8 
365 366 368 483 484 576 798 799 
11 
130 131 365 366 367 484 743 797 798 799 800 
5 
370 371 372 705 708 
7 
369 371 372 705 706 707 708 
5 
369 370 372 707 708 
6 
369 370 371 658 708 830 
5 
374 375 376 609 610 
4 
373 375 376 610 
5 
373 374 376 610 611 
7 
373 374 375 609 610 611 612 
4 
378 379 380 891 
3 
377 379 380 
3 
377 378 380 
3 
377 378 379 
3 
382 383 384 
3 
381 383 384 
3 
381 382 384 
3 
381 382 383 
4 
214 386 387 388 
3 
385 387 388 
3 
385 386 388 
5 
214 215 385 386 387 
5 
390 391 392 951 975 
4 
133 389 391 392 
5 
133 136 389 390 392 
3 
389 390 391 
3 
394 395 396 
3 
393 395 396 
3 
393 394 396 
3 
393 394 395 
3 
398 399 400 
3 
397 399 400 
3 
397 398 400 
3 
397 398 399 
4 
257 402 403 404 
7 
257 258 401 403 404 553 556 
8 
257 258 259 260 401 402 404 556 
5 
257 260 401 402 403 
5 
406 407 408 622 623 
4 
201 405 407 408 
6 
201 204 405 406 408 538 
6 
405 406 407 537 538 623 
3 
410 411 412 
5 
229 232 409 411 412 
4 
232 409 410 412 
3 
409 410 411 
3 
414 415 416 
3 
413 415 416 
5 
217 218 413 414 416 
4 
217 413 414 415 
3 
418 419 420 
3 
417 419 420 
3 
417 418 420 
3 
417 418 419 
10 
87 249 250 422 423 424 817 818 819 820 
6 
250 421 423 424 818 819 
7 
234 250 251 421 422 424 819 
11 
233 234 249 250 251 252 421 422 423 819 820 
3 
426 427 428 
3 
425 427 428 
5 
425 426 428 501 549 
3 
425 426 427 
3 
430 431 432 
3 
429 431 432 
5 
429 430 432 701 702 
4 
429 430 431 701 
6 
20 434 435 436 873 874 
6 
19 20 433 435 436 874 
5 
433 434 436 874 875 
7 
433 434 435 873 874 875 876 
4 
294 438 439 440 
3 
437 439 440 
3 
437 438 440 
7 
294 295 437 438 439 566 954 
5 
283 284 442 443 444 
5 
193 283 441 443 444 
5 
193 196 441 442 444 
3 
441 442 443 
3 
446 447 448 
5 
445 447 448 833 836 
4 
445 446 448 836 
3 
445 446 447 
3 
450 451 452 
4 
449 451 452 989 
5 
449 450 452 989 992 
3 
449 450 451 
4 
454 455 456 795 
5 
361 364 453 455 456 
4 
364 453 454 456 
3 
453 454 455 
3 
458 459 460 
3 
457 459 460 
3 
457 458 460 
3 
457 458 459 
3 
462 463 464 
3 
461 463 464 
5 
461 462 464 534 774 
7 
461 462 463 533 534 773 774 
6 
466 467 468 605 897 900 
7 
465 467 468 605 606 898 899 
8 
465 466 468 605 606 607 608 899 
6 
465 466 467 605 608 900 
7 
470 471 472 665 666 667 668 
5 
469 471 472 666 667 
4 
469 470 472 667 
5 
469 470 471 667 668 
4 
92 474 475 476 
7 
91 92 473 475 476 641 644 
6 
273 274 473 474 476 644 
4 
273 473 474 475 
3 
478 479 480 
3 
477 479 480 
3 
477 478 480 
3 
477 478 479 
8 
365 366 482 483 484 499 742 743 
5 
366 481 483 484 573 
7 
366 367 481 482 484 573 576 
9 
365 366 367 368 481 482 483 743 798 
4 
486 487 488 871 
4 
485 487 488 697 
6 
485 486 488 530 697 700 
5 
485 486 487 529 530 
5 
351 352 490 491 492 
4 
351 489 491 492 
3 
489 490 492 
3 
489 490 491 
7 
53 54 55 56 494 495 496 
6 
54 55 493 495 496 516 
4 
55 493 494 496 
5 
55 56 493 494 495 
3 
498 499 500 
3 
497 499 500 
5 
481 497 498 500 742 
5 
497 498 499 741 742 
5 
427 502 503 504 549 
5 
501 503 504 549 550 
6 
501 502 504 551 552 917 
4 
501 502 503 552 
4 
506 507 508 569 
5 
505 507 508 569 570 
7 
505 506 508 569 570 571 572 
5 
505 506 507 569 572 
4 
510 511 512 937 
5 
509 511 512 937 938 
7 
509 510 512 937 938 939 940 
5 
509 510 511 937 940 
3 
514 515 516 
3 
513 515 516 
3 
513 514 516 
5 
54 494 513 514 515 
3 
518 519 520 
4 
69 517 519 520 
5 
69 72 517 518 520 
3 
517 518 519 
4 
80 522 523 524 
5 
79 80 521 523 524 
5 
353 354 521 522 524 
4 
353 521 522 523 
3 
526 527 528 
3 
525 527 528 
3 
525 526 528 
3 
525 526 527 
4 
488 530 531 532 
6 
487 488 529 531 532 700 
4 
529 530 532 593 
3 
529 530 531 
6 
464 534 535 536 773 774 
6 
463 464 533 535 536 774 
5 
533 534 536 774 775 
7 
533 534 535 773 774 775 776 
4 
408 538 539 540 
5 
407 408 537 539 540 
4 
537 538 540 749 
3 
537 538 539 
3 
542 543 544 
4 
541 543 544 932 
4 
166 541 542 544 
5 
165 166 541 542 543 
3 
546 547 548 
3 
545 547 548 
3 
545 546 548 
3 
545 546 547 
6 
427 501 502 550 551 552 
4 
502 549 551 552 
5 
503 549 550 552 917 
5 
503 504 549 550 551 
5 
258 402 554 555 556 
4 
553 555 556 813 
4 
553 554 556 816 
7 
258 259 402 403 553 554 555 
4 
220 558 559 560 
5 
219 220 557 559 560 
3 
557 558 560 
3 
557 558 559 
5 
121 124 562 563 564 
7 
121 122 123 124 561 563 564 
5 
123 124 561 562 564 
4 
124 561 562 563 
9 
296 566 567 568 625 626 735 953 956 
11 
295 296 440 565 567 568 626 953 954 955 956 
6 
565 566 568 627 955 956 
7 
78 565 566 567 627 628 956 
7 
505 506 507 508 570 571 572 
5 
506 507 569 571 572 
4 
507 569 570 572 
5 
507 508 569 570 571 
6 
366 482 483 574 575 576 
3 
573 575 576 
3 
573 574 576 
6 
366 367 483 573 574 575 
3 
578 579 580 
5 
577 579 580 805 808 
4 
577 578 580 808 
3 
577 578 579 
3 
582 583 584 
3 
581 583 584 
3 
581 582 584 
3 
581 582 583 
3 
586 587 588 
3 
585 587 588 
3 
585 586 588 
3 
585 586 587 
5 
590 591 592 962 963 
3 
589 591 592 
3 
589 590 592 
4 
589 590 591 963 
5 
185 531 594 595 596 
5 
185 186 593 595 596 
7 
185 186 187 188 593 594 596 
5 
185 188 593 594 595 
4 
2 598 599 600 
3 
597 599 600 
3 
597 598 600 
5 
2 3 597 598 599 
3 
602 603 604 
3 
601 603 604 
3 
601 602 604 
3 
601 602 603 
9 
465 466 467 468 606 607 608 899 900 
6 
466 467 605 607 608 899 
4 
467 605 606 608 
5 
467 468 605 606 607 
5 
373 376 610 611 612 
7 
373 374 375 376 609 611 612 
5 
375 376 609 610 612 
4 
376 609 610 611 
3 
614 615 616 
3 
613 615 616 
3 
613 614 616 
4 
190 613 614 615 
3 
618 619 620 
5 
617 619 620 701 704 
4 
617 618 620 704 
3 
617 618 619 
4 
23 622 623 624 
4 
405 621 623 624 
5 
405 408 621 622 624 
3 
621 622 623 
7 
565 626 627 628 735 953 956 
10 
296 565 566 625 627 628 953 954 955 956 
7 
567 568 625 626 628 955 956 
6 
78 568 625 626 627 956 
3 
630 631 632 
3 
629 631 632 
3 
629 630 632 
3 
629 630 631 
3 
634 635 636 
3 
633 635 636 
3 
633 634 636 
3 
633 634 635 
5 
231 289 638 639 640 
5 
289 290 637 639 640 
7 
289 290 291 292 637 638 640 
5 
289 292 637 638 639 
6 
90 91 474 642 643 644 
3 
641 643 644 
3 
641 642 644 
7 
91 274 474 475 641 642 643 
5 
263 646 647 648 942 
4 
645 647 648 757 
5 
645 646 648 757 760 
5 
645 646 647 942 943 
7 
650 651 652 813 814 815 816 
5 
649 651 652 814 815 
4 
649 650 652 815 
5 
649 650 651 815 816 
4 
310 654 655 656 
3 
653 655 656 
3 
653 654 656 
5 
310 311 653 654 655 
4 
658 659 660 829 
6 
372 657 659 660 829 830 
7 
657 658 660 829 830 831 832 
5 
657 658 659 829 832 
5 
173 174 662 663 664 
4 
174 661 663 664 
5 
174 175 661 662 664 
7 
173 174 175 176 661 662 663 
4 
469 666 667 668 
5 
469 470 665 667 668 
7 
469 470 471 472 665 666 668 
5 
469 472 665 666 667 
3 
670 671 672 
3 
669 671 672 
3 
669 670 672 
3 
669 670 671 
5 
674 675 676 739 740 
4 
673 675 676 739 
3 
673 674 676 
3 
673 674 675 
3 
678 679 680 
4 
228 677 679 680 
3 
677 678 680 
3 
677 678 679 
4 
682 683 684 725 
5 
681 683 684 725 726 
7 
681 682 684 725 726 727 728 
5 
681 682 683 725 728 
4 
6 686 687 688 
3 
685 687 688 
3 
685 686 688 
5 
6 7 685 686 687 
3 
690 691 692 
3 
689 691 692 
3 
689 690 692 
3 
689 690 691 
3 
694 695 696 
3 
693 695 696 
3 
693 694 696 
3 
693 694 695 
5 
486 487 698 699 700 
3 
697 699 700 
3 
697 698 700 
5 
487 530 697 698 699 
6 
431 432 618 702 703 704 
4 
431 701 703 704 
3 
701 702 704 
5 
618 619 701 702 703 
5 
369 370 706 707 708 
4 
370 705 707 708 
5 
370 371 705 706 708 
7 
369 370 371 372 705 706 707 
3 
710 711 712 
3 
709 711 712 
3 
709 710 712 
3 
709 710 711 
3 
714 715 716 
5 
713 715 716 977 980 
4 
713 714 716 980 
3 
713 714 715 
3 
718 719 720 
3 
717 719 720 
3 
717 718 720 
3 
717 718 719 
3 
722 723 724 
3 
721 723 724 
3 
721 722 724 
3 
721 722 723 
7 
681 682 683 684 726 727 728 
5 
682 683 725 727 728 
4 
683 725 726 728 
5 
683 684 725 726 727 
3 
730 731 732 
3 
729 731 732 
3 
729 730 732 
3 
729 730 731 
3 
734 735 736 
3 
733 735 736 
5 
565 625 733 734 736 
3 
733 734 735 
3 
738 739 740 
3 
737 739 740 
5 
673 674 737 738 740 
4 
673 737 738 739 
4 
500 742 743 744 
7 
365 481 499 500 741 743 744 
11 
130 365 368 481 484 741 742 744 770 797 798 
8 
129 130 741 742 743 769 770 797 
3 
746 747 748 
4 
745 747 748 905 
5 
745 746 748 905 908 
3 
745 746 747 
4 
539 750 751 752 
3 
749 751 752 
3 
749 750 752 
3 
749 750 751 
4 
123 754 755 756 
3 
753 755 756 
3 
753 754 756 
3 
753 754 755 
5 
646 647 758 759 760 
3 
757 759 760 
3 
757 758 760 
4 
647 757 758 759 
3 
762 763 764 
3 
761 763 764 
3 
761 762 764 
3 
761 762 763 
3 
766 767 768 
3 
765 767 768 
3 
765 766 768 
3 
765 766 767 
5 
129 744 770 771 772 
9 
129 130 743 744 769 771 772 797 800 
8 
129 130 131 132 769 770 772 800 
5 
129 132 769 770 771 
6 
464 533 536 774 775 776 
9 
463 464 533 534 535 536 773 775 776 
5 
535 536 773 774 776 
4 
536 773 774 775 
5 
778 779 780 849 852 
7 
777 779 780 849 850 851 852 
5 
777 778 780 851 852 
4 
777 778 779 852 
3 
782 783 784 
3 
781 783 784 
3 
781 782 784 
3 
781 782 783 
3 
786 787 788 
3 
785 787 788 
3 
785 786 788 
3 
785 786 787 
9 
209 210 790 791 792 841 842 843 844 
6 
210 789 791 792 842 843 
6 
210 211 789 790 792 843 
9 
209 210 211 212 789 790 791 843 844 
3 
794 795 796 
3 
793 795 796 
4 
453 793 794 796 
3 
793 794 795 
10 
129 130 365 368 743 744 770 798 799 800 
10 
130 365 366 367 368 484 743 797 799 800 
7 
130 131 367 368 797 798 800 
10 
129 130 131 132 368 770 771 797 798 799 
4 
802 803 804 832 
5 
801 803 804 831 832 
3 
801 802 804 
3 
801 802 803 
4 
578 806 807 808 
3 
805 807 808 
3 
805 806 808 
5 
578 579 805 806 807 
3 
810 811 812 
3 
809 811 812 
3 
809 810 812 
3 
809 810 811 
5 
554 649 814 815 816 
5 
649 650 813 815 816 
7 
649 650 651 652 813 814 816 
6 
555 649 652 813 814 815 
7 
86 87 249 421 818 819 820 
7 
249 250 421 422 817 819 820 
12 
234 249 250 251 252 421 422 423 424 817 818 820 
10 
87 233 234 249 252 421 424 817 818 819 
3 
822 823 824 
5 
213 216 821 823 824 
4 
216 821 822 824 
3 
821 822 823 
3 
826 827 828 
3 
825 827 828 
3 
825 826 828 
3 
825 826 827 
7 
657 658 659 660 830 831 832 
6 
372 658 659 829 831 832 
5 
659 802 829 830 832 
7 
659 660 801 802 829 830 831 
4 
446 834 835 836 
3 
833 835 836 
3 
833 834 836 
5 
446 447 833 834 835 
3 
838 839 840 
5 
337 340 837 839 840 
4 
340 837 838 840 
3 
837 838 839 
6 
209 210 789 842 843 844 
6 
210 789 790 841 843 844 
9 
210 211 789 790 791 792 841 842 844 
9 
209 210 211 212 789 792 841 842 843 
3 
846 847 848 
3 
845 847 848 
3 
845 846 848 
3 
845 846 847 
5 
777 778 850 851 852 
4 
778 849 851 852 
5 
778 779 849 850 852 
7 
777 778 779 780 849 850 851 
3 
854 855 856 
3 
853 855 856 
3 
853 854 856 
3 
853 854 855 
3 
858 859 860 
3 
857 859 860 
4 
857 858 860 977 
3 
857 858 859 
3 
862 863 864 
3 
861 863 864 
4 
861 862 864 913 
3 
861 862 863 
3 
866 867 868 
3 
865 867 868 
3 
865 866 868 
3 
865 866 867 
3 
870 871 872 
3 
869 871 872 
4 
485 869 870 872 
3 
869 870 871 
6 
20 433 436 874 875 876 
9 
19 20 433 434 435 436 873 875 876 
5 
435 436 873 874 876 
4 
436 873 874 875 
5 
269 270 878 879 880 
4 
270 877 879 880 
5 
270 271 877 878 880 
7 
269 270 271 272 877 878 879 
3 
882 883 884 
3 
881 883 884 
3 
881 882 884 
3 
881 882 883 
3 
886 887 888 
3 
885 887 888 
4 
106 885 886 888 
5 
105 106 885 886 887 
3 
890 891 892 
3 
889 891 892 
4 
377 889 890 892 
3 
889 890 891 
4 
346 894 895 896 
3 
893 895 896 
3 
893 894 896 
5 
346 347 893 894 895 
4 
465 898 899 900 
4 
466 897 899 900 
7 
466 467 605 606 897 898 900 
6 
465 468 605 897 898 899 
3 
902 903 904 
5 
109 112 901 903 904 
4 
112 901 902 904 
3 
901 902 903 
5 
746 747 906 907 908 
3 
905 907 908 
3 
905 906 908 
4 
747 905 906 907 
3 
910 911 912 
3 
909 911 912 
3 
909 910 912 
3 
909 910 911 
4 
863 914 915 916 
3 
913 915 916 
5 
213 214 913 914 916 
4 
213 913 914 915 
6 
108 503 551 918 919 920 
5 
107 108 917 919 920 
4 
157 917 918 920 
3 
917 918 919 
5 
42 278 922 923 924 
3 
921 923 924 
3 
921 922 924 
7 
42 43 278 279 921 922 923 
3 
926 927 928 
3 
925 927 928 
3 
925 926 928 
3 
925 926 927 
3 
930 931 932 
3 
929 931 932 
3 
929 930 932 
4 
542 929 930 931 
4 
29 934 935 936 
5 
29 30 933 935 936 
8 
29 30 31 32 933 934 936 982 
6 
29 32 933 934 935 981 
7 
509 510 511 512 938 939 940 
5 
510 511 937 939 940 
4 
511 937 938 940 
5 
511 512 937 938 939 
5 
263 264 942 943 944 
6 
263 645 648 941 943 944 
4 
648 941 942 944 
3 
941 942 943 
5 
315 316 946 947 948 
4 
315 945 947 948 
3 
945 946 948 
3 
945 946 947 
7 
950 951 952 973 974 975 976 
5 
949 951 952 974 975 
5 
389 949 950 952 975 
5 
949 950 951 975 976 
8 
296 565 566 625 626 954 955 956 
8 
295 296 440 566 626 953 955 956 
7 
566 567 626 627 953 954 956 
11 
565 566 567 568 625 626 627 628 953 954 955 
3 
958 959 960 
3 
957 959 960 
3 
957 958 960 
3 
957 958 959 
3 
962 963 964 
5 
336 589 961 963 964 
5 
589 592 961 962 964 
3 
961 962 963 
3 
966 967 968 
3 
965 967 968 
3 
965 966 968 
3 
965 966 967 
3 
970 971 972 
3 
969 971 972 
3 
969 970 972 
3 
969 970 971 
4 
949 974 975 976 
5 
949 950 973 975 976 
8 
389 949 950 951 952 973 974 976 
5 
949 952 973 974 975 
5 
714 859 978 979 980 
3 
977 979 980 
3 
977 978 980 
5 
714 715 977 978 979 
6 
29 32 936 982 983 984 
8 
29 30 31 32 935 981 983 984 
5 
31 32 981 982 984 
4 
32 981 982 983 
3 
986 987 988 
3 
985 987 988 
3 
985 986 988 
3 
985 986 987 
5 
450 451 990 991 992 
3 
989 991 992 
3 
989 990 992 
4 
451 989 990 991 
4 
245 994 995 996 
5 
245 246 993 995 996 
7 
245 246 247 248 993 994 996 
5 
245 248 993 994 995 
3 
998 999 1000 
3 
997 999 1000 
3 
997 998 1000 
3 
997 998 999 