
250 
4 
4 
2 3 4 191 
3 
1 3 4 
3 
1 2 4 
3 
1 2 3 
3 
6 7 8 
3 
5 7 8 
3 
5 6 8 
3 
5 6 7 
3 
10 11 12 
3 
9 11 12 
3 
9 10 12 
3 
9 10 11 
4 
14 15 16 732 
5 
13 15 16 731 732 
3 
13 14 16 
4 
13 14 15 670 
3 
18 19 20 
5 
17 19 20 205 784 
5 
17 18 20 205 208 
3 
17 18 19 
3 
22 23 24 
6 
21 23 24 577 580 804 
5 
21 22 24 580 805 
3 
21 22 23 
3 
26 27 28 
3 
25 27 28 
4 
25 26 28 569 
3 
25 26 27 
5 
30 31 32 987 988 
4 
29 31 32 987 
3 
29 30 32 
3 
29 30 31 
3 
34 35 36 
3 
33 35 36 
4 
33 34 36 485 
4 
33 34 35 94 
7 
38 39 40 503 504 722 723 
4 
37 39 40 503 
3 
37 38 40 
5 
37 38 39 386 723 
3 
42 43 44 
3 
41 43 44 
3 
41 42 44 
3 
41 42 43 
4 
46 47 48 816 
7 
45 47 48 145 148 815 816 
6 
45 46 48 148 937 938 
4 
45 46 47 937 
5 
50 51 52 469 472 
7 
49 51 52 469 470 471 472 
5 
49 50 52 471 472 
4 
49 50 51 472 
4 
54 55 56 744 
5 
53 55 56 743 744 
3 
53 54 56 
3 
53 54 55 
3 
58 59 60 
5 
57 59 60 121 753 
7 
57 58 60 121 124 753 756 
3 
57 58 59 
4 
62 63 64 886 
5 
61 63 64 333 336 
4 
61 62 64 336 
5 
61 62 63 886 887 
3 
66 67 68 
3 
65 67 68 
5 
65 66 68 821 845 
3 
65 66 67 
3 
70 71 72 
3 
69 71 72 
3 
69 70 72 
3 
69 70 71 
4 
74 75 76 462 
3 
73 75 76 
5 
73 74 76 969 970 
6 
73 74 75 462 463 969 
3 
78 79 80 
4 
77 79 80 317 
5 
77 78 80 317 320 
3 
77 78 79 
3 
82 83 84 
3 
81 83 84 
3 
81 82 84 
4 
81 82 83 814 
5 
86 87 88 189 190 
4 
85 87 88 190 
5 
85 86 88 190 191 
7 
85 86 87 189 190 191 192 
5 
90 91 92 786 787 
5 
89 91 92 609 612 
4 
89 90 92 612 
5 
89 90 91 290 787 
5 
94 95 96 794 795 
4 
36 93 95 96 
3 
93 94 96 
4 
93 94 95 795 
4 
98 99 100 616 
5 
97 99 100 615 616 
3 
97 98 100 
3 
97 98 99 
5 
102 103 104 337 340 
7 
101 103 104 337 338 339 340 
5 
101 102 104 339 340 
4 
101 102 103 340 
3 
106 107 108 
3 
105 107 108 
4 
105 106 108 585 
3 
105 106 107 
5 
110 111 112 897 900 
7 
109 111 112 897 898 899 900 
5 
109 110 112 899 900 
4 
109 110 111 900 
6 
114 115 116 139 140 549 
8 
113 115 116 139 549 550 941 944 
8 
113 114 116 549 550 551 552 944 
5 
113 114 115 549 552 
3 
118 119 120 
4 
117 119 120 669 
7 
117 118 120 177 178 669 672 
5 
117 118 119 177 330 
7 
58 59 122 123 124 753 754 
4 
121 123 124 754 
5 
121 122 124 754 755 
8 
59 121 122 123 753 754 755 756 
3 
126 127 128 
3 
125 127 128 
3 
125 126 128 
3 
125 126 127 
6 
130 131 132 375 376 650 
4 
129 131 132 375 
5 
129 130 132 393 394 
6 
129 130 131 393 650 651 
3 
134 135 136 
3 
133 135 136 
3 
133 134 136 
3 
133 134 135 
3 
138 139 140 
3 
137 139 140 
6 
113 114 137 138 140 941 
4 
113 137 138 139 
3 
142 143 144 
3 
141 143 144 
3 
141 142 144 
3 
141 142 143 
6 
46 146 147 148 814 815 
3 
145 147 148 
3 
145 146 148 
6 
46 47 145 146 147 815 
3 
150 151 152 
3 
149 151 152 
3 
149 150 152 
3 
149 150 151 
3 
154 155 156 
3 
153 155 156 
3 
153 154 156 
3 
153 154 155 
6 
158 159 160 496 837 838 
6 
157 159 160 495 496 838 
5 
157 158 160 838 839 
7 
157 158 159 837 838 839 840 
11 
162 163 164 749 750 751 752 825 826 827 828 
7 
161 163 164 750 751 826 827 
5 
161 162 164 751 827 
7 
161 162 163 751 752 827 828 
5 
166 167 168 343 344 
4 
165 167 168 343 
3 
165 166 168 
3 
165 166 167 
5 
170 171 172 633 636 
7 
169 171 172 633 634 635 636 
5 
169 170 172 635 636 
4 
169 170 171 636 
3 
174 175 176 
3 
173 175 176 
3 
173 174 176 
3 
173 174 175 
5 
119 120 178 179 180 
6 
119 177 179 180 669 672 
4 
177 178 180 672 
3 
177 178 179 
4 
182 183 184 638 
5 
181 183 184 257 260 
5 
181 182 184 260 601 
5 
181 182 183 638 639 
8 
186 187 188 421 422 423 424 478 
5 
185 187 188 422 423 
4 
185 186 188 423 
7 
185 186 187 423 424 478 479 
5 
85 88 190 191 192 
7 
85 86 87 88 189 191 192 
6 
1 87 88 189 190 192 
4 
88 189 190 191 
3 
194 195 196 
3 
193 195 196 
3 
193 194 196 
3 
193 194 195 
5 
198 199 200 929 932 
7 
197 199 200 929 930 931 932 
5 
197 198 200 931 932 
4 
197 198 199 932 
4 
202 203 204 348 
7 
201 203 204 347 348 425 428 
6 
201 202 204 428 741 742 
4 
201 202 203 741 
5 
18 19 206 207 208 
3 
205 207 208 
3 
205 206 208 
4 
19 205 206 207 
3 
210 211 212 
3 
209 211 212 
3 
209 210 212 
3 
209 210 211 
5 
214 215 216 777 778 
4 
213 215 216 778 
5 
213 214 216 778 779 
7 
213 214 215 777 778 779 780 
3 
218 219 220 
3 
217 219 220 
3 
217 218 220 
3 
217 218 219 
3 
222 223 224 
3 
221 223 224 
3 
221 222 224 
3 
221 222 223 
3 
226 227 228 
3 
225 227 228 
3 
225 226 228 
3 
225 226 227 
5 
230 231 232 950 951 
3 
229 231 232 
5 
229 230 232 757 758 
5 
229 230 231 757 951 
3 
234 235 236 
3 
233 235 236 
3 
233 234 236 
3 
233 234 235 
4 
238 239 240 448 
5 
237 239 240 447 448 
3 
237 238 240 
3 
237 238 239 
3 
242 243 244 
3 
241 243 244 
3 
241 242 244 
3 
241 242 243 
3 
246 247 248 
3 
245 247 248 
3 
245 246 248 
3 
245 246 247 
6 
250 251 252 396 893 894 
6 
249 251 252 395 396 894 
7 
249 250 252 877 878 894 895 
8 
249 250 251 877 893 894 895 896 
3 
254 255 256 
3 
253 255 256 
3 
253 254 256 
3 
253 254 255 
4 
182 258 259 260 
3 
257 259 260 
3 
257 258 260 
5 
182 183 257 258 259 
3 
262 263 264 
3 
261 263 264 
3 
261 262 264 
3 
261 262 263 
6 
266 267 268 695 696 835 
4 
265 267 268 695 
3 
265 266 268 
3 
265 266 267 
3 
270 271 272 
3 
269 271 272 
3 
269 270 272 
3 
269 270 271 
3 
274 275 276 
3 
273 275 276 
3 
273 274 276 
3 
273 274 275 
3 
278 279 280 
4 
277 279 280 281 
5 
277 278 280 284 561 
3 
277 278 279 
6 
278 282 283 284 608 953 
7 
281 283 284 607 608 953 954 
10 
281 282 284 361 362 562 953 954 955 956 
9 
279 281 282 283 361 561 562 953 956 
3 
286 287 288 
3 
285 287 288 
3 
285 286 288 
3 
285 286 287 
5 
290 291 292 702 703 
4 
92 289 291 292 
3 
289 290 292 
4 
289 290 291 703 
4 
294 295 296 497 
5 
293 295 296 497 498 
8 
293 294 296 497 498 499 500 581 
5 
293 294 295 497 500 
3 
298 299 300 
3 
297 299 300 
3 
297 298 300 
3 
297 298 299 
7 
302 303 304 677 680 918 919 
7 
301 303 304 677 678 679 680 
5 
301 302 304 679 680 
5 
301 302 303 680 919 
4 
306 307 308 404 
5 
305 307 308 403 404 
5 
305 306 308 397 398 
4 
305 306 307 397 
3 
310 311 312 
3 
309 311 312 
4 
309 310 312 729 
3 
309 310 311 
5 
314 315 316 933 934 
4 
313 315 316 934 
5 
313 314 316 934 935 
7 
313 314 315 933 934 935 936 
5 
78 79 318 319 320 
3 
317 319 320 
4 
317 318 320 949 
4 
79 317 318 319 
3 
322 323 324 
3 
321 323 324 
3 
321 322 324 
3 
321 322 323 
3 
326 327 328 
3 
325 327 328 
3 
325 326 328 
3 
325 326 327 
5 
330 331 332 850 851 
4 
120 329 331 332 
3 
329 330 332 
4 
329 330 331 851 
5 
62 334 335 336 913 
5 
333 335 336 913 914 
7 
333 334 336 913 914 915 916 
7 
62 63 333 334 335 913 916 
5 
101 102 338 339 340 
4 
102 337 339 340 
5 
102 103 337 338 340 
7 
101 102 103 104 337 338 339 
3 
342 343 344 
3 
341 343 344 
5 
165 166 341 342 344 
4 
165 341 342 343 
4 
346 347 348 425 
5 
345 347 348 425 426 
8 
202 345 346 348 425 426 427 428 
7 
201 202 345 346 347 425 428 
3 
350 351 352 
3 
349 351 352 
3 
349 350 352 
3 
349 350 351 
4 
354 355 356 781 
5 
353 355 356 781 782 
5 
353 354 356 783 784 
4 
353 354 355 784 
3 
358 359 360 
3 
357 359 360 
3 
357 358 360 
3 
357 358 359 
9 
283 284 362 363 364 562 563 955 956 
5 
283 361 363 364 955 
3 
361 362 364 
4 
361 362 363 563 
3 
366 367 368 
3 
365 367 368 
3 
365 366 368 
3 
365 366 367 
3 
370 371 372 
3 
369 371 372 
3 
369 370 372 
4 
369 370 371 974 
3 
374 375 376 
3 
373 375 376 
5 
129 130 373 374 376 
5 
129 373 374 375 650 
3 
378 379 380 
3 
377 379 380 
3 
377 378 380 
3 
377 378 379 
3 
382 383 384 
3 
381 383 384 
3 
381 382 384 
3 
381 382 383 
3 
386 387 388 
4 
40 385 387 388 
3 
385 386 388 
3 
385 386 387 
3 
390 391 392 
3 
389 391 392 
4 
389 390 392 446 
5 
389 390 391 445 446 
7 
131 132 394 395 396 650 651 
4 
131 393 395 396 
4 
250 393 394 396 
7 
249 250 393 394 395 651 894 
5 
307 308 398 399 400 
4 
307 397 399 400 
3 
397 398 400 
3 
397 398 399 
3 
402 403 404 
3 
401 403 404 
4 
306 401 402 404 
5 
305 306 401 402 403 
3 
406 407 408 
3 
405 407 408 
3 
405 406 408 
3 
405 406 407 
3 
410 411 412 
3 
409 411 412 
3 
409 410 412 
3 
409 410 411 
3 
414 415 416 
3 
413 415 416 
3 
413 414 416 
3 
413 414 415 
5 
418 419 420 757 760 
7 
417 419 420 757 758 759 760 
5 
417 418 420 759 760 
4 
417 418 419 760 
6 
185 422 423 424 477 478 
6 
185 186 421 423 424 478 
9 
185 186 187 188 421 422 424 478 479 
9 
185 188 421 422 423 477 478 479 480 
8 
202 345 346 347 348 426 427 428 
5 
346 347 425 427 428 
5 
347 425 426 428 742 
9 
202 203 347 348 425 426 427 741 742 
5 
430 431 432 698 699 
5 
429 431 432 733 736 
5 
429 430 432 736 910 
6 
429 430 431 699 909 910 
3 
434 435 436 
3 
433 435 436 
5 
433 434 436 773 774 
4 
433 434 435 773 
3 
438 439 440 
3 
437 439 440 
3 
437 438 440 
4 
437 438 439 466 
3 
442 443 444 
3 
441 443 444 
4 
441 442 444 725 
3 
441 442 443 
4 
392 446 447 448 
5 
391 392 445 447 448 
4 
238 445 446 448 
5 
237 238 445 446 447 
3 
450 451 452 
3 
449 451 452 
3 
449 450 452 
3 
449 450 451 
4 
454 455 456 692 
5 
453 455 456 691 692 
3 
453 454 456 
3 
453 454 455 
3 
458 459 460 
3 
457 459 460 
3 
457 458 460 
3 
457 458 459 
3 
462 463 464 
5 
73 76 461 463 464 
4 
76 461 462 464 
3 
461 462 463 
3 
466 467 468 
4 
440 465 467 468 
3 
465 466 468 
4 
465 466 467 582 
5 
49 50 470 471 472 
4 
50 469 471 472 
5 
50 51 469 470 472 
7 
49 50 51 52 469 470 471 
5 
474 475 476 889 890 
4 
473 475 476 890 
5 
473 474 476 890 891 
7 
473 474 475 889 890 891 892 
5 
421 424 478 479 480 
9 
185 188 421 422 423 424 477 479 480 
6 
188 423 424 477 478 480 
4 
424 477 478 479 
7 
482 483 484 661 662 663 664 
7 
481 483 484 662 663 701 704 
5 
481 482 484 663 704 
5 
481 482 483 663 664 
4 
35 486 487 488 
3 
485 487 488 
3 
485 486 488 
3 
485 486 487 
3 
490 491 492 
3 
489 491 492 
3 
489 490 492 
3 
489 490 491 
3 
494 495 496 
3 
493 495 496 
5 
158 493 494 496 838 
7 
157 158 493 494 495 837 838 
7 
293 294 295 296 498 499 500 
6 
294 295 497 499 500 581 
6 
295 497 498 500 581 584 
5 
295 296 497 498 499 
4 
502 503 504 722 
3 
501 503 504 
5 
37 38 501 502 504 
6 
37 501 502 503 722 723 
3 
506 507 508 
3 
505 507 508 
4 
505 506 508 718 
6 
505 506 507 717 718 858 
5 
510 511 512 587 588 
4 
509 511 512 587 
3 
509 510 512 
3 
509 510 511 
3 
514 515 516 
3 
513 515 516 
3 
513 514 516 
3 
513 514 515 
3 
518 519 520 
4 
517 519 520 881 
5 
517 518 520 881 884 
3 
517 518 519 
5 
522 523 524 925 926 
5 
521 523 524 525 926 
6 
521 522 524 525 528 927 
5 
521 522 523 927 928 
5 
522 523 526 527 528 
3 
525 527 528 
3 
525 526 528 
4 
523 525 526 527 
3 
530 531 532 
3 
529 531 532 
3 
529 530 532 
3 
529 530 531 
5 
534 535 536 877 880 
7 
533 535 536 877 878 879 880 
5 
533 534 536 879 880 
5 
533 534 535 642 880 
3 
538 539 540 
5 
537 539 540 769 772 
4 
537 538 540 772 
3 
537 538 539 
3 
542 543 544 
3 
541 543 544 
3 
541 542 544 
3 
541 542 543 
3 
546 547 548 
3 
545 547 548 
5 
545 546 548 989 990 
4 
545 546 547 989 
9 
113 114 115 116 550 551 552 941 944 
9 
114 115 549 551 552 941 942 943 944 
6 
115 549 550 552 943 944 
6 
115 116 549 550 551 944 
3 
554 555 556 
3 
553 555 556 
3 
553 554 556 
3 
553 554 555 
3 
558 559 560 
3 
557 559 560 
3 
557 558 560 
3 
557 558 559 
5 
279 284 562 563 564 
7 
283 284 361 561 563 564 956 
5 
361 364 561 562 564 
3 
561 562 563 
3 
566 567 568 
3 
565 567 568 
3 
565 566 568 
3 
565 566 567 
4 
27 570 571 572 
3 
569 571 572 
5 
569 570 572 921 922 
4 
569 570 571 921 
9 
574 575 576 577 578 579 580 802 803 
5 
573 575 576 578 579 
4 
573 574 576 579 
6 
573 574 575 579 580 803 
9 
22 573 578 579 580 801 802 803 804 
7 
573 574 577 579 580 802 803 
8 
573 574 575 576 577 578 580 803 
9 
22 23 573 576 577 578 579 803 804 
6 
295 498 499 582 583 584 
4 
468 581 583 584 
3 
581 582 584 
4 
499 581 582 583 
4 
107 586 587 588 
3 
585 587 588 
5 
509 510 585 586 588 
4 
509 585 586 587 
3 
590 591 592 
3 
589 591 592 
3 
589 590 592 
3 
589 590 591 
3 
594 595 596 
3 
593 595 596 
3 
593 594 596 
3 
593 594 595 
3 
598 599 600 
3 
597 599 600 
3 
597 598 600 
3 
597 598 599 
4 
183 602 603 604 
3 
601 603 604 
3 
601 602 604 
3 
601 602 603 
3 
606 607 608 
3 
605 607 608 
5 
282 605 606 608 954 
7 
281 282 605 606 607 953 954 
4 
90 610 611 612 
3 
609 611 612 
3 
609 610 612 
5 
90 91 609 610 611 
3 
614 615 616 
3 
613 615 616 
4 
98 613 614 616 
5 
97 98 613 614 615 
3 
618 619 620 
3 
617 619 620 
3 
617 618 620 
4 
617 618 619 998 
3 
622 623 624 
3 
621 623 624 
3 
621 622 624 
3 
621 622 623 
3 
626 627 628 
3 
625 627 628 
3 
625 626 628 
3 
625 626 627 
3 
630 631 632 
3 
629 631 632 
3 
629 630 632 
3 
629 630 631 
5 
169 170 634 635 636 
4 
170 633 635 636 
5 
170 171 633 634 636 
7 
169 170 171 172 633 634 635 
3 
638 639 640 
5 
181 184 637 639 640 
4 
184 637 638 640 
3 
637 638 639 
3 
642 643 644 
4 
536 641 643 644 
3 
641 642 644 
3 
641 642 643 
4 
646 647 648 796 
5 
645 647 648 795 796 
3 
645 646 648 
3 
645 646 647 
3 
650 651 652 
7 
129 132 376 393 649 651 652 
6 
132 393 396 649 650 652 
3 
649 650 651 
3 
654 655 656 
3 
653 655 656 
3 
653 654 656 
3 
653 654 655 
3 
658 659 660 
3 
657 659 660 
3 
657 658 660 
3 
657 658 659 
4 
481 662 663 664 
6 
481 482 661 663 664 701 
8 
481 482 483 484 661 662 664 704 
5 
481 484 661 662 663 
3 
666 667 668 
3 
665 667 668 
3 
665 666 668 
3 
665 666 667 
6 
118 119 178 670 671 672 
4 
16 669 671 672 
3 
669 670 672 
6 
119 178 179 669 670 671 
3 
674 675 676 
3 
673 675 676 
3 
673 674 676 
3 
673 674 675 
5 
301 302 678 679 680 
4 
302 677 679 680 
5 
302 303 677 678 680 
7 
301 302 303 304 677 678 679 
3 
682 683 684 
3 
681 683 684 
3 
681 682 684 
3 
681 682 683 
3 
686 687 688 
3 
685 687 688 
3 
685 686 688 
3 
685 686 687 
3 
690 691 692 
3 
689 691 692 
4 
454 689 690 692 
5 
453 454 689 690 691 
7 
694 695 696 833 834 835 836 
5 
693 695 696 834 835 
6 
265 266 693 694 696 835 
6 
265 693 694 695 835 836 
3 
698 699 700 
4 
429 697 699 700 
7 
429 432 697 698 700 909 910 
4 
697 698 699 909 
5 
482 662 702 703 704 
5 
289 701 703 704 788 
5 
289 292 701 702 704 
6 
482 483 663 701 702 703 
3 
706 707 708 
3 
705 707 708 
3 
705 706 708 
3 
705 706 707 
3 
710 711 712 
3 
709 711 712 
3 
709 710 712 
3 
709 710 711 
3 
714 715 716 
3 
713 715 716 
3 
713 714 716 
3 
713 714 715 
5 
508 718 719 720 858 
5 
507 508 717 719 720 
3 
717 718 720 
5 
717 718 719 858 859 
3 
722 723 724 
6 
37 501 504 721 723 724 
6 
37 40 504 721 722 724 
3 
721 722 723 
4 
443 726 727 728 
3 
725 727 728 
3 
725 726 728 
3 
725 726 727 
4 
311 730 731 732 
3 
729 731 732 
4 
14 729 730 732 
5 
13 14 729 730 731 
4 
430 734 735 736 
3 
733 735 736 
3 
733 734 736 
6 
430 431 733 734 735 910 
7 
738 739 740 773 776 829 830 
8 
737 739 740 773 774 775 776 830 
7 
737 738 740 775 776 830 831 
8 
737 738 739 776 829 830 831 832 
6 
203 204 428 742 743 744 
6 
203 427 428 741 743 744 
4 
54 741 742 744 
5 
53 54 741 742 743 
3 
746 747 748 
3 
745 747 748 
3 
745 746 748 
3 
745 746 747 
6 
161 750 751 752 825 826 
6 
161 162 749 751 752 826 
9 
161 162 163 164 749 750 752 826 827 
9 
161 164 749 750 751 825 826 827 828 
7 
58 59 121 124 754 755 756 
7 
121 122 123 124 753 755 756 
5 
123 124 753 754 756 
5 
59 124 753 754 755 
8 
231 232 417 418 758 759 760 951 
5 
231 418 757 759 760 
5 
418 419 757 758 760 
7 
417 418 419 420 757 758 759 
3 
762 763 764 
3 
761 763 764 
3 
761 762 764 
3 
761 762 763 
3 
766 767 768 
3 
765 767 768 
3 
765 766 768 
3 
765 766 767 
4 
538 770 771 772 
3 
769 771 772 
3 
769 770 772 
5 
538 539 769 770 771 
7 
435 436 737 738 774 775 776 
5 
435 738 773 775 776 
6 
738 739 773 774 776 830 
9 
737 738 739 740 773 774 775 829 830 
5 
213 216 778 779 780 
7 
213 214 215 216 777 779 780 
5 
215 216 777 778 780 
4 
216 777 778 779 
5 
353 354 782 783 784 
4 
354 781 783 784 
4 
355 781 782 784 
6 
18 355 356 781 782 783 
3 
786 787 788 
4 
89 785 787 788 
5 
89 92 785 786 788 
4 
702 785 786 787 
3 
790 791 792 
3 
789 791 792 
3 
789 790 792 
3 
789 790 791 
3 
794 795 796 
4 
93 793 795 796 
6 
93 96 646 793 794 796 
5 
645 646 793 794 795 
3 
798 799 800 
3 
797 799 800 
3 
797 798 800 
3 
797 798 799 
4 
577 802 803 804 
6 
573 577 578 801 803 804 
9 
573 576 577 578 579 580 801 802 804 
6 
22 577 580 801 802 803 
4 
23 806 807 808 
3 
805 807 808 
3 
805 806 808 
3 
805 806 807 
3 
810 811 812 
3 
809 811 812 
3 
809 810 812 
3 
809 810 811 
3 
814 815 816 
5 
84 145 813 815 816 
6 
46 145 148 813 814 816 
5 
45 46 813 814 815 
3 
818 819 820 
3 
817 819 820 
3 
817 818 820 
3 
817 818 819 
8 
67 822 823 824 845 846 847 848 
5 
821 823 824 846 847 
4 
821 822 824 847 
5 
821 822 823 847 848 
6 
161 749 752 826 827 828 
9 
161 162 749 750 751 752 825 827 828 
9 
161 162 163 164 751 752 825 826 828 
6 
161 164 752 825 826 827 
6 
737 740 776 830 831 832 
9 
737 738 739 740 775 776 829 831 832 
5 
739 740 829 830 832 
4 
740 829 830 831 
4 
693 834 835 836 
5 
693 694 833 835 836 
8 
265 693 694 695 696 833 834 836 
5 
693 696 833 834 835 
6 
157 160 496 838 839 840 
9 
157 158 159 160 495 496 837 839 840 
5 
159 160 837 838 840 
4 
160 837 838 839 
3 
842 843 844 
3 
841 843 844 
3 
841 842 844 
3 
841 842 843 
5 
67 821 846 847 848 
5 
821 822 845 847 848 
7 
821 822 823 824 845 846 848 
5 
821 824 845 846 847 
3 
850 851 852 
4 
329 849 851 852 
5 
329 332 849 850 852 
3 
849 850 851 
3 
854 855 856 
3 
853 855 856 
3 
853 854 856 
3 
853 854 855 
3 
858 859 860 
6 
508 717 720 857 859 860 
4 
720 857 858 860 
3 
857 858 859 
3 
862 863 864 
3 
861 863 864 
3 
861 862 864 
3 
861 862 863 
3 
866 867 868 
3 
865 867 868 
3 
865 866 868 
3 
865 866 867 
3 
870 871 872 
3 
869 871 872 
3 
869 870 872 
3 
869 870 871 
3 
874 875 876 
3 
873 875 876 
3 
873 874 876 
3 
873 874 875 
8 
251 252 533 534 878 879 880 895 
5 
251 534 877 879 880 
5 
534 535 877 878 880 
7 
533 534 535 536 877 878 879 
5 
518 519 882 883 884 
3 
881 883 884 
3 
881 882 884 
4 
519 881 882 883 
3 
886 887 888 
5 
61 64 885 887 888 
4 
64 885 886 888 
3 
885 886 887 
5 
473 476 890 891 892 
7 
473 474 475 476 889 891 892 
5 
475 476 889 890 892 
4 
476 889 890 891 
5 
249 252 894 895 896 
8 
249 250 251 252 396 893 895 896 
6 
251 252 877 893 894 896 
4 
252 893 894 895 
5 
109 110 898 899 900 
4 
110 897 899 900 
5 
110 111 897 898 900 
7 
109 110 111 112 897 898 899 
3 
902 903 904 
3 
901 903 904 
3 
901 902 904 
3 
901 902 903 
3 
906 907 908 
3 
905 907 908 
3 
905 906 908 
3 
905 906 907 
6 
432 699 700 910 911 912 
7 
431 432 699 736 909 911 912 
3 
909 910 912 
3 
909 910 911 
7 
333 334 335 336 914 915 916 
5 
334 335 913 915 916 
4 
335 913 914 916 
5 
335 336 913 914 915 
3 
918 919 920 
4 
301 917 919 920 
5 
301 304 917 918 920 
3 
917 918 919 
5 
571 572 922 923 924 
4 
571 921 923 924 
3 
921 922 924 
3 
921 922 923 
4 
521 926 927 928 
5 
521 522 925 927 928 
5 
523 524 925 926 928 
4 
524 925 926 927 
5 
197 198 930 931 932 
4 
198 929 931 932 
5 
198 199 929 930 932 
7 
197 198 199 200 929 930 931 
5 
313 316 934 935 936 
7 
313 314 315 316 933 935 936 
5 
315 316 933 934 936 
4 
316 933 934 935 
5 
47 48 938 939 940 
4 
47 937 939 940 
3 
937 938 940 
3 
937 938 939 
7 
114 139 549 550 942 943 944 
4 
550 941 943 944 
5 
550 551 941 942 944 
9 
114 115 549 550 551 552 941 942 943 
3 
946 947 948 
3 
945 947 948 
3 
945 946 948 
3 
945 946 947 
4 
319 950 951 952 
4 
229 949 951 952 
6 
229 232 757 949 950 952 
3 
949 950 951 
8 
281 282 283 284 608 954 955 956 
7 
282 283 607 608 953 955 956 
6 
283 361 362 953 954 956 
7 
283 284 361 562 953 954 955 
3 
958 959 960 
3 
957 959 960 
3 
957 958 960 
3 
957 958 959 
3 
962 963 964 
3 
961 963 964 
3 
961 962 964 
3 
961 962 963 
3 
966 967 968 
3 
965 967 968 
3 
965 966 968 
3 
965 966 967 
5 
75 76 970 971 972 
4 
75 969 971 972 
3 
969 970 972 
3 
969 970 971 
3 
974 975 976 
4 
372 973 975 976 
3 
973 974 976 
3 
973 974 975 
3 
978 979 980 
3 
977 979 980 
3 
977 978 980 
3 
977 978 979 
3 
982 983 984 
3 
981 983 984 
3 
981 982 984 
3 
981 982 983 
3 
986 987 988 
3 
985 987 988 
5 
29 30 985 986 988 
4 
29 985 986 987 
5 
547 548 990 991 992 
4 
547 989 991 992 
3 
989 990 992 
3 
989 990 991 
3 
994 995 996 
3 
993 995 996 
3 
993 994 996 
3 
993 994 995 
3 
998 999 1000 
4 
620 997 999 1000 
3 
997 998 1000 
3 
997 998 999 