
250 
4 
3 
2 3 4 
3 
1 3 4 
3 
1 2 4 
3 
1 2 3 
4 
6 7 8 801 
6 
5 7 8 432 801 802 
8 
5 6 8 170 801 802 803 804 
7 
5 6 7 169 170 801 804 
5 
10 11 12 385 386 
4 
9 11 12 386 
5 
9 10 12 386 387 
7 
9 10 11 385 386 387 388 
5 
14 15 16 503 504 
4 
13 15 16 503 
3 
13 14 16 
3 
13 14 15 
4 
18 19 20 360 
5 
17 19 20 359 360 
3 
17 18 20 
3 
17 18 19 
3 
22 23 24 
3 
21 23 24 
6 
21 22 24 90 473 513 
5 
21 22 23 89 90 
4 
26 27 28 950 
3 
25 27 28 
3 
25 26 28 
6 
25 26 27 442 950 951 
5 
30 31 32 506 507 
3 
29 31 32 
5 
29 30 32 157 158 
5 
29 30 31 157 507 
4 
34 35 36 282 
3 
33 35 36 
3 
33 34 36 
5 
33 34 35 282 283 
6 
38 39 40 106 726 727 
4 
37 39 40 80 
3 
37 38 40 
6 
37 38 39 106 107 727 
4 
42 43 44 571 
3 
41 43 44 
3 
41 42 44 
3 
41 42 43 
3 
46 47 48 
3 
45 47 48 
5 
45 46 48 557 558 
4 
45 46 47 557 
4 
50 51 52 749 
5 
49 51 52 749 750 
7 
49 50 52 749 750 751 752 
6 
49 50 51 749 752 934 
7 
54 55 56 305 308 849 852 
11 
53 55 56 305 306 307 308 849 850 851 852 
7 
53 54 56 307 308 851 852 
5 
53 54 55 308 852 
8 
58 59 60 210 343 809 987 988 
6 
57 59 60 809 810 987 
7 
57 58 60 809 810 811 812 
7 
57 58 59 210 211 809 812 
8 
62 63 64 145 148 168 881 882 
10 
61 63 64 145 146 147 148 167 168 882 
7 
61 62 64 147 148 882 883 
8 
61 62 63 148 881 882 883 884 
3 
66 67 68 
3 
65 67 68 
3 
65 66 68 
3 
65 66 67 
3 
70 71 72 
3 
69 71 72 
3 
69 70 72 
3 
69 70 71 
3 
74 75 76 
3 
73 75 76 
3 
73 74 76 
3 
73 74 75 
3 
78 79 80 
3 
77 79 80 
3 
77 78 80 
4 
38 77 78 79 
8 
82 83 84 137 138 139 140 198 
5 
81 83 84 138 139 
5 
81 82 84 139 886 
9 
81 82 83 139 140 198 199 885 886 
4 
86 87 88 825 
5 
85 87 88 825 826 
9 
85 86 88 509 510 825 826 827 828 
6 
85 86 87 509 825 828 
4 
24 90 91 92 
6 
23 24 89 91 92 513 
5 
89 90 92 513 516 
3 
89 90 91 
3 
94 95 96 
3 
93 95 96 
3 
93 94 96 
3 
93 94 95 
5 
98 99 100 405 760 
7 
97 99 100 405 406 759 760 
5 
97 98 100 407 408 
4 
97 98 99 408 
3 
102 103 104 
4 
101 103 104 392 
3 
101 102 104 
3 
101 102 103 
4 
106 107 108 728 
7 
37 40 105 107 108 727 728 
4 
40 105 106 108 
4 
105 106 107 570 
3 
110 111 112 
4 
109 111 112 681 
5 
109 110 112 681 684 
3 
109 110 111 
5 
114 115 116 286 287 
3 
113 115 116 
3 
113 114 116 
4 
113 114 115 287 
3 
118 119 120 
5 
117 119 120 665 668 
4 
117 118 120 668 
4 
117 118 119 242 
3 
122 123 124 
3 
121 123 124 
3 
121 122 124 
3 
121 122 123 
4 
126 127 128 779 
3 
125 127 128 
3 
125 126 128 
3 
125 126 127 
3 
130 131 132 
3 
129 131 132 
3 
129 130 132 
3 
129 130 131 
5 
134 135 136 393 396 
7 
133 135 136 393 394 395 396 
5 
133 134 136 395 396 
5 
133 134 135 396 974 
6 
81 138 139 140 197 198 
6 
81 82 137 139 140 198 
11 
81 82 83 84 137 138 140 198 199 885 886 
10 
81 84 137 138 139 197 198 199 200 885 
4 
142 143 144 683 
3 
141 143 144 
3 
141 142 144 
3 
141 142 143 
9 
61 62 146 147 148 165 168 881 882 
9 
62 145 147 148 165 166 167 168 882 
9 
62 63 145 146 148 167 168 882 883 
12 
61 62 63 64 145 146 147 168 881 882 883 884 
4 
150 151 152 412 
5 
149 151 152 411 412 
3 
149 150 152 
4 
149 150 151 310 
3 
154 155 156 
3 
153 155 156 
3 
153 154 156 
3 
153 154 155 
5 
31 32 158 159 160 
4 
31 157 159 160 
5 
157 158 160 777 778 
4 
157 158 159 777 
5 
162 163 164 574 575 
4 
161 163 164 696 
3 
161 162 164 
5 
161 162 163 358 575 
6 
145 146 166 167 168 556 
6 
146 165 167 168 555 556 
6 
62 146 147 165 166 168 
10 
61 62 145 146 147 148 165 166 167 882 
6 
8 170 171 172 801 804 
9 
7 8 169 171 172 801 802 803 804 
5 
169 170 172 803 804 
4 
169 170 171 804 
5 
174 175 176 741 742 
4 
173 175 176 742 
5 
173 174 176 742 743 
7 
173 174 175 741 742 743 744 
3 
178 179 180 
3 
177 179 180 
5 
177 178 180 585 586 
4 
177 178 179 585 
3 
182 183 184 
3 
181 183 184 
3 
181 182 184 
3 
181 182 183 
3 
186 187 188 
3 
185 187 188 
3 
185 186 188 
3 
185 186 187 
4 
190 191 192 597 
5 
189 191 192 597 598 
7 
189 190 192 597 598 599 600 
5 
189 190 191 597 600 
8 
194 195 196 267 268 923 924 989 
7 
193 195 196 267 923 989 990 
8 
193 194 196 970 989 990 991 992 
7 
193 194 195 969 970 989 992 
5 
137 140 198 199 200 
9 
81 84 137 138 139 140 197 199 200 
7 
84 139 140 197 198 200 885 
4 
140 197 198 199 
3 
202 203 204 
3 
201 203 204 
4 
201 202 204 645 
3 
201 202 203 
3 
206 207 208 
3 
205 207 208 
3 
205 206 208 
3 
205 206 207 
7 
210 211 212 344 917 918 988 
10 
57 60 209 211 212 343 344 918 987 988 
6 
60 209 210 212 918 919 
7 
209 210 211 917 918 919 920 
3 
214 215 216 
3 
213 215 216 
3 
213 214 216 
3 
213 214 215 
6 
218 219 220 937 938 996 
6 
217 219 220 938 995 996 
5 
217 218 220 938 939 
7 
217 218 219 937 938 939 940 
3 
222 223 224 
3 
221 223 224 
3 
221 222 224 
3 
221 222 223 
3 
226 227 228 
3 
225 227 228 
3 
225 226 228 
4 
225 226 227 978 
3 
230 231 232 
3 
229 231 232 
3 
229 230 232 
3 
229 230 231 
3 
234 235 236 
4 
233 235 236 949 
11 
233 234 236 625 626 697 698 869 870 949 952 
6 
233 234 235 625 697 869 
5 
238 239 240 443 444 
4 
237 239 240 443 
3 
237 238 240 
3 
237 238 239 
3 
242 243 244 
4 
120 241 243 244 
3 
241 242 244 
3 
241 242 243 
4 
246 247 248 416 
5 
245 247 248 415 416 
3 
245 246 248 
3 
245 246 247 
3 
250 251 252 
4 
249 251 252 452 
3 
249 250 252 
3 
249 250 251 
3 
254 255 256 
4 
253 255 256 741 
5 
253 254 256 741 744 
3 
253 254 255 
3 
258 259 260 
3 
257 259 260 
4 
257 258 260 594 
5 
257 258 259 593 594 
3 
262 263 264 
3 
261 263 264 
3 
261 262 264 
3 
261 262 263 
9 
266 267 268 585 586 587 588 921 922 
6 
265 267 268 586 587 922 
8 
193 194 265 266 268 587 922 923 
10 
193 265 266 267 587 588 921 922 923 924 
3 
270 271 272 
6 
269 271 272 421 424 720 
4 
269 270 272 424 
3 
269 270 271 
3 
274 275 276 
3 
273 275 276 
3 
273 274 276 
3 
273 274 275 
5 
278 279 280 518 519 
4 
277 279 280 465 
5 
277 278 280 465 468 
4 
277 278 279 519 
4 
282 283 284 378 
5 
33 36 281 283 284 
4 
36 281 282 284 
5 
281 282 283 378 379 
5 
286 287 288 899 900 
5 
113 285 287 288 899 
5 
113 116 285 286 288 
3 
285 286 287 
3 
290 291 292 
3 
289 291 292 
3 
289 290 292 
3 
289 290 291 
4 
294 295 296 457 
5 
293 295 296 457 458 
7 
293 294 296 457 458 459 460 
5 
293 294 295 457 460 
3 
298 299 300 
3 
297 299 300 
4 
297 298 300 538 
5 
297 298 299 537 538 
3 
302 303 304 
3 
301 303 304 
3 
301 302 304 
3 
301 302 303 
7 
53 54 306 307 308 849 852 
8 
54 305 307 308 849 850 851 852 
7 
54 55 305 306 308 851 852 
8 
53 54 55 56 305 306 307 852 
5 
310 311 312 738 739 
4 
152 309 311 312 
3 
309 310 312 
4 
309 310 311 739 
7 
314 315 316 895 896 910 911 
4 
313 315 316 895 
3 
313 314 316 
4 
313 314 315 911 
4 
318 319 320 340 
5 
317 319 320 339 340 
3 
317 318 320 
3 
317 318 319 
4 
322 323 324 679 
3 
321 323 324 
3 
321 322 324 
4 
321 322 323 334 
3 
326 327 328 
3 
325 327 328 
3 
325 326 328 
3 
325 326 327 
3 
330 331 332 
4 
329 331 332 716 
5 
329 330 332 865 866 
4 
329 330 331 865 
3 
334 335 336 
4 
324 333 335 336 
3 
333 334 336 
4 
333 334 335 606 
3 
338 339 340 
3 
337 339 340 
4 
318 337 338 340 
5 
317 318 337 338 339 
4 
342 343 344 985 
5 
341 343 344 985 986 
8 
57 210 341 342 344 809 987 988 
7 
209 210 341 342 343 918 988 
3 
346 347 348 
3 
345 347 348 
3 
345 346 348 
4 
345 346 347 546 
3 
350 351 352 
3 
349 351 352 
3 
349 350 352 
3 
349 350 351 
7 
354 355 356 475 476 515 516 
5 
353 355 356 475 515 
3 
353 354 356 
3 
353 354 355 
3 
358 359 360 
4 
164 357 359 360 
4 
18 357 358 360 
5 
17 18 357 358 359 
5 
362 363 364 491 492 
4 
361 363 364 491 
3 
361 362 364 
3 
361 362 363 
5 
366 367 368 837 840 
7 
365 367 368 837 838 839 840 
5 
365 366 368 839 840 
4 
365 366 367 840 
3 
370 371 372 
3 
369 371 372 
5 
369 370 372 837 838 
4 
369 370 371 837 
3 
374 375 376 
5 
373 375 376 769 908 
5 
373 374 376 769 772 
3 
373 374 375 
3 
378 379 380 
5 
281 284 377 379 380 
4 
284 377 378 380 
3 
377 378 379 
3 
382 383 384 
3 
381 383 384 
3 
381 382 384 
3 
381 382 383 
5 
9 12 386 387 388 
7 
9 10 11 12 385 387 388 
5 
11 12 385 386 388 
4 
12 385 386 387 
3 
390 391 392 
3 
389 391 392 
3 
389 390 392 
4 
102 389 390 391 
5 
133 134 394 395 396 
4 
134 393 395 396 
5 
134 135 393 394 396 
7 
133 134 135 136 393 394 395 
3 
398 399 400 
3 
397 399 400 
3 
397 398 400 
3 
397 398 399 
3 
402 403 404 
3 
401 403 404 
3 
401 402 404 
3 
401 402 403 
7 
97 98 406 407 408 759 760 
6 
98 405 407 408 692 759 
4 
99 405 406 408 
5 
99 100 405 406 407 
5 
410 411 412 609 612 
7 
409 411 412 609 610 611 612 
6 
150 409 410 412 611 612 
6 
149 150 409 410 411 612 
3 
414 415 416 
3 
413 415 416 
4 
246 413 414 416 
5 
245 246 413 414 415 
4 
418 419 420 477 
4 
417 419 420 478 
5 
417 418 420 478 479 
5 
417 418 419 477 480 
6 
270 422 423 424 717 720 
7 
421 423 424 717 718 719 720 
5 
421 422 424 719 720 
6 
270 271 421 422 423 720 
3 
426 427 428 
3 
425 427 428 
4 
425 426 428 994 
5 
425 426 427 993 994 
3 
430 431 432 
3 
429 431 432 
5 
429 430 432 802 901 
6 
6 429 430 431 801 802 
3 
434 435 436 
3 
433 435 436 
3 
433 434 436 
3 
433 434 435 
3 
438 439 440 
3 
437 439 440 
3 
437 438 440 
3 
437 438 439 
10 
442 443 444 627 628 699 700 871 872 952 
9 
28 441 443 444 627 699 871 951 952 
5 
237 238 441 442 444 
4 
237 441 442 443 
3 
446 447 448 
3 
445 447 448 
3 
445 446 448 
3 
445 446 447 
5 
450 451 452 789 792 
7 
449 451 452 789 790 791 792 
5 
449 450 452 791 792 
5 
250 449 450 451 792 
3 
454 455 456 
5 
453 455 456 633 636 
4 
453 454 456 636 
3 
453 454 455 
7 
293 294 295 296 458 459 460 
5 
294 295 457 459 460 
4 
295 457 458 460 
5 
295 296 457 458 459 
3 
462 463 464 
4 
461 463 464 856 
3 
461 462 464 
3 
461 462 463 
6 
278 279 466 467 468 652 
5 
465 467 468 651 652 
3 
465 466 468 
4 
279 465 466 467 
3 
470 471 472 
3 
469 471 472 
3 
469 470 472 
4 
469 470 471 734 
6 
23 474 475 476 513 514 
4 
473 475 476 514 
7 
353 354 473 474 476 514 515 
8 
353 473 474 475 513 514 515 516 
5 
417 420 478 479 480 
5 
418 419 477 479 480 
4 
419 477 478 480 
4 
420 477 478 479 
3 
482 483 484 
3 
481 483 484 
3 
481 482 484 
3 
481 482 483 
5 
486 487 488 829 830 
4 
485 487 488 830 
5 
485 486 488 830 831 
7 
485 486 487 829 830 831 832 
5 
490 491 492 614 615 
3 
489 491 492 
5 
361 362 489 490 492 
5 
361 489 490 491 615 
3 
494 495 496 
3 
493 495 496 
3 
493 494 496 
3 
493 494 495 
3 
498 499 500 
4 
497 499 500 537 
4 
497 498 500 540 
3 
497 498 499 
3 
502 503 504 
3 
501 503 504 
5 
13 14 501 502 504 
4 
13 501 502 503 
3 
506 507 508 
4 
29 505 507 508 
5 
29 32 505 506 508 
3 
505 506 507 
6 
87 88 510 511 512 828 
6 
87 509 511 512 827 828 
3 
509 510 512 
3 
509 510 511 
8 
23 90 91 473 476 514 515 516 
7 
473 474 475 476 513 515 516 
7 
353 354 475 476 513 514 516 
6 
91 353 476 513 514 515 
3 
518 519 520 
4 
277 517 519 520 
5 
277 280 517 518 520 
3 
517 518 519 
7 
522 523 524 929 930 931 932 
5 
521 523 524 930 931 
4 
521 522 524 931 
5 
521 522 523 931 932 
3 
526 527 528 
3 
525 527 528 
3 
525 526 528 
3 
525 526 527 
5 
530 531 532 769 770 
5 
529 531 532 573 770 
7 
529 530 532 573 576 770 771 
7 
529 530 531 769 770 771 772 
7 
534 535 536 701 702 703 704 
5 
533 535 536 702 703 
4 
533 534 536 703 
5 
533 534 535 703 704 
5 
300 498 538 539 540 
5 
299 300 537 539 540 
3 
537 538 540 
4 
499 537 538 539 
3 
542 543 544 
3 
541 543 544 
3 
541 542 544 
4 
541 542 543 634 
3 
546 547 548 
4 
348 545 547 548 
3 
545 546 548 
3 
545 546 547 
7 
550 551 552 785 786 787 788 
5 
549 551 552 786 787 
4 
549 550 552 787 
5 
549 550 551 787 788 
5 
554 555 556 815 816 
4 
553 555 556 815 
4 
166 553 554 556 
5 
165 166 553 554 555 
5 
47 48 558 559 560 
4 
47 557 559 560 
3 
557 558 560 
3 
557 558 559 
3 
562 563 564 
3 
561 563 564 
3 
561 562 564 
3 
561 562 563 
3 
566 567 568 
3 
565 567 568 
3 
565 566 568 
3 
565 566 567 
3 
570 571 572 
4 
108 569 571 572 
4 
41 569 570 572 
3 
569 570 571 
5 
530 531 574 575 576 
4 
161 573 575 576 
5 
161 164 573 574 576 
4 
531 573 574 575 
3 
578 579 580 
3 
577 579 580 
3 
577 578 580 
3 
577 578 579 
4 
582 583 584 820 
5 
581 583 584 819 820 
3 
581 582 584 
3 
581 582 583 
6 
179 180 265 586 587 588 
6 
179 265 266 585 587 588 
9 
265 266 267 268 585 586 588 921 922 
6 
265 268 585 586 587 921 
3 
590 591 592 
3 
589 591 592 
3 
589 590 592 
3 
589 590 591 
6 
260 594 595 596 850 851 
5 
259 260 593 595 596 
3 
593 594 596 
4 
593 594 595 851 
7 
189 190 191 192 598 599 600 
5 
190 191 597 599 600 
4 
191 597 598 600 
5 
191 192 597 598 599 
3 
602 603 604 
3 
601 603 604 
3 
601 602 604 
3 
601 602 603 
3 
606 607 608 
4 
336 605 607 608 
3 
605 606 608 
3 
605 606 607 
5 
409 410 610 611 612 
4 
410 609 611 612 
5 
410 411 609 610 612 
7 
409 410 411 412 609 610 611 
3 
614 615 616 
4 
489 613 615 616 
5 
489 492 613 614 616 
3 
613 614 615 
3 
618 619 620 
3 
617 619 620 
3 
617 618 620 
3 
617 618 619 
3 
622 623 624 
3 
621 623 624 
3 
621 622 624 
3 
621 622 623 
7 
235 236 626 627 628 697 869 
10 
235 625 627 628 697 698 869 870 949 952 
14 
441 442 625 626 628 697 698 699 700 869 870 871 872 952 
8 
441 625 626 627 697 700 869 872 
3 
630 631 632 
3 
629 631 632 
3 
629 630 632 
3 
629 630 631 
4 
454 634 635 636 
4 
544 633 635 636 
3 
633 634 636 
5 
454 455 633 634 635 
3 
638 639 640 
3 
637 639 640 
3 
637 638 640 
3 
637 638 639 
3 
642 643 644 
4 
641 643 644 997 
4 
641 642 644 1000 
3 
641 642 643 
4 
203 646 647 648 
3 
645 647 648 
3 
645 646 648 
3 
645 646 647 
3 
650 651 652 
3 
649 651 652 
4 
466 649 650 652 
5 
465 466 649 650 651 
3 
654 655 656 
3 
653 655 656 
3 
653 654 656 
3 
653 654 655 
3 
658 659 660 
3 
657 659 660 
3 
657 658 660 
3 
657 658 659 
3 
662 663 664 
3 
661 663 664 
3 
661 662 664 
3 
661 662 663 
4 
118 666 667 668 
3 
665 667 668 
3 
665 666 668 
5 
118 119 665 666 667 
3 
670 671 672 
3 
669 671 672 
3 
669 670 672 
3 
669 670 671 
5 
674 675 676 865 868 
7 
673 675 676 865 866 867 868 
5 
673 674 676 867 868 
4 
673 674 675 868 
3 
678 679 680 
4 
677 679 680 684 
4 
321 677 678 680 
3 
677 678 679 
5 
110 111 682 683 684 
3 
681 683 684 
4 
141 681 682 684 
5 
111 678 681 682 683 
3 
686 687 688 
3 
685 687 688 
3 
685 686 688 
3 
685 686 687 
3 
690 691 692 
3 
689 691 692 
3 
689 690 692 
4 
406 689 690 691 
3 
694 695 696 
3 
693 695 696 
3 
693 694 696 
4 
162 693 694 695 
13 
235 236 625 626 627 628 698 699 700 869 872 949 952 
12 
235 626 627 697 699 700 870 871 949 950 951 952 
9 
441 442 627 697 698 700 871 951 952 
8 
441 627 628 697 698 699 872 952 
4 
533 702 703 704 
5 
533 534 701 703 704 
7 
533 534 535 536 701 702 704 
5 
533 536 701 702 703 
3 
706 707 708 
3 
705 707 708 
3 
705 706 708 
3 
705 706 707 
3 
710 711 712 
3 
709 711 712 
3 
709 710 712 
3 
709 710 711 
3 
714 715 716 
3 
713 715 716 
3 
713 714 716 
4 
330 713 714 715 
5 
421 422 718 719 720 
4 
422 717 719 720 
5 
422 423 717 718 720 
8 
270 421 422 423 424 717 718 719 
4 
722 723 724 757 
5 
721 723 724 757 758 
7 
721 722 724 757 758 759 760 
5 
721 722 723 757 760 
3 
726 727 728 
4 
37 725 727 728 
6 
37 40 106 725 726 728 
5 
105 106 725 726 727 
3 
730 731 732 
3 
729 731 732 
3 
729 730 732 
3 
729 730 731 
3 
734 735 736 
4 
472 733 735 736 
3 
733 734 736 
3 
733 734 735 
3 
738 739 740 
4 
309 737 739 740 
5 
309 312 737 738 740 
3 
737 738 739 
7 
173 176 254 255 742 743 744 
7 
173 174 175 176 741 743 744 
5 
175 176 741 742 744 
5 
176 255 741 742 743 
3 
746 747 748 
3 
745 747 748 
3 
745 746 748 
3 
745 746 747 
7 
49 50 51 52 750 751 752 
5 
50 51 749 751 752 
4 
51 749 750 752 
6 
51 52 749 750 751 934 
6 
754 755 756 890 913 914 
4 
753 755 756 914 
5 
753 754 756 914 915 
9 
753 754 755 890 891 913 914 915 916 
7 
721 722 723 724 758 759 760 
5 
722 723 757 759 760 
7 
98 405 406 723 757 758 760 
8 
97 98 405 723 724 757 758 759 
3 
762 763 764 
3 
761 763 764 
3 
761 762 764 
3 
761 762 763 
3 
766 767 768 
3 
765 767 768 
3 
765 766 768 
3 
765 766 767 
7 
374 375 529 532 770 771 772 
7 
529 530 531 532 769 771 772 
5 
531 532 769 770 772 
5 
375 532 769 770 771 
3 
774 775 776 
3 
773 775 776 
3 
773 774 776 
3 
773 774 775 
5 
159 160 778 779 780 
4 
159 777 779 780 
4 
125 777 778 780 
3 
777 778 779 
3 
782 783 784 
3 
781 783 784 
3 
781 782 784 
3 
781 782 783 
4 
549 786 787 788 
5 
549 550 785 787 788 
7 
549 550 551 552 785 786 788 
5 
549 552 785 786 787 
5 
449 450 790 791 792 
4 
450 789 791 792 
5 
450 451 789 790 792 
7 
449 450 451 452 789 790 791 
3 
794 795 796 
3 
793 795 796 
3 
793 794 796 
3 
793 794 795 
3 
798 799 800 
3 
797 799 800 
3 
797 798 800 
3 
797 798 799 
10 
5 6 7 8 169 170 432 802 803 804 
8 
6 7 170 431 432 801 803 804 
6 
7 170 171 801 802 804 
9 
7 8 169 170 171 172 801 802 803 
3 
806 807 808 
3 
805 807 808 
3 
805 806 808 
3 
805 806 807 
9 
57 58 59 60 343 810 811 812 987 
5 
58 59 809 811 812 
4 
59 809 810 812 
5 
59 60 809 810 811 
3 
814 815 816 
3 
813 815 816 
5 
553 554 813 814 816 
4 
553 813 814 815 
3 
818 819 820 
3 
817 819 820 
4 
582 817 818 820 
5 
581 582 817 818 819 
3 
822 823 824 
3 
821 823 824 
3 
821 822 824 
3 
821 822 823 
7 
85 86 87 88 826 827 828 
5 
86 87 825 827 828 
5 
87 510 825 826 828 
7 
87 88 509 510 825 826 827 
5 
485 488 830 831 832 
7 
485 486 487 488 829 831 832 
5 
487 488 829 830 832 
4 
488 829 830 831 
3 
834 835 836 
3 
833 835 836 
3 
833 834 836 
3 
833 834 835 
7 
365 366 371 372 838 839 840 
5 
366 371 837 839 840 
5 
366 367 837 838 840 
7 
365 366 367 368 837 838 839 
7 
842 843 844 965 966 967 968 
5 
841 843 844 966 967 
4 
841 842 844 967 
5 
841 842 843 967 968 
3 
846 847 848 
3 
845 847 848 
3 
845 846 848 
3 
845 846 847 
7 
53 54 305 306 850 851 852 
6 
54 306 593 849 851 852 
9 
54 55 306 307 593 596 849 850 852 
11 
53 54 55 56 305 306 307 308 849 850 851 
3 
854 855 856 
3 
853 855 856 
3 
853 854 856 
4 
462 853 854 855 
3 
858 859 860 
3 
857 859 860 
3 
857 858 860 
3 
857 858 859 
3 
862 863 864 
3 
861 863 864 
3 
861 862 864 
3 
861 862 863 
7 
331 332 673 674 866 867 868 
5 
331 674 865 867 868 
5 
674 675 865 866 868 
7 
673 674 675 676 865 866 867 
12 
235 236 625 626 627 628 697 870 871 872 949 952 
11 
235 626 627 698 869 871 872 949 950 951 952 
10 
441 442 627 698 699 869 870 872 951 952 
9 
441 627 628 697 700 869 870 871 952 
3 
874 875 876 
3 
873 875 876 
3 
873 874 876 
3 
873 874 875 
3 
878 879 880 
3 
877 879 880 
3 
877 878 880 
3 
877 878 879 
7 
61 64 145 148 882 883 884 
12 
61 62 63 64 145 146 147 148 168 881 883 884 
7 
63 64 147 148 881 882 884 
5 
64 148 881 882 883 
7 
84 139 140 199 886 887 888 
6 
83 84 139 885 887 888 
3 
885 886 888 
3 
885 886 887 
3 
890 891 892 
7 
753 756 889 891 892 913 916 
5 
756 889 890 892 916 
3 
889 890 891 
3 
894 895 896 
3 
893 895 896 
6 
313 314 893 894 896 910 
6 
313 893 894 895 909 910 
3 
898 899 900 
3 
897 899 900 
5 
285 286 897 898 900 
4 
285 897 898 899 
4 
431 902 903 904 
3 
901 903 904 
3 
901 902 904 
3 
901 902 903 
3 
906 907 908 
3 
905 907 908 
3 
905 906 908 
4 
374 905 906 907 
4 
896 910 911 912 
6 
313 895 896 909 911 912 
5 
313 316 909 910 912 
3 
909 910 911 
6 
753 756 890 914 915 916 
7 
753 754 755 756 913 915 916 
5 
755 756 913 914 916 
6 
756 890 891 913 914 915 
5 
209 212 918 919 920 
9 
209 210 211 212 344 917 919 920 988 
5 
211 212 917 918 920 
4 
212 917 918 919 
7 
265 268 587 588 922 923 924 
8 
265 266 267 268 587 921 923 924 
9 
193 194 267 268 921 922 924 989 990 
6 
193 268 921 922 923 989 
3 
926 927 928 
3 
925 927 928 
3 
925 926 928 
3 
925 926 927 
4 
521 930 931 932 
5 
521 522 929 931 932 
7 
521 522 523 524 929 930 932 
5 
521 524 929 930 931 
3 
934 935 936 
5 
52 752 933 935 936 
3 
933 934 936 
3 
933 934 935 
6 
217 220 938 939 940 996 
9 
217 218 219 220 937 939 940 995 996 
5 
219 220 937 938 940 
4 
220 937 938 939 
3 
942 943 944 
3 
941 943 944 
3 
941 942 944 
3 
941 942 943 
3 
946 947 948 
3 
945 947 948 
3 
945 946 948 
3 
945 946 947 
10 
234 235 626 697 698 869 870 950 951 952 
7 
25 28 698 870 949 951 952 
9 
28 442 698 699 870 871 949 950 952 
16 
235 441 442 626 627 697 698 699 700 869 870 871 872 949 950 951 
3 
954 955 956 
3 
953 955 956 
3 
953 954 956 
3 
953 954 955 
3 
958 959 960 
3 
957 959 960 
3 
957 958 960 
3 
957 958 959 
3 
962 963 964 
3 
961 963 964 
3 
961 962 964 
3 
961 962 963 
4 
841 966 967 968 
5 
841 842 965 967 968 
7 
841 842 843 844 965 966 968 
5 
841 844 965 966 967 
6 
196 970 971 972 989 992 
9 
195 196 969 971 972 989 990 991 992 
5 
969 970 972 991 992 
4 
969 970 971 992 
3 
974 975 976 
4 
136 973 975 976 
3 
973 974 976 
3 
973 974 975 
3 
978 979 980 
4 
228 977 979 980 
3 
977 978 980 
3 
977 978 979 
3 
982 983 984 
3 
981 983 984 
3 
981 982 984 
3 
981 982 983 
5 
341 342 986 987 988 
4 
342 985 987 988 
8 
57 58 210 343 809 985 986 988 
9 
57 209 210 343 344 918 985 986 987 
11 
193 194 195 196 923 924 969 970 990 991 992 
7 
194 195 923 970 989 991 992 
6 
195 970 971 989 990 992 
9 
195 196 969 970 971 972 989 990 991 
4 
428 994 995 996 
5 
427 428 993 995 996 
5 
218 938 993 994 996 
7 
217 218 937 938 993 994 995 
4 
642 998 999 1000 
3 
997 999 1000 
3 
997 998 1000 
4 
643 997 998 999 