
250 
4 
3 
2 3 4 
5 
1 3 4 941 944 
4 
1 2 4 944 
3 
1 2 3 
7 
6 7 8 421 422 423 424 
5 
5 7 8 422 423 
4 
5 6 8 423 
5 
5 6 7 423 424 
6 
10 11 12 187 949 952 
7 
9 11 12 949 950 951 952 
7 
9 10 12 65 66 951 952 
5 
9 10 11 65 952 
4 
14 15 16 481 
5 
13 15 16 481 482 
7 
13 14 16 481 482 483 484 
6 
13 14 15 54 481 484 
4 
18 19 20 511 
3 
17 19 20 
4 
17 18 20 889 
3 
17 18 19 
4 
22 23 24 182 
3 
21 23 24 
3 
21 22 24 
4 
21 22 23 183 
4 
26 27 28 102 
3 
25 27 28 
4 
25 26 28 238 
7 
25 26 27 102 103 237 238 
3 
30 31 32 
3 
29 31 32 
3 
29 30 32 
3 
29 30 31 
3 
34 35 36 
3 
33 35 36 
3 
33 34 36 
3 
33 34 35 
5 
38 39 40 725 728 
7 
37 39 40 725 726 727 728 
5 
37 38 40 727 728 
4 
37 38 39 728 
10 
42 43 44 499 553 556 749 750 751 752 
9 
41 43 44 553 554 555 556 750 751 
8 
41 42 44 555 556 665 666 751 
7 
41 42 43 556 665 751 752 
3 
46 47 48 
3 
45 47 48 
3 
45 46 48 
3 
45 46 47 
3 
50 51 52 
3 
49 51 52 
6 
49 50 52 169 170 978 
6 
49 50 51 169 977 978 
3 
54 55 56 
4 
16 53 55 56 
5 
53 54 56 493 494 
4 
53 54 55 493 
3 
58 59 60 
3 
57 59 60 
3 
57 58 60 
3 
57 58 59 
6 
62 63 64 474 706 707 
3 
61 63 64 
3 
61 62 64 
5 
61 62 63 475 707 
6 
11 12 66 67 68 952 
6 
11 65 67 68 951 952 
3 
65 66 68 
3 
65 66 67 
3 
70 71 72 
3 
69 71 72 
3 
69 70 72 
3 
69 70 71 
6 
74 75 76 856 997 998 
6 
73 75 76 855 856 998 
5 
73 74 76 998 999 
7 
73 74 75 997 998 999 1000 
4 
78 79 80 137 
5 
77 79 80 137 138 
7 
77 78 80 137 138 139 140 
5 
77 78 79 137 140 
4 
82 83 84 807 
3 
81 83 84 
3 
81 82 84 
3 
81 82 83 
6 
86 87 88 625 628 641 
9 
85 87 88 625 626 627 628 641 642 
9 
85 86 88 627 628 641 642 643 644 
6 
85 86 87 628 641 644 
5 
90 91 92 198 199 
3 
89 91 92 
3 
89 90 92 
4 
89 90 91 199 
5 
94 95 96 179 180 
4 
93 95 96 179 
3 
93 94 96 
3 
93 94 95 
3 
98 99 100 
4 
97 99 100 377 
5 
97 98 100 377 380 
3 
97 98 99 
3 
102 103 104 
6 
25 28 101 103 104 237 
6 
28 101 102 104 237 240 
3 
101 102 103 
4 
106 107 108 305 
5 
105 107 108 305 306 
7 
105 106 108 305 306 307 308 
5 
105 106 107 305 308 
3 
110 111 112 
3 
109 111 112 
3 
109 110 112 
3 
109 110 111 
3 
114 115 116 
3 
113 115 116 
3 
113 114 116 
3 
113 114 115 
7 
118 119 120 526 527 917 981 
7 
117 119 120 917 918 981 982 
11 
117 118 120 917 918 919 920 981 982 983 984 
8 
117 118 119 527 917 920 981 984 
4 
122 123 124 383 
4 
121 123 124 596 
4 
121 122 124 326 
5 
121 122 123 325 326 
3 
126 127 128 
3 
125 127 128 
3 
125 126 128 
3 
125 126 127 
4 
130 131 132 478 
3 
129 131 132 
3 
129 130 132 
5 
129 130 131 478 479 
5 
134 135 136 643 644 
4 
133 135 136 643 
3 
133 134 136 
3 
133 134 135 
7 
77 78 79 80 138 139 140 
5 
78 79 137 139 140 
4 
79 137 138 140 
5 
79 80 137 138 139 
3 
142 143 144 
3 
141 143 144 
3 
141 142 144 
3 
141 142 143 
5 
146 147 148 445 448 
7 
145 147 148 445 446 447 448 
5 
145 146 148 447 448 
4 
145 146 147 448 
3 
150 151 152 
3 
149 151 152 
3 
149 150 152 
3 
149 150 151 
3 
154 155 156 
3 
153 155 156 
3 
153 154 156 
3 
153 154 155 
11 
158 159 160 261 262 729 732 801 802 803 804 
8 
157 159 160 262 730 731 802 803 
7 
157 158 160 262 263 731 803 
10 
157 158 159 261 262 263 264 732 803 804 
4 
162 163 164 942 
3 
161 163 164 
3 
161 162 164 
5 
161 162 163 942 943 
3 
166 167 168 
5 
165 167 168 813 816 
4 
165 166 168 816 
3 
165 166 167 
7 
51 52 170 171 172 977 978 
5 
51 169 171 172 978 
5 
169 170 172 218 979 
7 
169 170 171 217 218 979 980 
5 
174 175 176 365 368 
7 
173 175 176 365 366 367 368 
7 
173 174 176 367 368 533 534 
5 
173 174 175 368 533 
3 
178 179 180 
3 
177 179 180 
5 
93 94 177 178 180 
4 
93 177 178 179 
3 
182 183 184 
4 
21 181 183 184 
4 
24 181 182 184 
3 
181 182 183 
3 
186 187 188 
3 
185 187 188 
5 
9 185 186 188 949 
3 
185 186 187 
3 
190 191 192 
3 
189 191 192 
5 
189 190 192 393 394 
4 
189 190 191 393 
3 
194 195 196 
3 
193 195 196 
3 
193 194 196 
3 
193 194 195 
3 
198 199 200 
4 
89 197 199 200 
5 
89 92 197 198 200 
3 
197 198 199 
4 
202 203 204 416 
5 
201 203 204 415 416 
8 
201 202 204 685 686 897 898 926 
7 
201 202 203 685 897 925 926 
3 
206 207 208 
3 
205 207 208 
5 
205 206 208 241 242 
4 
205 206 207 241 
3 
210 211 212 
3 
209 211 212 
3 
209 210 212 
3 
209 210 211 
3 
214 215 216 
3 
213 215 216 
3 
213 214 216 
3 
213 214 215 
6 
172 218 219 220 979 980 
6 
171 172 217 219 220 979 
3 
217 218 220 
3 
217 218 219 
3 
222 223 224 
3 
221 223 224 
3 
221 222 224 
3 
221 222 223 
4 
226 227 228 702 
3 
225 227 228 
3 
225 226 228 
5 
225 226 227 702 703 
3 
230 231 232 
3 
229 231 232 
3 
229 230 232 
3 
229 230 231 
3 
234 235 236 
4 
233 235 236 785 
6 
233 234 236 629 785 788 
3 
233 234 235 
6 
28 102 103 238 239 240 
5 
27 28 237 239 240 
3 
237 238 240 
4 
103 237 238 239 
5 
207 208 242 243 244 
4 
207 241 243 244 
3 
241 242 244 
3 
241 242 243 
3 
246 247 248 
3 
245 247 248 
3 
245 246 248 
3 
245 246 247 
3 
250 251 252 
4 
249 251 252 529 
7 
249 250 252 505 506 529 532 
4 
249 250 251 505 
3 
254 255 256 
5 
253 255 256 288 453 
5 
253 254 256 453 456 
3 
253 254 255 
7 
258 259 260 589 590 591 592 
5 
257 259 260 590 591 
4 
257 258 260 591 
5 
257 258 259 591 592 
9 
157 160 262 263 264 729 732 803 804 
12 
157 158 159 160 261 263 264 729 730 731 732 803 
7 
159 160 261 262 264 731 732 
5 
160 261 262 263 732 
3 
266 267 268 
3 
265 267 268 
5 
265 266 268 609 610 
4 
265 266 267 609 
3 
270 271 272 
3 
269 271 272 
3 
269 270 272 
3 
269 270 271 
3 
274 275 276 
4 
273 275 276 573 
4 
273 274 276 576 
3 
273 274 275 
3 
278 279 280 
5 
277 279 280 581 584 
4 
277 278 280 584 
3 
277 278 279 
3 
282 283 284 
3 
281 283 284 
3 
281 282 284 
3 
281 282 283 
4 
286 287 288 815 
5 
285 287 288 649 652 
4 
285 286 288 652 
4 
254 285 286 287 
3 
290 291 292 
3 
289 291 292 
3 
289 290 292 
3 
289 290 291 
5 
294 295 296 491 492 
4 
293 295 296 491 
3 
293 294 296 
3 
293 294 295 
4 
298 299 300 861 
5 
297 299 300 861 862 
9 
297 298 300 861 862 863 864 965 966 
6 
297 298 299 861 864 965 
4 
302 303 304 586 
3 
301 303 304 
3 
301 302 304 
5 
301 302 303 586 587 
7 
105 106 107 108 306 307 308 
5 
106 107 305 307 308 
4 
107 305 306 308 
5 
107 108 305 306 307 
4 
310 311 312 862 
3 
309 311 312 
3 
309 310 312 
5 
309 310 311 862 863 
3 
314 315 316 
3 
313 315 316 
4 
313 314 316 490 
5 
313 314 315 489 490 
3 
318 319 320 
3 
317 319 320 
4 
317 318 320 405 
3 
317 318 319 
3 
322 323 324 
3 
321 323 324 
3 
321 322 324 
3 
321 322 323 
4 
124 326 327 328 
5 
123 124 325 327 328 
3 
325 326 328 
3 
325 326 327 
3 
330 331 332 
3 
329 331 332 
5 
329 330 332 429 430 
4 
329 330 331 429 
3 
334 335 336 
3 
333 335 336 
3 
333 334 336 
3 
333 334 335 
3 
338 339 340 
3 
337 339 340 
3 
337 338 340 
3 
337 338 339 
3 
342 343 344 
3 
341 343 344 
3 
341 342 344 
3 
341 342 343 
3 
346 347 348 
3 
345 347 348 
3 
345 346 348 
3 
345 346 347 
3 
350 351 352 
5 
349 351 352 569 572 
4 
349 350 352 572 
3 
349 350 351 
5 
354 355 356 373 374 
4 
353 355 356 374 
5 
353 354 356 374 375 
7 
353 354 355 373 374 375 376 
3 
358 359 360 
3 
357 359 360 
3 
357 358 360 
3 
357 358 359 
3 
362 363 364 
3 
361 363 364 
3 
361 362 364 
3 
361 362 363 
7 
173 174 366 367 368 743 744 
5 
174 365 367 368 743 
5 
174 175 365 366 368 
7 
173 174 175 176 365 366 367 
3 
370 371 372 
3 
369 371 372 
3 
369 370 372 
3 
369 370 371 
5 
353 356 374 375 376 
7 
353 354 355 356 373 375 376 
5 
355 356 373 374 376 
4 
356 373 374 375 
5 
98 99 378 379 380 
3 
377 379 380 
3 
377 378 380 
4 
99 377 378 379 
3 
382 383 384 
3 
381 383 384 
4 
121 381 382 384 
3 
381 382 383 
3 
386 387 388 
3 
385 387 388 
7 
385 386 388 793 794 929 930 
5 
385 386 387 793 929 
3 
390 391 392 
3 
389 391 392 
3 
389 390 392 
3 
389 390 391 
5 
191 192 394 395 396 
4 
191 393 395 396 
3 
393 394 396 
3 
393 394 395 
5 
398 399 400 955 956 
4 
397 399 400 955 
3 
397 398 400 
3 
397 398 399 
4 
402 403 404 479 
3 
401 403 404 
3 
401 402 404 
3 
401 402 403 
5 
319 406 407 408 772 
5 
405 407 408 771 772 
5 
405 406 408 593 594 
4 
405 406 407 593 
3 
410 411 412 
3 
409 411 412 
3 
409 410 412 
3 
409 410 411 
3 
414 415 416 
3 
413 415 416 
4 
202 413 414 416 
5 
201 202 413 414 415 
3 
418 419 420 
3 
417 419 420 
3 
417 418 420 
3 
417 418 419 
4 
5 422 423 424 
5 
5 6 421 423 424 
7 
5 6 7 8 421 422 424 
5 
5 8 421 422 423 
4 
426 427 428 455 
3 
425 427 428 
3 
425 426 428 
3 
425 426 427 
5 
331 332 430 431 432 
4 
331 429 431 432 
3 
429 430 432 
3 
429 430 431 
5 
434 435 436 745 869 
7 
433 435 436 745 746 869 870 
11 
433 434 436 745 746 747 748 869 870 871 872 
8 
433 434 435 674 745 748 869 872 
3 
438 439 440 
3 
437 439 440 
3 
437 438 440 
3 
437 438 439 
3 
442 443 444 
3 
441 443 444 
3 
441 442 444 
3 
441 442 443 
5 
145 146 446 447 448 
4 
146 445 447 448 
5 
146 147 445 446 448 
7 
145 146 147 148 445 446 447 
3 
450 451 452 
3 
449 451 452 
3 
449 450 452 
3 
449 450 451 
5 
254 255 454 455 456 
3 
453 455 456 
4 
425 453 454 456 
4 
255 453 454 455 
4 
458 459 460 874 
3 
457 459 460 
3 
457 458 460 
5 
457 458 459 874 875 
4 
462 463 464 970 
3 
461 463 464 
3 
461 462 464 
5 
461 462 463 970 971 
3 
466 467 468 
3 
465 467 468 
3 
465 466 468 
3 
465 466 467 
5 
470 471 472 922 923 
3 
469 471 472 
3 
469 470 472 
4 
469 470 471 923 
5 
474 475 476 705 708 
8 
61 473 475 476 705 706 707 708 
6 
64 473 474 476 707 708 
4 
473 474 475 708 
3 
478 479 480 
5 
129 132 477 479 480 
5 
132 401 477 478 480 
3 
477 478 479 
7 
13 14 15 16 482 483 484 
5 
14 15 481 483 484 
4 
15 481 482 484 
5 
15 16 481 482 483 
8 
486 487 488 722 757 758 759 760 
5 
485 487 488 758 759 
4 
485 486 488 759 
7 
485 486 487 722 723 759 760 
4 
316 490 491 492 
5 
315 316 489 491 492 
5 
293 294 489 490 492 
4 
293 489 490 491 
5 
55 56 494 495 496 
4 
55 493 495 496 
3 
493 494 496 
3 
493 494 495 
4 
498 499 500 749 
6 
497 499 500 553 749 750 
10 
41 497 498 500 553 556 749 750 751 752 
5 
497 498 499 749 752 
3 
502 503 504 
3 
501 503 504 
3 
501 502 504 
3 
501 502 503 
7 
251 252 506 507 508 529 532 
8 
251 505 507 508 529 530 531 532 
5 
505 506 508 531 532 
4 
505 506 507 532 
3 
510 511 512 
3 
509 511 512 
4 
17 509 510 512 
3 
509 510 511 
3 
514 515 516 
3 
513 515 516 
3 
513 514 516 
3 
513 514 515 
3 
518 519 520 
3 
517 519 520 
3 
517 518 520 
3 
517 518 519 
3 
522 523 524 
3 
521 523 524 
3 
521 522 524 
3 
521 522 523 
3 
526 527 528 
4 
117 525 527 528 
5 
117 120 525 526 528 
3 
525 526 527 
7 
250 251 505 506 530 531 532 
4 
506 529 531 532 
5 
506 507 529 530 532 
8 
251 505 506 507 508 529 530 531 
5 
175 176 534 535 536 
4 
175 533 535 536 
3 
533 534 536 
4 
533 534 535 770 
3 
538 539 540 
5 
537 539 540 669 672 
4 
537 538 540 672 
3 
537 538 539 
3 
542 543 544 
5 
541 543 544 765 768 
5 
541 542 544 768 974 
5 
541 542 543 973 974 
5 
546 547 548 821 822 
4 
545 547 548 822 
9 
545 546 548 809 810 822 823 893 894 
9 
545 546 547 809 821 822 823 824 893 
3 
550 551 552 
3 
549 551 552 
3 
549 550 552 
3 
549 550 551 
9 
41 42 498 499 554 555 556 750 751 
4 
42 553 555 556 
5 
42 43 553 554 556 
9 
41 42 43 44 499 553 554 555 751 
3 
558 559 560 
3 
557 559 560 
3 
557 558 560 
3 
557 558 559 
3 
562 563 564 
3 
561 563 564 
3 
561 562 564 
3 
561 562 563 
4 
566 567 568 771 
3 
565 567 568 
3 
565 566 568 
4 
565 566 567 594 
4 
350 570 571 572 
3 
569 571 572 
3 
569 570 572 
5 
350 351 569 570 571 
4 
274 574 575 576 
3 
573 575 576 
3 
573 574 576 
4 
275 573 574 575 
3 
578 579 580 
3 
577 579 580 
3 
577 578 580 
3 
577 578 579 
4 
278 582 583 584 
3 
581 583 584 
3 
581 582 584 
5 
278 279 581 582 583 
3 
586 587 588 
5 
301 304 585 587 588 
4 
304 585 586 588 
3 
585 586 587 
4 
257 590 591 592 
5 
257 258 589 591 592 
7 
257 258 259 260 589 590 592 
5 
257 260 589 590 591 
5 
407 408 594 595 596 
5 
407 568 593 595 596 
3 
593 594 596 
4 
122 593 594 595 
7 
598 599 600 877 878 879 880 
7 
597 599 600 761 764 878 879 
5 
597 598 600 764 879 
5 
597 598 599 879 880 
3 
602 603 604 
3 
601 603 604 
3 
601 602 604 
3 
601 602 603 
3 
606 607 608 
3 
605 607 608 
3 
605 606 608 
3 
605 606 607 
5 
267 268 610 611 612 
4 
267 609 611 612 
3 
609 610 612 
3 
609 610 611 
3 
614 615 616 
3 
613 615 616 
3 
613 614 616 
3 
613 614 615 
3 
618 619 620 
3 
617 619 620 
3 
617 618 620 
4 
617 618 619 830 
4 
622 623 624 988 
5 
621 623 624 987 988 
3 
621 622 624 
3 
621 622 623 
5 
85 86 626 627 628 
4 
86 625 627 628 
6 
86 87 625 626 628 642 
9 
85 86 87 88 625 626 627 641 642 
6 
235 630 631 632 785 788 
7 
629 631 632 785 786 787 788 
5 
629 630 632 787 788 
4 
629 630 631 788 
3 
634 635 636 
3 
633 635 636 
3 
633 634 636 
3 
633 634 635 
3 
638 639 640 
4 
637 639 640 701 
5 
637 638 640 701 704 
3 
637 638 639 
8 
85 86 87 88 628 642 643 644 
7 
86 87 627 628 641 643 644 
6 
87 133 134 641 642 644 
6 
87 88 133 641 642 643 
3 
646 647 648 
3 
645 647 648 
3 
645 646 648 
3 
645 646 647 
4 
286 650 651 652 
4 
649 651 652 820 
3 
649 650 652 
5 
286 287 649 650 651 
3 
654 655 656 
3 
653 655 656 
3 
653 654 656 
3 
653 654 655 
3 
658 659 660 
3 
657 659 660 
3 
657 658 660 
3 
657 658 659 
3 
662 663 664 
3 
661 663 664 
3 
661 662 664 
3 
661 662 663 
5 
43 44 666 667 668 
4 
43 665 667 668 
3 
665 666 668 
3 
665 666 667 
4 
538 670 671 672 
3 
669 671 672 
3 
669 670 672 
5 
538 539 669 670 671 
3 
674 675 676 
6 
436 673 675 676 869 872 
4 
673 674 676 872 
3 
673 674 675 
3 
678 679 680 
3 
677 679 680 
3 
677 678 680 
3 
677 678 679 
3 
682 683 684 
3 
681 683 684 
3 
681 682 684 
3 
681 682 683 
9 
203 204 686 687 688 897 898 925 926 
6 
203 685 687 688 898 926 
7 
685 686 688 898 899 926 927 
11 
685 686 687 897 898 899 900 925 926 927 928 
3 
690 691 692 
3 
689 691 692 
3 
689 690 692 
4 
689 690 691 858 
3 
694 695 696 
3 
693 695 696 
3 
693 694 696 
3 
693 694 695 
3 
698 699 700 
3 
697 699 700 
3 
697 698 700 
3 
697 698 699 
5 
638 639 702 703 704 
5 
225 228 701 703 704 
4 
228 701 702 704 
4 
639 701 702 703 
5 
473 474 706 707 708 
5 
61 474 705 707 708 
7 
61 64 474 475 705 706 708 
7 
473 474 475 476 705 706 707 
4 
710 711 712 901 
5 
709 711 712 901 902 
7 
709 710 712 901 902 903 904 
5 
709 710 711 901 904 
3 
714 715 716 
3 
713 715 716 
3 
713 714 716 
3 
713 714 715 
3 
718 719 720 
3 
717 719 720 
3 
717 718 720 
3 
717 718 719 
5 
722 723 724 757 760 
9 
485 488 721 723 724 757 758 759 760 
6 
488 721 722 724 759 760 
4 
721 722 723 760 
5 
37 38 726 727 728 
4 
38 725 727 728 
5 
38 39 725 726 728 
7 
37 38 39 40 725 726 727 
10 
157 261 262 730 731 732 801 802 803 804 
7 
158 262 729 731 732 802 803 
8 
158 159 262 263 729 730 732 803 
11 
157 160 261 262 263 264 729 730 731 803 804 
3 
734 735 736 
3 
733 735 736 
3 
733 734 736 
3 
733 734 735 
3 
738 739 740 
5 
737 739 740 937 940 
4 
737 738 740 940 
3 
737 738 739 
3 
742 743 744 
3 
741 743 744 
5 
365 366 741 742 744 
4 
365 741 742 743 
9 
433 434 435 436 746 747 748 869 870 
6 
434 435 745 747 748 870 
6 
435 745 746 748 870 871 
9 
435 436 745 746 747 869 870 871 872 
8 
41 497 498 499 500 750 751 752 
8 
41 42 498 499 553 749 751 752 
10 
41 42 43 44 499 553 556 749 750 752 
7 
41 44 499 500 749 750 751 
3 
754 755 756 
3 
753 755 756 
3 
753 754 756 
3 
753 754 755 
6 
485 721 722 758 759 760 
6 
485 486 722 757 759 760 
9 
485 486 487 488 722 723 757 758 760 
9 
485 488 721 722 723 724 757 758 759 
4 
598 762 763 764 
4 
761 763 764 789 
5 
761 762 764 789 792 
5 
598 599 761 762 763 
4 
542 766 767 768 
3 
765 767 768 
3 
765 766 768 
5 
542 543 765 766 767 
3 
770 771 772 
4 
536 769 771 772 
5 
406 565 769 770 772 
5 
405 406 769 770 771 
3 
774 775 776 
3 
773 775 776 
3 
773 774 776 
3 
773 774 775 
3 
778 779 780 
3 
777 779 780 
3 
777 778 780 
3 
777 778 779 
3 
782 783 784 
3 
781 783 784 
3 
781 782 784 
3 
781 782 783 
7 
234 235 629 630 786 787 788 
4 
630 785 787 788 
5 
630 631 785 786 788 
8 
235 629 630 631 632 785 786 787 
5 
762 763 790 791 792 
3 
789 791 792 
3 
789 790 792 
4 
763 789 790 791 
7 
387 388 794 795 796 929 932 
6 
387 793 795 796 930 931 
4 
793 794 796 931 
4 
793 794 795 932 
3 
798 799 800 
3 
797 799 800 
3 
797 798 800 
3 
797 798 799 
5 
157 729 802 803 804 
7 
157 158 729 730 801 803 804 
13 
157 158 159 160 261 262 729 730 731 732 801 802 804 
8 
157 160 261 729 732 801 802 803 
3 
806 807 808 
3 
805 807 808 
4 
81 805 806 808 
3 
805 806 807 
11 
547 548 810 811 812 823 824 893 894 895 896 
7 
547 809 811 812 823 894 895 
4 
809 810 812 895 
5 
809 810 811 895 896 
4 
166 814 815 816 
3 
813 815 816 
4 
285 813 814 816 
5 
166 167 813 814 815 
3 
818 819 820 
3 
817 819 820 
3 
817 818 820 
4 
650 817 818 819 
5 
545 548 822 823 824 
7 
545 546 547 548 821 823 824 
9 
547 548 809 810 821 822 824 893 894 
6 
548 809 821 822 823 893 
4 
826 827 828 886 
3 
825 827 828 
3 
825 826 828 
5 
825 826 827 886 887 
3 
830 831 832 
4 
620 829 831 832 
3 
829 830 832 
3 
829 830 831 
3 
834 835 836 
3 
833 835 836 
3 
833 834 836 
3 
833 834 835 
3 
838 839 840 
3 
837 839 840 
3 
837 838 840 
3 
837 838 839 
3 
842 843 844 
3 
841 843 844 
3 
841 842 844 
3 
841 842 843 
3 
846 847 848 
3 
845 847 848 
3 
845 846 848 
3 
845 846 847 
3 
850 851 852 
3 
849 851 852 
3 
849 850 852 
3 
849 850 851 
3 
854 855 856 
3 
853 855 856 
4 
74 853 854 856 
5 
73 74 853 854 855 
3 
858 859 860 
4 
692 857 859 860 
3 
857 858 860 
3 
857 858 859 
9 
297 298 299 300 862 863 864 965 966 
8 
298 299 309 312 861 863 864 966 
7 
299 312 861 862 864 966 967 
9 
299 300 861 862 863 965 966 967 968 
7 
866 867 868 993 994 995 996 
5 
865 867 868 994 995 
4 
865 866 868 995 
5 
865 866 867 995 996 
10 
433 434 435 436 674 745 748 870 871 872 
9 
434 435 745 746 747 748 869 871 872 
6 
435 747 748 869 870 872 
8 
435 436 674 675 748 869 870 871 
3 
874 875 876 
5 
457 460 873 875 876 
4 
460 873 874 876 
3 
873 874 875 
4 
597 878 879 880 
5 
597 598 877 879 880 
7 
597 598 599 600 877 878 880 
5 
597 600 877 878 879 
3 
882 883 884 
3 
881 883 884 
3 
881 882 884 
3 
881 882 883 
3 
886 887 888 
5 
825 828 885 887 888 
4 
828 885 886 888 
3 
885 886 887 
4 
19 890 891 892 
3 
889 891 892 
3 
889 890 892 
3 
889 890 891 
8 
547 548 809 823 824 894 895 896 
7 
547 809 810 823 893 895 896 
7 
809 810 811 812 893 894 896 
5 
809 812 893 894 895 
11 
203 204 685 688 898 899 900 925 926 927 928 
10 
203 685 686 687 688 897 899 900 926 927 
6 
687 688 897 898 900 927 
6 
688 897 898 899 927 928 
7 
709 710 711 712 902 903 904 
5 
710 711 901 903 904 
4 
711 901 902 904 
5 
711 712 901 902 903 
3 
906 907 908 
3 
905 907 908 
3 
905 906 908 
3 
905 906 907 
3 
910 911 912 
3 
909 911 912 
3 
909 910 912 
3 
909 910 911 
3 
914 915 916 
3 
913 915 916 
3 
913 914 916 
3 
913 914 915 
9 
117 118 119 120 918 919 920 981 984 
9 
118 119 917 919 920 981 982 983 984 
6 
119 917 918 920 983 984 
6 
119 120 917 918 919 984 
3 
922 923 924 
4 
469 921 923 924 
5 
469 472 921 922 924 
3 
921 922 923 
7 
204 685 688 897 926 927 928 
11 
203 204 685 686 687 688 897 898 925 927 928 
9 
687 688 897 898 899 900 925 926 928 
6 
688 897 900 925 926 927 
6 
387 388 793 930 931 932 
5 
387 794 929 931 932 
5 
794 795 929 930 932 
5 
793 796 929 930 931 
3 
934 935 936 
3 
933 935 936 
3 
933 934 936 
3 
933 934 935 
4 
738 938 939 940 
3 
937 939 940 
3 
937 938 940 
5 
738 739 937 938 939 
4 
2 942 943 944 
5 
161 164 941 943 944 
4 
164 941 942 944 
5 
2 3 941 942 943 
3 
946 947 948 
3 
945 947 948 
3 
945 946 948 
3 
945 946 947 
6 
9 10 187 950 951 952 
4 
10 949 951 952 
6 
10 11 66 949 950 952 
9 
9 10 11 12 65 66 949 950 951 
3 
954 955 956 
3 
953 955 956 
5 
397 398 953 954 956 
4 
397 953 954 955 
3 
958 959 960 
3 
957 959 960 
3 
957 958 960 
3 
957 958 959 
3 
962 963 964 
3 
961 963 964 
3 
961 962 964 
3 
961 962 963 
7 
299 300 861 864 966 967 968 
8 
299 861 862 863 864 965 967 968 
5 
863 864 965 966 968 
4 
864 965 966 967 
3 
970 971 972 
5 
461 464 969 971 972 
4 
464 969 970 972 
3 
969 970 971 
4 
544 974 975 976 
5 
543 544 973 975 976 
3 
973 974 976 
3 
973 974 975 
5 
52 169 978 979 980 
7 
51 52 169 170 977 979 980 
7 
171 172 217 218 977 978 980 
5 
172 217 977 978 979 
9 
117 118 119 120 917 918 982 983 984 
6 
118 119 918 981 983 984 
6 
119 918 919 981 982 984 
9 
119 120 917 918 919 920 981 982 983 
3 
986 987 988 
3 
985 987 988 
4 
622 985 986 988 
5 
621 622 985 986 987 
3 
990 991 992 
3 
989 991 992 
3 
989 990 992 
3 
989 990 991 
4 
865 994 995 996 
5 
865 866 993 995 996 
7 
865 866 867 868 993 994 996 
5 
865 868 993 994 995 
5 
73 76 998 999 1000 
7 
73 74 75 76 997 999 1000 
5 
75 76 997 998 1000 
4 
76 997 998 999 