
250 
4 
4 
2 3 4 519 
3 
1 3 4 
3 
1 2 4 
3 
1 2 3 
3 
6 7 8 
4 
5 7 8 309 
5 
5 6 8 312 962 
6 
5 6 7 882 961 962 
3 
10 11 12 
3 
9 11 12 
3 
9 10 12 
3 
9 10 11 
7 
14 15 16 670 671 697 698 
4 
13 15 16 698 
5 
13 14 16 698 699 
8 
13 14 15 671 697 698 699 700 
3 
18 19 20 
3 
17 19 20 
3 
17 18 20 
3 
17 18 19 
3 
22 23 24 
3 
21 23 24 
3 
21 22 24 
3 
21 22 23 
5 
26 27 28 292 389 
7 
25 27 28 291 292 389 390 
7 
25 26 28 389 390 391 392 
6 
25 26 27 389 392 670 
3 
30 31 32 
3 
29 31 32 
3 
29 30 32 
3 
29 30 31 
6 
34 35 36 634 803 804 
5 
33 35 36 803 912 
3 
33 34 36 
5 
33 34 35 634 635 
4 
38 39 40 213 
5 
37 39 40 213 214 
8 
37 38 40 213 214 215 216 545 
6 
37 38 39 213 216 506 
3 
42 43 44 
5 
41 43 44 501 504 
4 
41 42 44 504 
3 
41 42 43 
3 
46 47 48 
3 
45 47 48 
3 
45 46 48 
3 
45 46 47 
3 
50 51 52 
3 
49 51 52 
3 
49 50 52 
3 
49 50 51 
4 
54 55 56 429 
5 
53 55 56 429 430 
7 
53 54 56 429 430 431 432 
5 
53 54 55 429 432 
3 
58 59 60 
3 
57 59 60 
3 
57 58 60 
3 
57 58 59 
3 
62 63 64 
3 
61 63 64 
3 
61 62 64 
4 
61 62 63 146 
5 
66 67 68 202 203 
3 
65 67 68 
4 
65 66 68 925 
4 
65 66 67 203 
4 
70 71 72 155 
3 
69 71 72 
3 
69 70 72 
3 
69 70 71 
5 
74 75 76 133 134 
4 
73 75 76 134 
5 
73 74 76 134 135 
7 
73 74 75 133 134 135 136 
3 
78 79 80 
3 
77 79 80 
3 
77 78 80 
3 
77 78 79 
3 
82 83 84 
3 
81 83 84 
3 
81 82 84 
3 
81 82 83 
3 
86 87 88 
4 
85 87 88 148 
3 
85 86 88 
3 
85 86 87 
5 
90 91 92 345 346 
4 
89 91 92 346 
4 
89 90 92 347 
5 
89 90 91 347 348 
3 
94 95 96 
3 
93 95 96 
3 
93 94 96 
3 
93 94 95 
5 
98 99 100 753 756 
7 
97 99 100 753 754 755 756 
5 
97 98 100 755 756 
4 
97 98 99 756 
3 
102 103 104 
3 
101 103 104 
3 
101 102 104 
3 
101 102 103 
4 
106 107 108 376 
6 
105 107 108 375 376 421 
5 
105 106 108 421 424 
3 
105 106 107 
7 
110 111 112 709 710 711 712 
5 
109 111 112 710 711 
4 
109 110 112 711 
5 
109 110 111 711 712 
3 
114 115 116 
3 
113 115 116 
3 
113 114 116 
3 
113 114 115 
5 
118 119 120 845 958 
5 
117 119 120 845 846 
7 
117 118 120 845 846 847 848 
7 
117 118 119 845 848 958 959 
3 
122 123 124 
3 
121 123 124 
3 
121 122 124 
3 
121 122 123 
3 
126 127 128 
3 
125 127 128 
4 
125 126 128 325 
3 
125 126 127 
5 
130 131 132 533 536 
7 
129 131 132 533 534 535 536 
5 
129 130 132 535 536 
4 
129 130 131 536 
5 
73 76 134 135 136 
7 
73 74 75 76 133 135 136 
5 
75 76 133 134 136 
4 
76 133 134 135 
4 
138 139 140 597 
5 
137 139 140 597 598 
7 
137 138 140 597 598 599 600 
5 
137 138 139 597 600 
5 
142 143 144 521 524 
7 
141 143 144 521 522 523 524 
5 
141 142 144 523 524 
4 
141 142 143 524 
3 
146 147 148 
4 
64 145 147 148 
3 
145 146 148 
4 
86 145 146 147 
3 
150 151 152 
3 
149 151 152 
4 
149 150 152 505 
3 
149 150 151 
3 
154 155 156 
3 
153 155 156 
4 
69 153 154 156 
4 
153 154 155 458 
4 
158 159 160 563 
3 
157 159 160 
3 
157 158 160 
3 
157 158 159 
3 
162 163 164 
5 
161 163 164 453 456 
4 
161 162 164 456 
3 
161 162 163 
3 
166 167 168 
6 
165 167 168 249 809 812 
6 
165 166 168 249 252 812 
3 
165 166 167 
5 
170 171 172 433 436 
7 
169 171 172 433 434 435 436 
5 
169 170 172 435 436 
4 
169 170 171 436 
3 
174 175 176 
3 
173 175 176 
4 
173 174 176 362 
5 
173 174 175 361 362 
5 
178 179 180 344 862 
5 
177 179 180 343 344 
3 
177 178 180 
5 
177 178 179 862 863 
3 
182 183 184 
4 
181 183 184 268 
3 
181 182 184 
3 
181 182 183 
3 
186 187 188 
3 
185 187 188 
5 
185 186 188 965 966 
4 
185 186 187 965 
7 
190 191 192 394 624 869 872 
9 
189 191 192 623 624 869 870 871 872 
5 
189 190 192 871 872 
6 
189 190 191 394 395 872 
3 
194 195 196 
3 
193 195 196 
5 
193 194 196 765 766 
4 
193 194 195 765 
3 
198 199 200 
3 
197 199 200 
3 
197 198 200 
3 
197 198 199 
3 
202 203 204 
4 
65 201 203 204 
5 
65 68 201 202 204 
3 
201 202 203 
6 
206 207 208 466 833 836 
9 
205 207 208 833 834 835 836 905 908 
6 
205 206 208 835 836 908 
6 
205 206 207 466 467 836 
4 
210 211 212 886 
3 
209 211 212 
3 
209 210 212 
5 
209 210 211 886 887 
7 
37 38 39 40 214 215 216 
5 
38 39 213 215 216 
6 
39 213 214 216 545 546 
7 
39 40 213 214 215 506 545 
3 
218 219 220 
3 
217 219 220 
5 
217 218 220 437 438 
4 
217 218 219 437 
3 
222 223 224 
3 
221 223 224 
3 
221 222 224 
3 
221 222 223 
3 
226 227 228 
3 
225 227 228 
3 
225 226 228 
3 
225 226 227 
6 
230 231 232 625 628 838 
7 
229 231 232 625 626 627 628 
5 
229 230 232 627 628 
6 
229 230 231 628 838 839 
3 
234 235 236 
3 
233 235 236 
4 
233 234 236 594 
5 
233 234 235 593 594 
4 
238 239 240 933 
7 
237 239 240 576 649 933 934 
8 
237 238 240 652 933 934 935 936 
5 
237 238 239 933 936 
3 
242 243 244 
3 
241 243 244 
3 
241 242 244 
3 
241 242 243 
3 
246 247 248 
5 
245 247 248 645 648 
4 
245 246 248 648 
3 
245 246 247 
7 
166 167 250 251 252 811 812 
4 
249 251 252 811 
4 
249 250 252 685 
4 
167 249 250 251 
4 
254 255 256 928 
5 
253 255 256 927 928 
3 
253 254 256 
3 
253 254 255 
5 
258 259 260 460 878 
5 
257 259 260 459 460 
3 
257 258 260 
5 
257 258 259 878 879 
3 
262 263 264 
3 
261 263 264 
3 
261 262 264 
3 
261 262 263 
3 
266 267 268 
3 
265 267 268 
3 
265 266 268 
4 
182 265 266 267 
5 
270 271 272 569 570 
5 
269 271 272 570 761 
7 
269 270 272 570 571 761 764 
7 
269 270 271 569 570 571 572 
3 
274 275 276 
3 
273 275 276 
4 
273 274 276 297 
3 
273 274 275 
4 
278 279 280 612 
5 
277 279 280 611 612 
3 
277 278 280 
3 
277 278 279 
3 
282 283 284 
4 
281 283 284 416 
3 
281 282 284 
3 
281 282 283 
3 
286 287 288 
3 
285 287 288 
3 
285 286 288 
3 
285 286 287 
5 
290 291 292 835 907 
5 
289 291 292 676 996 
5 
26 289 290 292 390 
7 
25 26 289 290 291 389 390 
3 
294 295 296 
3 
293 295 296 
3 
293 294 296 
3 
293 294 295 
4 
275 298 299 300 
3 
297 299 300 
3 
297 298 300 
3 
297 298 299 
3 
302 303 304 
3 
301 303 304 
3 
301 302 304 
3 
301 302 303 
5 
306 307 308 767 768 
4 
305 307 308 767 
3 
305 306 308 
3 
305 306 307 
4 
6 310 311 312 
3 
309 311 312 
3 
309 310 312 
4 
7 309 310 311 
3 
314 315 316 
3 
313 315 316 
5 
313 314 316 393 394 
4 
313 314 315 393 
3 
318 319 320 
3 
317 319 320 
3 
317 318 320 
3 
317 318 319 
5 
322 323 324 865 866 
4 
321 323 324 866 
5 
321 322 324 866 867 
7 
321 322 323 865 866 867 868 
4 
127 326 327 328 
5 
325 327 328 484 496 
3 
325 326 328 
3 
325 326 327 
3 
330 331 332 
3 
329 331 332 
3 
329 330 332 
3 
329 330 331 
8 
334 335 336 479 725 726 727 728 
5 
333 335 336 726 727 
4 
333 334 336 727 
5 
333 334 335 727 728 
5 
338 339 340 665 668 
9 
337 339 340 665 666 667 668 937 940 
6 
337 338 340 667 668 940 
4 
337 338 339 668 
3 
342 343 344 
3 
341 343 344 
4 
178 341 342 344 
5 
177 178 341 342 343 
4 
89 346 347 348 
5 
89 90 345 347 348 
5 
91 92 345 346 348 
4 
92 345 346 347 
3 
350 351 352 
4 
349 351 352 969 
6 
349 350 352 525 969 972 
3 
349 350 351 
3 
354 355 356 
3 
353 355 356 
3 
353 354 356 
3 
353 354 355 
5 
358 359 360 945 948 
7 
357 359 360 945 946 947 948 
5 
357 358 360 947 948 
4 
357 358 359 948 
4 
176 362 363 364 
5 
175 176 361 363 364 
3 
361 362 364 
3 
361 362 363 
3 
366 367 368 
3 
365 367 368 
3 
365 366 368 
3 
365 366 367 
3 
370 371 372 
3 
369 371 372 
3 
369 370 372 
3 
369 370 371 
3 
374 375 376 
3 
373 375 376 
6 
106 373 374 376 421 422 
6 
105 106 373 374 375 421 
3 
378 379 380 
3 
377 379 380 
3 
377 378 380 
3 
377 378 379 
5 
382 383 384 413 414 
4 
381 383 384 414 
5 
381 382 384 414 415 
7 
381 382 383 413 414 415 416 
3 
386 387 388 
3 
385 387 388 
3 
385 386 388 
3 
385 386 387 
8 
25 26 27 28 292 390 391 392 
7 
26 27 291 292 389 391 392 
4 
27 389 390 392 
6 
27 28 389 390 391 670 
5 
315 316 394 395 396 
6 
189 192 315 393 395 396 
4 
192 393 394 396 
3 
393 394 395 
3 
398 399 400 
3 
397 399 400 
3 
397 398 400 
3 
397 398 399 
3 
402 403 404 
3 
401 403 404 
3 
401 402 404 
3 
401 402 403 
3 
406 407 408 
3 
405 407 408 
3 
405 406 408 
3 
405 406 407 
4 
410 411 412 549 
5 
409 411 412 549 550 
7 
409 410 412 549 550 551 552 
5 
409 410 411 549 552 
5 
381 384 414 415 416 
7 
381 382 383 384 413 415 416 
5 
383 384 413 414 416 
5 
282 384 413 414 415 
7 
418 419 420 489 490 491 492 
5 
417 419 420 490 491 
4 
417 418 420 491 
5 
417 418 419 491 492 
7 
106 107 375 376 422 423 424 
4 
375 421 423 424 
3 
421 422 424 
4 
107 421 422 423 
3 
426 427 428 
3 
425 427 428 
6 
425 426 428 582 585 586 
6 
425 426 427 581 582 585 
7 
53 54 55 56 430 431 432 
5 
54 55 429 431 432 
4 
55 429 430 432 
5 
55 56 429 430 431 
5 
169 170 434 435 436 
4 
170 433 435 436 
5 
170 171 433 434 436 
7 
169 170 171 172 433 434 435 
5 
219 220 438 439 440 
4 
219 437 439 440 
3 
437 438 440 
3 
437 438 439 
4 
442 443 444 983 
3 
441 443 444 
3 
441 442 444 
4 
441 442 443 534 
3 
446 447 448 
3 
445 447 448 
3 
445 446 448 
3 
445 446 447 
3 
450 451 452 
3 
449 451 452 
3 
449 450 452 
3 
449 450 451 
4 
162 454 455 456 
5 
453 455 456 505 508 
4 
453 454 456 508 
5 
162 163 453 454 455 
3 
458 459 460 
4 
156 457 459 460 
4 
258 457 458 460 
5 
257 258 457 458 459 
4 
462 463 464 663 
3 
461 463 464 
4 
461 462 464 693 
3 
461 462 463 
4 
466 467 468 595 
6 
205 208 465 467 468 836 
4 
208 465 466 468 
3 
465 466 467 
3 
470 471 472 
3 
469 471 472 
4 
469 470 472 745 
3 
469 470 471 
3 
474 475 476 
4 
473 475 476 896 
5 
473 474 476 741 742 
4 
473 474 475 741 
3 
478 479 480 
3 
477 479 480 
5 
333 477 478 480 725 
3 
477 478 479 
5 
482 483 484 493 494 
4 
481 483 484 494 
4 
481 482 484 495 
6 
326 481 482 483 495 496 
3 
486 487 488 
3 
485 487 488 
3 
485 486 488 
3 
485 486 487 
4 
417 490 491 492 
5 
417 418 489 491 492 
7 
417 418 419 420 489 490 492 
5 
417 420 489 490 491 
4 
481 494 495 496 
5 
481 482 493 495 496 
5 
483 484 493 494 496 
5 
326 484 493 494 495 
3 
498 499 500 
3 
497 499 500 
3 
497 498 500 
3 
497 498 499 
4 
42 502 503 504 
3 
501 503 504 
3 
501 502 504 
5 
42 43 501 502 503 
5 
151 454 506 507 508 
5 
40 216 505 507 508 
3 
505 506 508 
5 
454 455 505 506 507 
5 
510 511 512 694 695 
3 
509 511 512 
3 
509 510 512 
4 
509 510 511 695 
3 
514 515 516 
3 
513 515 516 
3 
513 514 516 
3 
513 514 515 
3 
518 519 520 
3 
517 519 520 
4 
1 517 518 520 
3 
517 518 519 
5 
141 142 522 523 524 
4 
142 521 523 524 
5 
142 143 521 522 524 
7 
141 142 143 144 521 522 523 
6 
351 526 527 528 969 972 
7 
525 527 528 969 970 971 972 
5 
525 526 528 971 972 
4 
525 526 527 972 
3 
530 531 532 
3 
529 531 532 
3 
529 530 532 
3 
529 530 531 
5 
129 130 534 535 536 
5 
130 444 533 535 536 
5 
130 131 533 534 536 
7 
129 130 131 132 533 534 535 
3 
538 539 540 
3 
537 539 540 
3 
537 538 540 
3 
537 538 539 
3 
542 543 544 
3 
541 543 544 
3 
541 542 544 
3 
541 542 543 
6 
39 215 216 546 547 548 
4 
215 545 547 548 
5 
545 546 548 789 790 
4 
545 546 547 789 
7 
409 410 411 412 550 551 552 
5 
410 411 549 551 552 
4 
411 549 550 552 
5 
411 412 549 550 551 
3 
554 555 556 
3 
553 555 556 
3 
553 554 556 
3 
553 554 555 
3 
558 559 560 
4 
557 559 560 841 
4 
557 558 560 844 
3 
557 558 559 
3 
562 563 564 
3 
561 563 564 
4 
157 561 562 564 
3 
561 562 563 
4 
566 567 568 820 
6 
565 567 568 641 819 820 
5 
565 566 568 641 644 
3 
565 566 567 
6 
269 272 570 571 572 691 
7 
269 270 271 272 569 571 572 
5 
271 272 569 570 572 
4 
272 569 570 571 
3 
574 575 576 
3 
573 575 576 
5 
573 574 576 649 650 
6 
238 573 574 575 649 934 
3 
578 579 580 
3 
577 579 580 
3 
577 578 580 
3 
577 578 579 
4 
428 582 583 584 
7 
427 428 581 583 584 585 588 
7 
581 582 584 588 666 937 938 
6 
581 582 583 665 666 937 
6 
427 428 582 586 587 588 
4 
427 585 587 588 
4 
585 586 588 938 
7 
582 583 585 586 587 937 938 
7 
590 591 592 605 606 857 860 
8 
589 591 592 606 857 858 859 860 
7 
589 590 592 606 607 859 860 
8 
589 590 591 605 606 607 608 860 
4 
236 594 595 596 
5 
235 236 593 595 596 
4 
465 593 594 596 
3 
593 594 595 
7 
137 138 139 140 598 599 600 
5 
138 139 597 599 600 
4 
139 597 598 600 
5 
139 140 597 598 599 
3 
602 603 604 
3 
601 603 604 
3 
601 602 604 
3 
601 602 603 
6 
589 592 606 607 608 860 
9 
589 590 591 592 605 607 608 859 860 
5 
591 592 605 606 608 
4 
592 605 606 607 
3 
610 611 612 
3 
609 611 612 
4 
278 609 610 612 
5 
277 278 609 610 611 
3 
614 615 616 
3 
613 615 616 
3 
613 614 616 
3 
613 614 615 
4 
618 619 620 783 
3 
617 619 620 
4 
617 618 620 893 
3 
617 618 619 
3 
622 623 624 
5 
621 623 624 985 988 
7 
190 621 622 624 869 870 988 
6 
189 190 621 622 623 869 
5 
229 230 626 627 628 
4 
230 625 627 628 
6 
230 231 625 626 628 957 
8 
229 230 231 232 625 626 627 838 
3 
630 631 632 
4 
629 631 632 801 
4 
629 630 632 804 
3 
629 630 631 
3 
634 635 636 
5 
33 36 633 635 636 
4 
36 633 634 636 
3 
633 634 635 
3 
638 639 640 
3 
637 639 640 
3 
637 638 640 
3 
637 638 639 
5 
566 567 642 643 644 
3 
641 643 644 
3 
641 642 644 
4 
567 641 642 643 
4 
246 646 647 648 
3 
645 647 648 
3 
645 646 648 
5 
246 247 645 646 647 
7 
238 575 576 650 651 652 934 
4 
575 649 651 652 
3 
649 650 652 
6 
239 649 650 651 934 935 
3 
654 655 656 
3 
653 655 656 
3 
653 654 656 
3 
653 654 655 
3 
658 659 660 
3 
657 659 660 
3 
657 658 660 
3 
657 658 659 
3 
662 663 664 
3 
661 663 664 
4 
461 661 662 664 
3 
661 662 663 
6 
337 338 584 666 667 668 
8 
338 583 584 665 667 668 937 940 
6 
338 339 665 666 668 940 
7 
337 338 339 340 665 666 667 
3 
670 671 672 
7 
13 28 392 669 671 672 697 
7 
13 16 669 670 672 697 700 
3 
669 670 671 
5 
674 675 676 993 994 
4 
673 675 676 994 
5 
673 674 676 994 995 
8 
290 673 674 675 993 994 995 996 
3 
678 679 680 
3 
677 679 680 
3 
677 678 680 
3 
677 678 679 
3 
682 683 684 
3 
681 683 684 
4 
681 682 684 810 
5 
681 682 683 809 810 
6 
251 686 687 688 797 800 
7 
685 687 688 797 798 799 800 
5 
685 686 688 799 800 
4 
685 686 687 800 
3 
690 691 692 
3 
689 691 692 
4 
569 689 690 692 
3 
689 690 691 
4 
463 694 695 696 
4 
509 693 695 696 
5 
509 512 693 694 696 
3 
693 694 695 
7 
13 16 670 671 698 699 700 
7 
13 14 15 16 697 699 700 
5 
15 16 697 698 700 
5 
16 671 697 698 699 
3 
702 703 704 
4 
701 703 704 716 
3 
701 702 704 
3 
701 702 703 
3 
706 707 708 
3 
705 707 708 
3 
705 706 708 
3 
705 706 707 
4 
109 710 711 712 
5 
109 110 709 711 712 
7 
109 110 111 112 709 710 712 
5 
109 112 709 710 711 
3 
714 715 716 
3 
713 715 716 
3 
713 714 716 
4 
702 713 714 715 
3 
718 719 720 
3 
717 719 720 
3 
717 718 720 
3 
717 718 719 
3 
722 723 724 
3 
721 723 724 
3 
721 722 724 
3 
721 722 723 
5 
333 479 726 727 728 
5 
333 334 725 727 728 
7 
333 334 335 336 725 726 728 
5 
333 336 725 726 727 
3 
730 731 732 
3 
729 731 732 
3 
729 730 732 
3 
729 730 731 
3 
734 735 736 
3 
733 735 736 
3 
733 734 736 
3 
733 734 735 
3 
738 739 740 
6 
737 739 740 749 752 956 
4 
737 738 740 752 
3 
737 738 739 
5 
475 476 742 743 744 
4 
475 741 743 744 
3 
741 742 744 
3 
741 742 743 
4 
471 746 747 748 
3 
745 747 748 
3 
745 746 748 
3 
745 746 747 
6 
738 750 751 752 955 956 
4 
749 751 752 955 
3 
749 750 752 
5 
738 739 749 750 751 
5 
97 98 754 755 756 
4 
98 753 755 756 
5 
98 99 753 754 756 
7 
97 98 99 100 753 754 755 
3 
758 759 760 
3 
757 759 760 
3 
757 758 760 
3 
757 758 759 
5 
270 271 762 763 764 
3 
761 763 764 
3 
761 762 764 
4 
271 761 762 763 
5 
195 196 766 767 768 
4 
195 765 767 768 
5 
305 306 765 766 768 
4 
305 765 766 767 
3 
770 771 772 
3 
769 771 772 
3 
769 770 772 
4 
769 770 771 786 
3 
774 775 776 
3 
773 775 776 
3 
773 774 776 
3 
773 774 775 
3 
778 779 780 
3 
777 779 780 
3 
777 778 780 
3 
777 778 779 
3 
782 783 784 
3 
781 783 784 
4 
617 781 782 784 
3 
781 782 783 
3 
786 787 788 
4 
772 785 787 788 
3 
785 786 788 
3 
785 786 787 
5 
547 548 790 791 792 
4 
547 789 791 792 
3 
789 790 792 
3 
789 790 791 
3 
794 795 796 
3 
793 795 796 
3 
793 794 796 
3 
793 794 795 
5 
685 686 798 799 800 
4 
686 797 799 800 
5 
686 687 797 798 800 
7 
685 686 687 688 797 798 799 
4 
630 802 803 804 
3 
801 803 804 
5 
33 34 801 802 804 
5 
33 631 801 802 803 
3 
806 807 808 
3 
805 807 808 
4 
805 806 808 981 
3 
805 806 807 
5 
166 684 810 811 812 
5 
683 684 809 811 812 
5 
249 250 809 810 812 
6 
166 167 249 809 810 811 
3 
814 815 816 
3 
813 815 816 
3 
813 814 816 
3 
813 814 815 
3 
818 819 820 
3 
817 819 820 
4 
566 817 818 820 
5 
565 566 817 818 819 
3 
822 823 824 
3 
821 823 824 
3 
821 822 824 
3 
821 822 823 
3 
826 827 828 
3 
825 827 828 
3 
825 826 828 
3 
825 826 827 
3 
830 831 832 
5 
829 831 832 884 964 
3 
829 830 832 
3 
829 830 831 
7 
205 206 834 835 836 905 908 
8 
206 833 835 836 905 906 907 908 
8 
206 207 289 833 834 836 907 908 
9 
205 206 207 208 466 833 834 835 908 
3 
838 839 840 
6 
229 232 628 837 839 840 
4 
232 837 838 840 
3 
837 838 839 
4 
558 842 843 844 
3 
841 843 844 
3 
841 842 844 
4 
559 841 842 843 
8 
117 118 119 120 846 847 848 958 
5 
118 119 845 847 848 
4 
119 845 846 848 
7 
119 120 845 846 847 958 959 
3 
850 851 852 
3 
849 851 852 
3 
849 850 852 
3 
849 850 851 
3 
854 855 856 
3 
853 855 856 
3 
853 854 856 
3 
853 854 855 
5 
589 590 858 859 860 
4 
590 857 859 860 
6 
590 591 606 857 858 860 
9 
589 590 591 592 605 606 857 858 859 
3 
862 863 864 
5 
177 180 861 863 864 
4 
180 861 862 864 
3 
861 862 863 
5 
321 324 866 867 868 
7 
321 322 323 324 865 867 868 
5 
323 324 865 866 868 
4 
324 865 866 867 
7 
189 190 623 624 870 871 872 
5 
190 623 869 871 872 
5 
190 191 869 870 872 
7 
189 190 191 192 869 870 871 
3 
874 875 876 
3 
873 875 876 
3 
873 874 876 
3 
873 874 875 
3 
878 879 880 
5 
257 260 877 879 880 
4 
260 877 878 880 
3 
877 878 879 
4 
882 883 884 961 
6 
8 881 883 884 961 962 
7 
881 882 884 961 962 963 964 
6 
830 881 882 883 961 964 
3 
886 887 888 
5 
209 212 885 887 888 
4 
212 885 886 888 
3 
885 886 887 
3 
890 891 892 
3 
889 891 892 
3 
889 890 892 
3 
889 890 891 
4 
619 894 895 896 
3 
893 895 896 
3 
893 894 896 
4 
474 893 894 895 
3 
898 899 900 
3 
897 899 900 
3 
897 898 900 
3 
897 898 899 
3 
902 903 904 
3 
901 903 904 
3 
901 902 904 
3 
901 902 903 
6 
206 833 834 906 907 908 
4 
834 905 907 908 
6 
289 834 835 905 906 908 
9 
206 207 833 834 835 836 905 906 907 
3 
910 911 912 
3 
909 911 912 
3 
909 910 912 
4 
34 909 910 911 
3 
914 915 916 
3 
913 915 916 
3 
913 914 916 
3 
913 914 915 
3 
918 919 920 
3 
917 919 920 
3 
917 918 920 
3 
917 918 919 
3 
922 923 924 
3 
921 923 924 
3 
921 922 924 
3 
921 922 923 
4 
67 926 927 928 
3 
925 927 928 
4 
254 925 926 928 
5 
253 254 925 926 927 
3 
930 931 932 
3 
929 931 932 
3 
929 930 932 
3 
929 930 931 
7 
237 238 239 240 934 935 936 
8 
238 239 576 649 652 933 935 936 
5 
239 652 933 934 936 
5 
239 240 933 934 935 
8 
338 583 584 588 666 938 939 940 
6 
583 587 588 937 939 940 
3 
937 938 940 
7 
338 339 666 667 937 938 939 
3 
942 943 944 
3 
941 943 944 
3 
941 942 944 
3 
941 942 943 
5 
357 358 946 947 948 
4 
358 945 947 948 
5 
358 359 945 946 948 
7 
357 358 359 360 945 946 947 
3 
950 951 952 
3 
949 951 952 
3 
949 950 952 
3 
949 950 951 
3 
954 955 956 
3 
953 955 956 
5 
749 750 953 954 956 
5 
738 749 953 954 955 
4 
627 958 959 960 
7 
117 120 845 848 957 959 960 
5 
120 848 957 958 960 
3 
957 958 959 
8 
8 881 882 883 884 962 963 964 
7 
7 8 882 883 961 963 964 
4 
883 961 962 964 
6 
830 883 884 961 962 963 
5 
187 188 966 967 968 
4 
187 965 967 968 
3 
965 966 968 
3 
965 966 967 
7 
350 351 525 526 970 971 972 
4 
526 969 971 972 
5 
526 527 969 970 972 
8 
351 525 526 527 528 969 970 971 
3 
974 975 976 
3 
973 975 976 
3 
973 974 976 
3 
973 974 975 
3 
978 979 980 
3 
977 979 980 
3 
977 978 980 
3 
977 978 979 
4 
807 982 983 984 
3 
981 983 984 
4 
441 981 982 984 
3 
981 982 983 
4 
622 986 987 988 
3 
985 987 988 
3 
985 986 988 
5 
622 623 985 986 987 
3 
990 991 992 
3 
989 991 992 
3 
989 990 992 
3 
989 990 991 
5 
673 676 994 995 996 
7 
673 674 675 676 993 995 996 
5 
675 676 993 994 996 
5 
290 676 993 994 995 
3 
998 999 1000 
3 
997 999 1000 
3 
997 998 1000 
3 
997 998 999 