
250 
4 
6 
2 3 4 69 72 141 
10 
1 3 4 69 70 71 72 141 142 581 
11 
1 2 4 71 72 141 142 143 144 581 584 
6 
1 2 3 72 141 144 
5 
6 7 8 514 719 
4 
5 7 8 525 
5 
5 6 8 525 528 
5 
5 6 7 514 515 
5 
10 11 12 258 259 
3 
9 11 12 
4 
9 10 12 366 
6 
9 10 11 259 365 366 
7 
14 15 16 389 392 961 964 
12 
13 15 16 389 390 391 392 641 961 962 963 964 
9 
13 14 16 391 392 641 644 963 964 
5 
13 14 15 392 964 
4 
18 19 20 728 
6 
17 19 20 727 728 916 
3 
17 18 20 
3 
17 18 19 
4 
22 23 24 435 
3 
21 23 24 
3 
21 22 24 
3 
21 22 23 
3 
26 27 28 
5 
25 27 28 893 896 
4 
25 26 28 896 
3 
25 26 27 
3 
30 31 32 
3 
29 31 32 
3 
29 30 32 
3 
29 30 31 
3 
34 35 36 
4 
33 35 36 353 
5 
33 34 36 353 356 
3 
33 34 35 
6 
38 39 40 177 178 374 
4 
37 39 40 178 
5 
37 38 40 178 179 
9 
37 38 39 177 178 179 180 374 375 
3 
42 43 44 
3 
41 43 44 
3 
41 42 44 
3 
41 42 43 
3 
46 47 48 
3 
45 47 48 
3 
45 46 48 
3 
45 46 47 
3 
50 51 52 
3 
49 51 52 
3 
49 50 52 
3 
49 50 51 
4 
54 55 56 607 
3 
53 55 56 
4 
53 54 56 258 
5 
53 54 55 257 258 
8 
58 59 60 553 554 555 556 849 
7 
57 59 60 554 555 849 850 
9 
57 58 60 555 645 849 850 851 852 
7 
57 58 59 555 556 849 852 
6 
62 63 64 73 76 453 
9 
61 63 64 73 74 75 76 453 454 
9 
61 62 64 75 76 453 454 455 456 
6 
61 62 63 76 453 456 
4 
66 67 68 308 
5 
65 67 68 307 308 
3 
65 66 68 
3 
65 66 67 
6 
1 2 70 71 72 141 
6 
2 69 71 72 141 142 
10 
2 3 69 70 72 141 142 143 144 581 
9 
1 2 3 4 69 70 71 141 144 
7 
61 62 74 75 76 453 454 
5 
62 73 75 76 454 
7 
62 63 73 74 76 454 455 
11 
61 62 63 64 73 74 75 453 454 455 456 
7 
78 79 80 597 598 599 600 
8 
77 79 80 185 245 248 598 599 
7 
77 78 80 185 188 248 599 
5 
77 78 79 599 600 
3 
82 83 84 
3 
81 83 84 
3 
81 82 84 
3 
81 82 83 
3 
86 87 88 
6 
85 87 88 217 220 761 
7 
85 86 88 220 761 764 821 
3 
85 86 87 
4 
90 91 92 988 
5 
89 91 92 987 988 
3 
89 90 92 
3 
89 90 91 
3 
94 95 96 
4 
93 95 96 653 
5 
93 94 96 653 656 
3 
93 94 95 
3 
98 99 100 
4 
97 99 100 280 
3 
97 98 100 
4 
97 98 99 910 
5 
102 103 104 155 156 
5 
101 103 104 155 708 
3 
101 102 104 
3 
101 102 103 
4 
106 107 108 637 
5 
105 107 108 637 638 
8 
105 106 108 546 637 638 639 640 
7 
105 106 107 545 546 637 640 
8 
110 111 112 582 709 710 711 712 
5 
109 111 112 710 711 
4 
109 110 112 711 
7 
109 110 111 582 583 711 712 
3 
114 115 116 
3 
113 115 116 
3 
113 114 116 
3 
113 114 115 
3 
118 119 120 
3 
117 119 120 
3 
117 118 120 
3 
117 118 119 
4 
122 123 124 835 
3 
121 123 124 
4 
121 122 124 269 
3 
121 122 123 
4 
126 127 128 157 
5 
125 127 128 157 158 
7 
125 126 128 157 158 159 160 
5 
125 126 127 157 160 
7 
130 131 132 865 866 867 868 
5 
129 131 132 866 867 
4 
129 130 132 867 
5 
129 130 131 867 868 
6 
134 135 136 216 941 942 
6 
133 135 136 215 216 942 
5 
133 134 136 942 943 
7 
133 134 135 941 942 943 944 
3 
138 139 140 
3 
137 139 140 
3 
137 138 140 
3 
137 138 139 
12 
1 2 3 4 69 70 71 72 142 143 144 581 
9 
2 3 70 71 141 143 144 581 582 
9 
3 71 141 142 144 581 582 583 584 
9 
3 4 71 72 141 142 143 581 584 
5 
146 147 148 723 724 
4 
145 147 148 723 
4 
145 146 148 814 
5 
145 146 147 813 814 
3 
150 151 152 
3 
149 151 152 
3 
149 150 152 
3 
149 150 151 
3 
154 155 156 
3 
153 155 156 
5 
101 102 153 154 156 
4 
101 153 154 155 
7 
125 126 127 128 158 159 160 
5 
126 127 157 159 160 
4 
127 157 158 160 
5 
127 128 157 158 159 
3 
162 163 164 
4 
161 163 164 300 
3 
161 162 164 
3 
161 162 163 
4 
166 167 168 839 
3 
165 167 168 
3 
165 166 168 
3 
165 166 167 
3 
170 171 172 
5 
169 171 172 685 688 
5 
169 170 172 522 688 
5 
169 170 171 521 522 
5 
174 175 176 301 304 
8 
173 175 176 301 302 303 304 517 
8 
173 174 176 303 304 517 520 673 
4 
173 174 175 304 
7 
37 40 178 179 180 373 374 
8 
37 38 39 40 177 179 180 374 
8 
39 40 177 178 180 294 374 375 
10 
40 177 178 179 293 294 373 374 375 376 
3 
182 183 184 
3 
181 183 184 
3 
181 182 184 
3 
181 182 183 
7 
78 79 186 187 188 247 248 
4 
185 187 188 247 
3 
185 186 188 
4 
79 185 186 187 
8 
190 191 192 219 763 764 821 822 
7 
189 191 192 365 368 763 822 
6 
189 190 192 368 822 823 
7 
189 190 191 821 822 823 824 
3 
194 195 196 
3 
193 195 196 
3 
193 194 196 
3 
193 194 195 
5 
198 199 200 361 364 
7 
197 199 200 361 362 363 364 
5 
197 198 200 363 364 
4 
197 198 199 364 
3 
202 203 204 
5 
201 203 204 373 376 
5 
201 202 204 293 376 
3 
201 202 203 
5 
206 207 208 241 242 
4 
205 207 208 242 
9 
205 206 208 242 243 853 854 885 886 
10 
205 206 207 241 242 243 244 853 885 934 
5 
210 211 212 398 399 
3 
209 211 212 
3 
209 210 212 
4 
209 210 211 399 
3 
214 215 216 
3 
213 215 216 
4 
134 213 214 216 
5 
133 134 213 214 215 
5 
86 218 219 220 761 
7 
217 219 220 257 260 761 762 
9 
189 217 218 220 260 761 762 763 764 
7 
86 87 217 218 219 761 764 
7 
222 223 224 733 734 735 736 
5 
221 223 224 734 735 
4 
221 222 224 735 
5 
221 222 223 735 736 
3 
226 227 228 
3 
225 227 228 
3 
225 226 228 
3 
225 226 227 
5 
230 231 232 753 756 
7 
229 231 232 753 754 755 756 
5 
229 230 232 755 756 
4 
229 230 231 756 
3 
234 235 236 
5 
233 235 236 249 252 
4 
233 234 236 252 
3 
233 234 235 
5 
238 239 240 593 594 
4 
237 239 240 594 
5 
237 238 240 594 595 
7 
237 238 239 593 594 595 596 
7 
205 208 242 243 244 933 934 
8 
205 206 207 208 241 243 244 934 
9 
207 208 241 242 244 853 885 934 935 
8 
208 241 242 243 933 934 935 936 
4 
78 246 247 248 
3 
245 247 248 
5 
185 186 245 246 248 
6 
78 79 185 245 246 247 
4 
234 250 251 252 
3 
249 251 252 
3 
249 250 252 
5 
234 235 249 250 251 
3 
254 255 256 
3 
253 255 256 
3 
253 254 256 
3 
253 254 255 
6 
56 218 258 259 260 762 
6 
9 55 56 257 259 260 
6 
9 12 257 258 260 365 
7 
218 219 257 258 259 762 763 
3 
262 263 264 
3 
261 263 264 
5 
261 262 264 313 314 
4 
261 262 263 313 
3 
266 267 268 
4 
265 267 268 860 
3 
265 266 268 
3 
265 266 267 
4 
123 270 271 272 
4 
269 271 272 396 
4 
269 270 272 845 
3 
269 270 271 
3 
274 275 276 
3 
273 275 276 
3 
273 274 276 
3 
273 274 275 
3 
278 279 280 
3 
277 279 280 
3 
277 278 280 
4 
98 277 278 279 
3 
282 283 284 
3 
281 283 284 
3 
281 282 284 
3 
281 282 283 
8 
286 287 288 339 969 970 971 972 
5 
285 287 288 970 971 
4 
285 286 288 971 
5 
285 286 287 971 972 
3 
290 291 292 
5 
289 291 292 957 960 
4 
289 290 292 960 
3 
289 290 291 
6 
180 203 294 295 296 376 
8 
179 180 293 295 296 375 376 533 
5 
293 294 296 533 536 
3 
293 294 295 
3 
298 299 300 
3 
297 299 300 
3 
297 298 300 
4 
162 297 298 299 
5 
173 174 302 303 304 
4 
174 301 303 304 
8 
174 175 301 302 304 517 518 673 
8 
173 174 175 176 301 302 303 517 
5 
306 307 308 509 512 
7 
305 307 308 509 510 511 512 
6 
66 305 306 308 511 512 
6 
65 66 305 306 307 512 
5 
310 311 312 662 663 
4 
309 311 312 785 
6 
309 310 312 785 788 973 
4 
309 310 311 663 
5 
263 264 314 315 316 
4 
263 313 315 316 
3 
313 314 316 
3 
313 314 315 
3 
318 319 320 
3 
317 319 320 
3 
317 318 320 
3 
317 318 319 
3 
322 323 324 
3 
321 323 324 
3 
321 322 324 
3 
321 322 323 
3 
326 327 328 
3 
325 327 328 
3 
325 326 328 
3 
325 326 327 
3 
330 331 332 
3 
329 331 332 
3 
329 330 332 
3 
329 330 331 
8 
334 335 336 545 546 547 548 640 
7 
333 335 336 546 547 639 640 
4 
333 334 336 547 
5 
333 334 335 547 548 
4 
338 339 340 969 
7 
337 339 340 613 616 969 970 
9 
285 337 338 340 616 969 970 971 972 
5 
337 338 339 969 972 
5 
342 343 344 405 408 
7 
341 343 344 405 406 407 408 
5 
341 342 344 407 408 
4 
341 342 343 408 
3 
346 347 348 
3 
345 347 348 
3 
345 346 348 
3 
345 346 347 
4 
350 351 352 959 
3 
349 351 352 
5 
349 350 352 438 558 
7 
349 350 351 437 438 557 558 
6 
34 35 354 355 356 772 
5 
353 355 356 771 772 
3 
353 354 356 
4 
35 353 354 355 
3 
358 359 360 
3 
357 359 360 
3 
357 358 360 
3 
357 358 359 
5 
197 198 362 363 364 
4 
198 361 363 364 
5 
198 199 361 362 364 
7 
197 198 199 200 361 362 363 
6 
12 190 259 366 367 368 
5 
11 12 365 367 368 
3 
365 366 368 
5 
190 191 365 366 367 
7 
370 371 372 533 534 535 536 
6 
369 371 372 534 535 892 
5 
369 370 372 485 535 
5 
369 370 371 535 536 
6 
177 180 202 374 375 376 
9 
37 40 177 178 179 180 373 375 376 
8 
40 179 180 294 373 374 376 533 
8 
180 202 203 293 294 373 374 375 
3 
378 379 380 
3 
377 379 380 
5 
377 378 380 721 722 
4 
377 378 379 721 
4 
382 383 384 625 
5 
381 383 384 625 626 
7 
381 382 384 625 626 627 628 
5 
381 382 383 625 628 
5 
386 387 388 930 931 
3 
385 387 388 
6 
385 386 388 449 713 714 
6 
385 386 387 422 713 931 
6 
13 14 390 391 392 961 
6 
14 389 391 392 961 962 
8 
14 15 389 390 392 641 963 964 
8 
13 14 15 16 389 390 391 964 
3 
394 395 396 
3 
393 395 396 
3 
393 394 396 
4 
270 393 394 395 
3 
398 399 400 
4 
209 397 399 400 
5 
209 212 397 398 400 
3 
397 398 399 
3 
402 403 404 
3 
401 403 404 
4 
401 402 404 666 
5 
401 402 403 665 666 
5 
341 342 406 407 408 
4 
342 405 407 408 
5 
342 343 405 406 408 
7 
341 342 343 344 405 406 407 
3 
410 411 412 
3 
409 411 412 
3 
409 410 412 
3 
409 410 411 
3 
414 415 416 
3 
413 415 416 
3 
413 414 416 
3 
413 414 415 
3 
418 419 420 
3 
417 419 420 
3 
417 418 420 
3 
417 418 419 
3 
422 423 424 
6 
388 421 423 424 713 716 
6 
421 422 424 716 753 754 
4 
421 422 423 753 
4 
426 427 428 917 
7 
425 427 428 773 776 917 918 
8 
425 426 428 776 917 918 919 920 
5 
425 426 427 917 920 
3 
430 431 432 
3 
429 431 432 
4 
429 430 432 817 
3 
429 430 431 
3 
434 435 436 
3 
433 435 436 
4 
21 433 434 436 
3 
433 434 435 
6 
352 438 439 440 557 560 
9 
351 352 437 439 440 557 558 559 560 
5 
437 438 440 559 560 
4 
437 438 439 560 
5 
442 443 444 789 792 
7 
441 443 444 789 790 791 792 
5 
441 442 444 791 792 
4 
441 442 443 792 
5 
446 447 448 829 830 
4 
445 447 448 830 
5 
445 446 448 830 831 
7 
445 446 447 829 830 831 832 
6 
387 450 451 452 713 714 
4 
449 451 452 714 
5 
449 450 452 714 715 
7 
449 450 451 713 714 715 716 
9 
61 62 63 64 73 76 454 455 456 
9 
62 63 73 74 75 76 453 455 456 
6 
63 75 76 453 454 456 
6 
63 64 76 453 454 455 
3 
458 459 460 
3 
457 459 460 
3 
457 458 460 
3 
457 458 459 
3 
462 463 464 
3 
461 463 464 
5 
461 462 464 473 474 
4 
461 462 463 473 
4 
466 467 468 779 
3 
465 467 468 
3 
465 466 468 
4 
465 466 467 986 
3 
470 471 472 
3 
469 471 472 
3 
469 470 472 
3 
469 470 471 
6 
463 464 474 475 476 654 
4 
463 473 475 476 
3 
473 474 476 
5 
473 474 475 654 655 
5 
478 479 480 537 540 
7 
477 479 480 537 538 539 540 
7 
477 478 480 539 540 669 670 
5 
477 478 479 540 669 
3 
482 483 484 
3 
481 483 484 
3 
481 482 484 
3 
481 482 483 
6 
371 486 487 488 535 609 
5 
485 487 488 609 610 
7 
485 486 488 609 610 611 612 
5 
485 486 487 609 612 
3 
490 491 492 
3 
489 491 492 
3 
489 490 492 
3 
489 490 491 
5 
494 495 496 801 804 
7 
493 495 496 801 802 803 804 
5 
493 494 496 803 804 
4 
493 494 495 804 
3 
498 499 500 
3 
497 499 500 
3 
497 498 500 
3 
497 498 499 
6 
502 503 504 539 670 671 
3 
501 503 504 
5 
501 502 504 749 750 
6 
501 502 503 671 749 926 
3 
506 507 508 
3 
505 507 508 
3 
505 506 508 
3 
505 506 507 
5 
305 306 510 511 512 
4 
306 509 511 512 
5 
306 307 509 510 512 
7 
305 306 307 308 509 510 511 
3 
514 515 516 
5 
5 8 513 515 516 
4 
8 513 514 516 
3 
513 514 515 
8 
174 175 303 304 518 519 520 673 
6 
303 517 519 520 673 674 
7 
517 518 520 673 674 675 676 
6 
175 517 518 519 673 676 
4 
172 522 523 524 
5 
171 172 521 523 524 
3 
521 522 524 
3 
521 522 523 
5 
6 7 526 527 528 
3 
525 527 528 
3 
525 526 528 
4 
7 525 526 527 
3 
530 531 532 
4 
529 531 532 561 
4 
529 530 532 564 
3 
529 530 531 
7 
294 295 369 375 534 535 536 
5 
369 370 533 535 536 
8 
369 370 371 372 485 533 534 536 
6 
295 369 372 533 534 535 
5 
477 478 538 539 540 
4 
478 537 539 540 
7 
478 479 501 537 538 540 670 
9 
477 478 479 480 537 538 539 669 670 
3 
542 543 544 
3 
541 543 544 
3 
541 542 544 
3 
541 542 543 
7 
108 333 546 547 548 637 640 
11 
107 108 333 334 545 547 548 637 638 639 640 
9 
333 334 335 336 545 546 548 639 640 
6 
333 336 545 546 547 640 
3 
550 551 552 
3 
549 551 552 
3 
549 550 552 
3 
549 550 551 
4 
57 554 555 556 
5 
57 58 553 555 556 
8 
57 58 59 60 553 554 556 849 
5 
57 60 553 554 555 
6 
352 437 438 558 559 560 
6 
351 352 438 557 559 560 
5 
438 439 557 558 560 
7 
437 438 439 440 557 558 559 
4 
530 562 563 564 
3 
561 563 564 
3 
561 562 564 
4 
531 561 562 563 
3 
566 567 568 
4 
565 567 568 921 
4 
565 566 568 924 
3 
565 566 567 
4 
570 571 572 954 
3 
569 571 572 
3 
569 570 572 
5 
569 570 571 954 955 
3 
574 575 576 
3 
573 575 576 
3 
573 574 576 
3 
573 574 575 
3 
578 579 580 
3 
577 579 580 
3 
577 578 580 
3 
577 578 579 
10 
2 3 71 141 142 143 144 582 583 584 
8 
109 112 142 143 581 583 584 712 
5 
112 143 581 582 584 
6 
3 143 144 581 582 583 
3 
586 587 588 
3 
585 587 588 
3 
585 586 588 
3 
585 586 587 
3 
590 591 592 
3 
589 591 592 
3 
589 590 592 
3 
589 590 591 
5 
237 240 594 595 596 
7 
237 238 239 240 593 595 596 
5 
239 240 593 594 596 
4 
240 593 594 595 
4 
77 598 599 600 
5 
77 78 597 599 600 
7 
77 78 79 80 597 598 600 
5 
77 80 597 598 599 
3 
602 603 604 
3 
601 603 604 
3 
601 602 604 
3 
601 602 603 
3 
606 607 608 
3 
605 607 608 
4 
53 605 606 608 
3 
605 606 607 
7 
485 486 487 488 610 611 612 
5 
486 487 609 611 612 
4 
487 609 610 612 
5 
487 488 609 610 611 
4 
338 614 615 616 
3 
613 615 616 
3 
613 614 616 
6 
338 339 613 614 615 970 
3 
618 619 620 
3 
617 619 620 
3 
617 618 620 
3 
617 618 619 
3 
622 623 624 
3 
621 623 624 
3 
621 622 624 
3 
621 622 623 
7 
381 382 383 384 626 627 628 
5 
382 383 625 627 628 
4 
383 625 626 628 
5 
383 384 625 626 627 
3 
630 631 632 
3 
629 631 632 
3 
629 630 632 
3 
629 630 631 
3 
634 635 636 
3 
633 635 636 
3 
633 634 636 
3 
633 634 635 
9 
105 106 107 108 545 546 638 639 640 
6 
106 107 546 637 639 640 
7 
107 334 546 547 637 638 640 
11 
107 108 333 334 545 546 547 548 637 638 639 
7 
14 15 391 642 643 644 963 
4 
641 643 644 812 
3 
641 642 644 
4 
15 641 642 643 
6 
59 646 647 648 850 851 
3 
645 647 648 
3 
645 646 648 
4 
645 646 647 851 
3 
650 651 652 
3 
649 651 652 
3 
649 650 652 
3 
649 650 651 
5 
94 95 654 655 656 
5 
473 476 653 655 656 
4 
476 653 654 656 
4 
95 653 654 655 
3 
658 659 660 
3 
657 659 660 
3 
657 658 660 
3 
657 658 659 
3 
662 663 664 
4 
309 661 663 664 
5 
309 312 661 662 664 
3 
661 662 663 
4 
404 666 667 668 
5 
403 404 665 667 668 
3 
665 666 668 
3 
665 666 667 
6 
479 480 540 670 671 672 
7 
479 501 539 540 669 671 672 
7 
501 504 669 670 672 925 926 
4 
669 670 671 925 
9 
175 303 517 518 519 520 674 675 676 
5 
518 519 673 675 676 
4 
519 673 674 676 
5 
519 520 673 674 675 
3 
678 679 680 
3 
677 679 680 
5 
677 678 680 693 694 
4 
677 678 679 693 
3 
682 683 684 
3 
681 683 684 
4 
681 682 684 933 
3 
681 682 683 
4 
170 686 687 688 
3 
685 687 688 
3 
685 686 688 
5 
170 171 685 686 687 
4 
690 691 692 890 
3 
689 691 692 
3 
689 690 692 
5 
689 690 691 890 891 
5 
679 680 694 695 696 
4 
679 693 695 696 
3 
693 694 696 
3 
693 694 695 
4 
698 699 700 997 
5 
697 699 700 997 998 
7 
697 698 700 997 998 999 1000 
6 
697 698 699 778 997 1000 
3 
702 703 704 
3 
701 703 704 
3 
701 702 704 
3 
701 702 703 
3 
706 707 708 
3 
705 707 708 
3 
705 706 708 
4 
102 705 706 707 
4 
109 710 711 712 
5 
109 110 709 711 712 
7 
109 110 111 112 709 710 712 
6 
109 112 582 709 710 711 
8 
387 388 422 449 452 714 715 716 
8 
387 449 450 451 452 713 715 716 
5 
451 452 713 714 716 
6 
422 423 452 713 714 715 
3 
718 719 720 
3 
717 719 720 
4 
5 717 718 720 
3 
717 718 719 
5 
379 380 722 723 724 
4 
379 721 723 724 
5 
145 146 721 722 724 
4 
145 721 722 723 
3 
726 727 728 
4 
725 727 728 913 
6 
18 725 726 728 913 916 
5 
17 18 725 726 727 
4 
730 731 732 912 
5 
729 731 732 911 912 
3 
729 730 732 
3 
729 730 731 
4 
221 734 735 736 
5 
221 222 733 735 736 
7 
221 222 223 224 733 734 736 
5 
221 224 733 734 735 
3 
738 739 740 
3 
737 739 740 
3 
737 738 740 
3 
737 738 739 
3 
742 743 744 
3 
741 743 744 
3 
741 742 744 
3 
741 742 743 
4 
746 747 748 857 
5 
745 747 748 857 858 
7 
745 746 748 857 858 859 860 
5 
745 746 747 857 860 
7 
503 504 750 751 752 926 927 
4 
503 749 751 752 
4 
749 750 752 906 
6 
749 750 751 905 906 927 
7 
229 230 423 424 754 755 756 
5 
230 423 753 755 756 
5 
230 231 753 754 756 
7 
229 230 231 232 753 754 755 
3 
758 759 760 
3 
757 759 760 
3 
757 758 760 
3 
757 758 759 
9 
86 87 217 218 219 220 762 763 764 
7 
218 219 257 260 761 763 764 
8 
189 190 219 260 761 762 764 822 
9 
87 189 219 220 761 762 763 821 822 
5 
766 767 768 790 879 
3 
765 767 768 
3 
765 766 768 
5 
765 766 767 790 791 
3 
770 771 772 
3 
769 771 772 
4 
354 769 770 772 
5 
353 354 769 770 771 
4 
426 774 775 776 
3 
773 775 776 
4 
773 774 776 918 
7 
426 427 773 774 775 917 918 
3 
778 779 780 
4 
700 777 779 780 
4 
465 777 778 780 
3 
777 778 779 
3 
782 783 784 
3 
781 783 784 
3 
781 782 784 
3 
781 782 783 
5 
310 311 786 787 788 
3 
785 787 788 
5 
785 786 788 973 974 
5 
311 785 786 787 973 
5 
441 442 790 791 792 
6 
442 765 768 789 791 792 
6 
442 443 768 789 790 792 
7 
441 442 443 444 789 790 791 
3 
794 795 796 
3 
793 795 796 
3 
793 794 796 
4 
793 794 795 810 
5 
798 799 800 811 812 
4 
797 799 800 811 
3 
797 798 800 
3 
797 798 799 
5 
493 494 802 803 804 
4 
494 801 803 804 
5 
494 495 801 802 804 
7 
493 494 495 496 801 802 803 
3 
806 807 808 
3 
805 807 808 
3 
805 806 808 
3 
805 806 807 
3 
810 811 812 
4 
796 809 811 812 
5 
797 798 809 810 812 
5 
642 797 809 810 811 
4 
148 814 815 816 
5 
147 148 813 815 816 
3 
813 814 816 
3 
813 814 815 
4 
431 818 819 820 
3 
817 819 820 
3 
817 818 820 
3 
817 818 819 
7 
87 189 192 764 822 823 824 
9 
189 190 191 192 763 764 821 823 824 
5 
191 192 821 822 824 
4 
192 821 822 823 
3 
826 827 828 
3 
825 827 828 
3 
825 826 828 
3 
825 826 827 
5 
445 448 830 831 832 
7 
445 446 447 448 829 831 832 
5 
447 448 829 830 832 
4 
448 829 830 831 
3 
834 835 836 
3 
833 835 836 
4 
121 833 834 836 
3 
833 834 835 
3 
838 839 840 
3 
837 839 840 
4 
165 837 838 840 
3 
837 838 839 
3 
842 843 844 
3 
841 843 844 
3 
841 842 844 
3 
841 842 843 
4 
271 846 847 848 
3 
845 847 848 
3 
845 846 848 
3 
845 846 847 
8 
57 58 59 60 555 850 851 852 
6 
58 59 645 849 851 852 
6 
59 645 648 849 850 852 
5 
59 60 849 850 851 
8 
207 208 243 854 855 856 885 886 
5 
207 853 855 856 886 
4 
853 854 856 887 
5 
853 854 855 887 888 
7 
745 746 747 748 858 859 860 
5 
746 747 857 859 860 
4 
747 857 858 860 
6 
266 747 748 857 858 859 
3 
862 863 864 
3 
861 863 864 
3 
861 862 864 
3 
861 862 863 
4 
129 866 867 868 
5 
129 130 865 867 868 
7 
129 130 131 132 865 866 868 
5 
129 132 865 866 867 
3 
870 871 872 
3 
869 871 872 
3 
869 870 872 
3 
869 870 871 
3 
874 875 876 
3 
873 875 876 
3 
873 874 876 
3 
873 874 875 
3 
878 879 880 
3 
877 879 880 
4 
765 877 878 880 
3 
877 878 879 
3 
882 883 884 
3 
881 883 884 
3 
881 882 884 
3 
881 882 883 
7 
207 208 243 853 886 887 888 
6 
207 853 854 885 887 888 
5 
855 856 885 886 888 
4 
856 885 886 887 
3 
890 891 892 
5 
689 692 889 891 892 
4 
692 889 890 892 
4 
370 889 890 891 
4 
26 894 895 896 
3 
893 895 896 
3 
893 894 896 
5 
26 27 893 894 895 
3 
898 899 900 
3 
897 899 900 
3 
897 898 900 
3 
897 898 899 
3 
902 903 904 
3 
901 903 904 
3 
901 902 904 
3 
901 902 903 
5 
752 906 907 908 927 
5 
751 752 905 907 908 
3 
905 906 908 
3 
905 906 907 
3 
910 911 912 
4 
100 909 911 912 
4 
730 909 910 912 
5 
729 730 909 910 911 
5 
726 727 914 915 916 
3 
913 915 916 
3 
913 914 916 
5 
18 727 913 914 915 
8 
425 426 427 428 776 918 919 920 
7 
426 427 775 776 917 919 920 
4 
427 917 918 920 
5 
427 428 917 918 919 
4 
566 922 923 924 
3 
921 923 924 
3 
921 922 924 
4 
567 921 922 923 
5 
671 672 926 927 928 
6 
504 671 749 925 927 928 
6 
749 752 905 925 926 928 
3 
925 926 927 
3 
930 931 932 
4 
385 929 931 932 
5 
385 388 929 930 932 
3 
929 930 931 
6 
241 244 683 934 935 936 
8 
208 241 242 243 244 933 935 936 
5 
243 244 933 934 936 
4 
244 933 934 935 
3 
938 939 940 
3 
937 939 940 
3 
937 938 940 
3 
937 938 939 
5 
133 136 942 943 944 
7 
133 134 135 136 941 943 944 
5 
135 136 941 942 944 
4 
136 941 942 943 
3 
946 947 948 
3 
945 947 948 
3 
945 946 948 
3 
945 946 947 
3 
950 951 952 
3 
949 951 952 
3 
949 950 952 
3 
949 950 951 
3 
954 955 956 
5 
569 572 953 955 956 
4 
572 953 954 956 
3 
953 954 955 
4 
290 958 959 960 
3 
957 959 960 
4 
349 957 958 960 
5 
290 291 957 958 959 
7 
13 14 389 390 962 963 964 
5 
14 390 961 963 964 
7 
14 15 391 641 961 962 964 
9 
13 14 15 16 391 392 961 962 963 
3 
966 967 968 
3 
965 967 968 
3 
965 966 968 
3 
965 966 967 
8 
285 337 338 339 340 970 971 972 
8 
285 286 338 339 616 969 971 972 
8 
285 286 287 288 339 969 970 972 
7 
285 288 339 340 969 970 971 
6 
311 787 788 974 975 976 
4 
787 973 975 976 
3 
973 974 976 
3 
973 974 975 
3 
978 979 980 
3 
977 979 980 
3 
977 978 980 
3 
977 978 979 
3 
982 983 984 
3 
981 983 984 
3 
981 982 984 
3 
981 982 983 
3 
986 987 988 
4 
468 985 987 988 
4 
90 985 986 988 
5 
89 90 985 986 987 
3 
990 991 992 
3 
989 991 992 
3 
989 990 992 
3 
989 990 991 
3 
994 995 996 
3 
993 995 996 
3 
993 994 996 
3 
993 994 995 
7 
697 698 699 700 998 999 1000 
5 
698 699 997 999 1000 
4 
699 997 998 1000 
5 
699 700 997 998 999 