
250 
4 
9 
2 3 4 410 411 985 986 987 988 
5 
1 3 4 986 987 
4 
1 2 4 987 
6 
1 2 3 411 987 988 
3 
6 7 8 
3 
5 7 8 
3 
5 6 8 
3 
5 6 7 
6 
10 11 12 673 676 936 
9 
9 11 12 673 674 675 676 935 936 
5 
9 10 12 675 676 
4 
9 10 11 676 
3 
14 15 16 
3 
13 15 16 
3 
13 14 16 
3 
13 14 15 
4 
18 19 20 251 
3 
17 19 20 
3 
17 18 20 
4 
17 18 19 990 
4 
22 23 24 206 
3 
21 23 24 
3 
21 22 24 
6 
21 22 23 126 206 207 
3 
26 27 28 
3 
25 27 28 
3 
25 26 28 
3 
25 26 27 
4 
30 31 32 869 
5 
29 31 32 869 870 
7 
29 30 32 869 870 871 872 
5 
29 30 31 869 872 
5 
34 35 36 938 939 
4 
33 35 36 429 
4 
33 34 36 432 
4 
33 34 35 939 
4 
38 39 40 625 
5 
37 39 40 625 626 
7 
37 38 40 625 626 627 628 
5 
37 38 39 625 628 
3 
42 43 44 
3 
41 43 44 
3 
41 42 44 
3 
41 42 43 
3 
46 47 48 
4 
45 47 48 812 
3 
45 46 48 
3 
45 46 47 
3 
50 51 52 
3 
49 51 52 
3 
49 50 52 
3 
49 50 51 
3 
54 55 56 
4 
53 55 56 856 
3 
53 54 56 
3 
53 54 55 
5 
58 59 60 281 282 
6 
57 59 60 282 701 704 
6 
57 58 60 282 283 704 
7 
57 58 59 281 282 283 284 
5 
62 63 64 119 120 
4 
61 63 64 119 
3 
61 62 64 
3 
61 62 63 
4 
66 67 68 296 
5 
65 67 68 295 296 
5 
65 66 68 833 834 
4 
65 66 67 833 
3 
70 71 72 
3 
69 71 72 
4 
69 70 72 325 
3 
69 70 71 
6 
74 75 76 217 218 668 
8 
73 75 76 149 218 667 668 697 
8 
73 74 76 149 152 218 219 700 
7 
73 74 75 217 218 219 220 
3 
78 79 80 
3 
77 79 80 
3 
77 78 80 
3 
77 78 79 
3 
82 83 84 
3 
81 83 84 
3 
81 82 84 
3 
81 82 83 
7 
86 87 88 529 530 531 532 
5 
85 87 88 530 531 
4 
85 86 88 531 
5 
85 86 87 531 532 
7 
90 91 92 503 504 971 972 
5 
89 91 92 503 971 
3 
89 90 92 
3 
89 90 91 
7 
94 95 96 597 598 599 600 
5 
93 95 96 598 599 
4 
93 94 96 599 
5 
93 94 95 599 600 
3 
98 99 100 
5 
97 99 100 709 712 
4 
97 98 100 712 
3 
97 98 99 
4 
102 103 104 583 
3 
101 103 104 
3 
101 102 104 
3 
101 102 103 
3 
106 107 108 
3 
105 107 108 
3 
105 106 108 
3 
105 106 107 
5 
110 111 112 945 946 
4 
109 111 112 946 
5 
109 110 112 946 947 
7 
109 110 111 945 946 947 948 
4 
114 115 116 189 
5 
113 115 116 189 190 
7 
113 114 116 189 190 191 192 
5 
113 114 115 189 192 
4 
118 119 120 835 
5 
117 119 120 521 524 
6 
61 62 117 118 120 524 
4 
61 117 118 119 
4 
122 123 124 371 
3 
121 123 124 
3 
121 122 124 
3 
121 122 123 
4 
126 127 128 208 
6 
24 125 127 128 207 208 
3 
125 126 128 
3 
125 126 127 
3 
130 131 132 
3 
129 131 132 
3 
129 130 132 
3 
129 130 131 
5 
134 135 136 763 764 
4 
133 135 136 763 
3 
133 134 136 
3 
133 134 135 
3 
138 139 140 
3 
137 139 140 
3 
137 138 140 
3 
137 138 139 
3 
142 143 144 
3 
141 143 144 
3 
141 142 144 
3 
141 142 143 
3 
146 147 148 
3 
145 147 148 
3 
145 146 148 
3 
145 146 147 
11 
74 75 150 151 152 218 219 697 698 699 700 
6 
149 151 152 485 698 699 
6 
149 150 152 485 488 699 
7 
75 149 150 151 219 699 700 
3 
154 155 156 
3 
153 155 156 
3 
153 154 156 
3 
153 154 155 
3 
158 159 160 
5 
157 159 160 385 388 
6 
157 158 160 388 605 606 
4 
157 158 159 605 
3 
162 163 164 
4 
161 163 164 996 
4 
161 162 164 473 
3 
161 162 163 
3 
166 167 168 
3 
165 167 168 
4 
165 166 168 509 
3 
165 166 167 
5 
170 171 172 721 722 
4 
169 171 172 722 
5 
169 170 172 722 723 
7 
169 170 171 721 722 723 724 
3 
174 175 176 
3 
173 175 176 
3 
173 174 176 
3 
173 174 175 
4 
178 179 180 297 
5 
177 179 180 297 298 
7 
177 178 180 297 298 299 300 
5 
177 178 179 297 300 
3 
182 183 184 
3 
181 183 184 
3 
181 182 184 
3 
181 182 183 
3 
186 187 188 
3 
185 187 188 
3 
185 186 188 
3 
185 186 187 
7 
113 114 115 116 190 191 192 
5 
114 115 189 191 192 
4 
115 189 190 192 
5 
115 116 189 190 191 
5 
194 195 196 201 202 
4 
193 195 196 202 
5 
193 194 196 202 203 
7 
193 194 195 201 202 203 204 
3 
198 199 200 
3 
197 199 200 
3 
197 198 200 
3 
197 198 199 
5 
193 196 202 203 204 
7 
193 194 195 196 201 203 204 
5 
195 196 201 202 204 
4 
196 201 202 203 
3 
206 207 208 
5 
21 24 205 207 208 
5 
24 126 205 206 208 
5 
125 126 205 206 207 
3 
210 211 212 
3 
209 211 212 
5 
209 210 212 273 274 
4 
209 210 211 273 
5 
214 215 216 882 883 
3 
213 215 216 
3 
213 214 216 
4 
213 214 215 883 
6 
73 76 218 219 220 668 
12 
73 74 75 76 149 217 219 220 667 668 697 700 
8 
75 76 149 152 217 218 220 700 
4 
76 217 218 219 
9 
222 223 224 237 238 239 240 889 890 
6 
221 223 224 238 239 890 
7 
221 222 224 239 482 890 891 
11 
221 222 223 239 240 481 482 889 890 891 892 
3 
226 227 228 
3 
225 227 228 
3 
225 226 228 
3 
225 226 227 
3 
230 231 232 
6 
229 231 232 605 608 645 
6 
229 230 232 608 645 648 
3 
229 230 231 
3 
234 235 236 
3 
233 235 236 
4 
233 234 236 817 
3 
233 234 235 
7 
221 238 239 240 889 890 944 
8 
221 222 237 239 240 890 943 944 
9 
221 222 223 224 237 238 240 890 891 
9 
221 224 237 238 239 889 890 891 892 
3 
242 243 244 
3 
241 243 244 
3 
241 242 244 
3 
241 242 243 
4 
246 247 248 902 
3 
245 247 248 
3 
245 246 248 
5 
245 246 247 902 903 
3 
250 251 252 
3 
249 251 252 
4 
17 249 250 252 
3 
249 250 251 
7 
254 255 256 325 326 327 328 
5 
253 255 256 326 327 
4 
253 254 256 327 
5 
253 254 255 327 328 
3 
258 259 260 
3 
257 259 260 
3 
257 258 260 
3 
257 258 259 
8 
262 263 264 641 642 687 849 850 
5 
261 263 264 642 850 
9 
261 262 264 417 418 642 643 850 851 
13 
261 262 263 386 417 641 642 643 644 849 850 851 852 
7 
266 267 268 273 274 275 276 
5 
265 267 268 274 275 
4 
265 266 268 275 
5 
265 266 267 275 276 
3 
270 271 272 
3 
269 271 272 
3 
269 270 272 
3 
269 270 271 
6 
211 212 265 274 275 276 
6 
211 265 266 273 275 276 
7 
265 266 267 268 273 274 276 
5 
265 268 273 274 275 
3 
278 279 280 
4 
277 279 280 288 
3 
277 278 280 
3 
277 278 279 
5 
57 60 282 283 284 
7 
57 58 59 60 281 283 284 
5 
59 60 281 282 284 
4 
60 281 282 283 
3 
286 287 288 
3 
285 287 288 
3 
285 286 288 
4 
278 285 286 287 
3 
290 291 292 
3 
289 291 292 
3 
289 290 292 
3 
289 290 291 
5 
294 295 296 601 604 
7 
293 295 296 601 602 603 604 
6 
66 293 294 296 603 604 
6 
65 66 293 294 295 604 
7 
177 178 179 180 298 299 300 
5 
178 179 297 299 300 
4 
179 297 298 300 
5 
179 180 297 298 299 
3 
302 303 304 
3 
301 303 304 
3 
301 302 304 
3 
301 302 303 
3 
306 307 308 
6 
305 307 308 409 412 681 
6 
305 306 308 412 681 684 
3 
305 306 307 
3 
310 311 312 
3 
309 311 312 
3 
309 310 312 
4 
309 310 311 414 
3 
314 315 316 
3 
313 315 316 
3 
313 314 316 
3 
313 314 315 
3 
318 319 320 
3 
317 319 320 
3 
317 318 320 
3 
317 318 319 
3 
322 323 324 
5 
321 323 324 369 964 
5 
321 322 324 369 372 
3 
321 322 323 
5 
71 253 326 327 328 
5 
253 254 325 327 328 
7 
253 254 255 256 325 326 328 
5 
253 256 325 326 327 
3 
330 331 332 
3 
329 331 332 
3 
329 330 332 
3 
329 330 331 
5 
334 335 336 354 355 
3 
333 335 336 
3 
333 334 336 
4 
333 334 335 355 
4 
338 339 340 984 
5 
337 339 340 983 984 
3 
337 338 340 
3 
337 338 339 
3 
342 343 344 
3 
341 343 344 
3 
341 342 344 
3 
341 342 343 
3 
346 347 348 
3 
345 347 348 
3 
345 346 348 
3 
345 346 347 
3 
350 351 352 
3 
349 351 352 
3 
349 350 352 
3 
349 350 351 
5 
354 355 356 969 970 
5 
333 353 355 356 970 
8 
333 336 353 354 356 502 970 971 
9 
353 354 355 501 502 969 970 971 972 
3 
358 359 360 
4 
357 359 360 857 
5 
357 358 360 857 860 
3 
357 358 359 
3 
362 363 364 
3 
361 363 364 
3 
361 362 364 
3 
361 362 363 
8 
366 367 368 660 793 794 795 796 
9 
365 367 368 659 660 794 795 841 844 
7 
365 366 368 449 450 795 844 
6 
365 366 367 449 795 796 
6 
322 323 370 371 372 964 
5 
369 371 372 963 964 
4 
121 369 370 372 
4 
323 369 370 371 
3 
374 375 376 
4 
373 375 376 941 
5 
373 374 376 941 944 
3 
373 374 375 
4 
378 379 380 679 
3 
377 379 380 
3 
377 378 380 
3 
377 378 379 
4 
382 383 384 746 
3 
381 383 384 
3 
381 382 384 
5 
381 382 383 746 747 
4 
158 386 387 388 
8 
264 385 387 388 641 644 849 852 
5 
385 386 388 644 852 
5 
158 159 385 386 387 
6 
390 391 392 613 616 917 
9 
389 391 392 613 614 615 616 917 918 
9 
389 390 392 615 616 917 918 919 920 
6 
389 390 391 616 917 920 
5 
394 395 396 955 956 
4 
393 395 396 955 
3 
393 394 396 
3 
393 394 395 
5 
398 399 400 629 632 
7 
397 399 400 629 630 631 632 
5 
397 398 400 631 632 
4 
397 398 399 632 
4 
402 403 404 718 
3 
401 403 404 
3 
401 402 404 
5 
401 402 403 718 719 
4 
406 407 408 975 
3 
405 407 408 
3 
405 406 408 
3 
405 406 407 
4 
306 410 411 412 
6 
1 409 411 412 985 988 
7 
1 4 409 410 412 682 988 
7 
306 307 409 410 411 681 682 
3 
414 415 416 
4 
312 413 415 416 
3 
413 414 416 
3 
413 414 415 
11 
263 264 418 419 420 642 643 849 850 851 852 
6 
263 417 419 420 850 851 
4 
417 418 420 851 
6 
417 418 419 643 851 852 
3 
422 423 424 
3 
421 423 424 
3 
421 422 424 
3 
421 422 423 
4 
426 427 428 493 
5 
425 427 428 493 494 
7 
425 426 428 493 494 495 496 
5 
425 426 427 493 496 
4 
34 430 431 432 
3 
429 431 432 
3 
429 430 432 
4 
35 429 430 431 
3 
434 435 436 
3 
433 435 436 
3 
433 434 436 
3 
433 434 435 
3 
438 439 440 
3 
437 439 440 
3 
437 438 440 
3 
437 438 439 
5 
442 443 444 743 744 
4 
441 443 444 743 
3 
441 442 444 
3 
441 442 443 
3 
446 447 448 
3 
445 447 448 
3 
445 446 448 
3 
445 446 447 
5 
367 368 450 451 452 
4 
367 449 451 452 
3 
449 450 452 
3 
449 450 451 
3 
454 455 456 
3 
453 455 456 
3 
453 454 456 
3 
453 454 455 
3 
458 459 460 
3 
457 459 460 
3 
457 458 460 
3 
457 458 459 
3 
462 463 464 
3 
461 463 464 
5 
461 462 464 601 602 
4 
461 462 463 601 
3 
466 467 468 
3 
465 467 468 
3 
465 466 468 
3 
465 466 467 
3 
470 471 472 
3 
469 471 472 
3 
469 470 472 
3 
469 470 471 
4 
163 474 475 476 
3 
473 475 476 
3 
473 474 476 
3 
473 474 475 
3 
478 479 480 
3 
477 479 480 
3 
477 478 480 
3 
477 478 479 
5 
224 482 483 484 892 
6 
223 224 481 483 484 891 
3 
481 482 484 
3 
481 482 483 
6 
150 151 486 487 488 699 
3 
485 487 488 
3 
485 486 488 
4 
151 485 486 487 
3 
490 491 492 
3 
489 491 492 
3 
489 490 492 
4 
489 490 491 822 
7 
425 426 427 428 494 495 496 
5 
426 427 493 495 496 
4 
427 493 494 496 
5 
427 428 493 494 495 
8 
498 499 500 652 837 838 839 840 
7 
497 499 500 651 652 838 839 
4 
497 498 500 839 
5 
497 498 499 839 840 
6 
356 502 503 504 969 972 
9 
355 356 501 503 504 969 970 971 972 
7 
89 90 501 502 504 971 972 
5 
89 501 502 503 972 
5 
506 507 508 579 580 
4 
505 507 508 579 
3 
505 506 508 
3 
505 506 507 
4 
167 510 511 512 
3 
509 511 512 
3 
509 510 512 
3 
509 510 511 
3 
514 515 516 
3 
513 515 516 
3 
513 514 516 
3 
513 514 515 
3 
518 519 520 
4 
517 519 520 585 
4 
517 518 520 588 
3 
517 518 519 
4 
118 522 523 524 
5 
521 523 524 877 880 
4 
521 522 524 880 
5 
118 119 521 522 523 
3 
526 527 528 
3 
525 527 528 
3 
525 526 528 
3 
525 526 527 
4 
85 530 531 532 
5 
85 86 529 531 532 
7 
85 86 87 88 529 530 532 
5 
85 88 529 530 531 
3 
534 535 536 
3 
533 535 536 
3 
533 534 536 
3 
533 534 535 
3 
538 539 540 
3 
537 539 540 
3 
537 538 540 
3 
537 538 539 
3 
542 543 544 
3 
541 543 544 
3 
541 542 544 
3 
541 542 543 
3 
546 547 548 
3 
545 547 548 
3 
545 546 548 
3 
545 546 547 
3 
550 551 552 
3 
549 551 552 
3 
549 550 552 
3 
549 550 551 
3 
554 555 556 
3 
553 555 556 
3 
553 554 556 
3 
553 554 555 
3 
558 559 560 
3 
557 559 560 
3 
557 558 560 
3 
557 558 559 
3 
562 563 564 
3 
561 563 564 
3 
561 562 564 
3 
561 562 563 
3 
566 567 568 
3 
565 567 568 
3 
565 566 568 
3 
565 566 567 
4 
570 571 572 640 
5 
569 571 572 639 640 
5 
569 570 572 949 950 
4 
569 570 571 949 
3 
574 575 576 
3 
573 575 576 
3 
573 574 576 
3 
573 574 575 
3 
578 579 580 
3 
577 579 580 
5 
505 506 577 578 580 
4 
505 577 578 579 
3 
582 583 584 
3 
581 583 584 
4 
101 581 582 584 
3 
581 582 583 
4 
518 586 587 588 
3 
585 587 588 
3 
585 586 588 
4 
519 585 586 587 
3 
590 591 592 
3 
589 591 592 
3 
589 590 592 
3 
589 590 591 
3 
594 595 596 
3 
593 595 596 
3 
593 594 596 
3 
593 594 595 
4 
93 598 599 600 
5 
93 94 597 599 600 
7 
93 94 95 96 597 598 600 
5 
93 96 597 598 599 
7 
293 294 463 464 602 603 604 
5 
294 463 601 603 604 
5 
294 295 601 602 604 
7 
293 294 295 296 601 602 603 
7 
159 160 230 606 607 608 645 
6 
159 605 607 608 645 646 
7 
605 606 608 645 646 647 648 
7 
230 231 605 606 607 645 648 
3 
610 611 612 
3 
609 611 612 
3 
609 610 612 
3 
609 610 611 
5 
389 390 614 615 616 
4 
390 613 615 616 
7 
390 391 613 614 616 917 918 
8 
389 390 391 392 613 614 615 917 
3 
618 619 620 
3 
617 619 620 
3 
617 618 620 
3 
617 618 619 
3 
622 623 624 
3 
621 623 624 
4 
621 622 624 814 
5 
621 622 623 813 814 
7 
37 38 39 40 626 627 628 
5 
38 39 625 627 628 
4 
39 625 626 628 
5 
39 40 625 626 627 
5 
397 398 630 631 632 
4 
398 629 631 632 
5 
398 399 629 630 632 
7 
397 398 399 400 629 630 631 
3 
634 635 636 
3 
633 635 636 
3 
633 634 636 
3 
633 634 635 
3 
638 639 640 
3 
637 639 640 
4 
570 637 638 640 
5 
569 570 637 638 639 
8 
261 264 386 642 643 644 687 849 
10 
261 262 263 264 417 641 643 644 849 850 
9 
263 264 417 420 641 642 644 851 852 
7 
264 386 387 641 642 643 852 
9 
230 231 605 606 607 608 646 647 648 
5 
606 607 645 647 648 
4 
607 645 646 648 
6 
231 607 608 645 646 647 
5 
650 651 652 837 838 
4 
649 651 652 838 
6 
498 649 650 652 838 839 
9 
497 498 649 650 651 837 838 839 840 
3 
654 655 656 
3 
653 655 656 
3 
653 654 656 
3 
653 654 655 
6 
658 659 660 793 794 841 
6 
657 659 660 794 841 842 
10 
366 657 658 660 794 795 841 842 843 844 
11 
365 366 657 658 659 793 794 795 796 841 844 
3 
662 663 664 
3 
661 663 664 
3 
661 662 664 
3 
661 662 663 
3 
666 667 668 
5 
665 667 668 805 808 
8 
74 218 665 666 668 697 698 808 
8 
73 74 217 218 665 666 667 697 
3 
670 671 672 
3 
669 671 672 
3 
669 670 672 
3 
669 670 671 
6 
9 10 674 675 676 936 
5 
10 673 675 676 935 
5 
10 11 673 674 676 
7 
9 10 11 12 673 674 675 
3 
678 679 680 
3 
677 679 680 
4 
377 677 678 680 
3 
677 678 679 
6 
306 307 412 682 683 684 
6 
411 412 681 683 684 988 
3 
681 682 684 
4 
307 681 682 683 
3 
686 687 688 
3 
685 687 688 
6 
261 641 685 686 688 849 
3 
685 686 687 
3 
690 691 692 
3 
689 691 692 
3 
689 690 692 
3 
689 690 691 
3 
694 695 696 
3 
693 695 696 
3 
693 694 696 
3 
693 694 695 
8 
74 149 218 667 668 698 699 700 
6 
149 150 667 697 699 700 
8 
149 150 151 152 485 697 698 700 
8 
75 149 152 218 219 697 698 699 
4 
58 702 703 704 
3 
701 703 704 
3 
701 702 704 
5 
58 59 701 702 703 
3 
706 707 708 
3 
705 707 708 
3 
705 706 708 
3 
705 706 707 
4 
98 710 711 712 
3 
709 711 712 
3 
709 710 712 
5 
98 99 709 710 711 
3 
714 715 716 
3 
713 715 716 
3 
713 714 716 
3 
713 714 715 
3 
718 719 720 
5 
401 404 717 719 720 
4 
404 717 718 720 
3 
717 718 719 
5 
169 172 722 723 724 
7 
169 170 171 172 721 723 724 
5 
171 172 721 722 724 
4 
172 721 722 723 
3 
726 727 728 
3 
725 727 728 
3 
725 726 728 
3 
725 726 727 
3 
730 731 732 
3 
729 731 732 
3 
729 730 732 
3 
729 730 731 
4 
734 735 736 967 
3 
733 735 736 
3 
733 734 736 
3 
733 734 735 
3 
738 739 740 
3 
737 739 740 
3 
737 738 740 
3 
737 738 739 
3 
742 743 744 
3 
741 743 744 
5 
441 442 741 742 744 
4 
441 741 742 743 
3 
746 747 748 
5 
381 384 745 747 748 
5 
384 745 746 748 910 
5 
745 746 747 909 910 
3 
750 751 752 
3 
749 751 752 
3 
749 750 752 
3 
749 750 751 
3 
754 755 756 
3 
753 755 756 
3 
753 754 756 
3 
753 754 755 
3 
758 759 760 
3 
757 759 760 
3 
757 758 760 
3 
757 758 759 
3 
762 763 764 
3 
761 763 764 
5 
133 134 761 762 764 
4 
133 761 762 763 
3 
766 767 768 
3 
765 767 768 
3 
765 766 768 
3 
765 766 767 
3 
770 771 772 
3 
769 771 772 
3 
769 770 772 
3 
769 770 771 
3 
774 775 776 
3 
773 775 776 
3 
773 774 776 
3 
773 774 775 
3 
778 779 780 
3 
777 779 780 
3 
777 778 780 
3 
777 778 779 
3 
782 783 784 
3 
781 783 784 
3 
781 782 784 
3 
781 782 783 
3 
786 787 788 
3 
785 787 788 
3 
785 786 788 
3 
785 786 787 
3 
790 791 792 
3 
789 791 792 
3 
789 790 792 
3 
789 790 791 
6 
365 657 660 794 795 796 
11 
365 366 657 658 659 660 793 795 796 841 844 
10 
365 366 367 368 659 660 793 794 796 844 
6 
365 368 660 793 794 795 
7 
798 799 800 925 926 927 928 
5 
797 799 800 926 927 
4 
797 798 800 927 
5 
797 798 799 927 928 
3 
802 803 804 
3 
801 803 804 
3 
801 802 804 
4 
801 802 803 898 
4 
666 806 807 808 
3 
805 807 808 
3 
805 806 808 
5 
666 667 805 806 807 
3 
810 811 812 
3 
809 811 812 
3 
809 810 812 
4 
46 809 810 811 
4 
624 814 815 816 
5 
623 624 813 815 816 
3 
813 814 816 
3 
813 814 815 
4 
235 818 819 820 
3 
817 819 820 
4 
817 818 820 914 
5 
817 818 819 913 914 
3 
822 823 824 
4 
492 821 823 824 
3 
821 822 824 
3 
821 822 823 
3 
826 827 828 
3 
825 827 828 
3 
825 826 828 
3 
825 826 827 
3 
830 831 832 
3 
829 831 832 
3 
829 830 832 
3 
829 830 831 
5 
67 68 834 835 836 
4 
67 833 835 836 
4 
117 833 834 836 
3 
833 834 835 
6 
497 649 652 838 839 840 
9 
497 498 649 650 651 652 837 839 840 
9 
497 498 499 500 651 652 837 838 840 
6 
497 500 652 837 838 839 
9 
366 657 658 659 660 794 842 843 844 
5 
658 659 841 843 844 
4 
659 841 842 844 
9 
366 367 659 660 794 795 841 842 843 
3 
846 847 848 
3 
845 847 848 
3 
845 846 848 
3 
845 846 847 
10 
261 264 386 417 641 642 687 850 851 852 
10 
261 262 263 264 417 418 642 849 851 852 
10 
263 264 417 418 419 420 643 849 850 852 
10 
264 386 387 417 420 643 644 849 850 851 
3 
854 855 856 
3 
853 855 856 
3 
853 854 856 
4 
54 853 854 855 
5 
358 359 858 859 860 
3 
857 859 860 
3 
857 858 860 
4 
359 857 858 859 
3 
862 863 864 
3 
861 863 864 
3 
861 862 864 
3 
861 862 863 
3 
866 867 868 
3 
865 867 868 
3 
865 866 868 
3 
865 866 867 
7 
29 30 31 32 870 871 872 
5 
30 31 869 871 872 
4 
31 869 870 872 
5 
31 32 869 870 871 
3 
874 875 876 
3 
873 875 876 
3 
873 874 876 
3 
873 874 875 
4 
522 878 879 880 
3 
877 879 880 
3 
877 878 880 
5 
522 523 877 878 879 
3 
882 883 884 
4 
213 881 883 884 
5 
213 216 881 882 884 
3 
881 882 883 
3 
886 887 888 
3 
885 887 888 
3 
885 886 888 
3 
885 886 887 
7 
221 224 237 240 890 891 892 
11 
221 222 223 224 237 238 239 240 889 891 892 
8 
223 224 239 240 482 889 890 892 
6 
224 240 481 889 890 891 
3 
894 895 896 
3 
893 895 896 
3 
893 894 896 
3 
893 894 895 
3 
898 899 900 
4 
804 897 899 900 
3 
897 898 900 
3 
897 898 899 
3 
902 903 904 
5 
245 248 901 903 904 
4 
248 901 902 904 
3 
901 902 903 
3 
906 907 908 
3 
905 907 908 
3 
905 906 908 
3 
905 906 907 
4 
748 910 911 912 
5 
747 748 909 911 912 
3 
909 910 912 
3 
909 910 911 
4 
820 914 915 916 
5 
819 820 913 915 916 
3 
913 914 916 
3 
913 914 915 
9 
389 390 391 392 615 616 918 919 920 
6 
390 391 615 917 919 920 
4 
391 917 918 920 
5 
391 392 917 918 919 
3 
922 923 924 
3 
921 923 924 
3 
921 922 924 
3 
921 922 923 
4 
797 926 927 928 
5 
797 798 925 927 928 
7 
797 798 799 800 925 926 928 
5 
797 800 925 926 927 
3 
930 931 932 
3 
929 931 932 
3 
929 930 932 
3 
929 930 931 
3 
934 935 936 
3 
933 935 936 
5 
10 674 933 934 936 
6 
9 10 673 933 934 935 
3 
938 939 940 
4 
33 937 939 940 
5 
33 36 937 938 940 
3 
937 938 939 
5 
374 375 942 943 944 
3 
941 943 944 
4 
238 941 942 944 
6 
237 238 375 941 942 943 
5 
109 112 946 947 948 
7 
109 110 111 112 945 947 948 
6 
111 112 945 946 948 954 
6 
112 945 946 947 953 954 
5 
571 572 950 951 952 
4 
571 949 951 952 
3 
949 950 952 
3 
949 950 951 
4 
948 954 955 956 
5 
947 948 953 955 956 
5 
393 394 953 954 956 
4 
393 953 954 955 
3 
958 959 960 
3 
957 959 960 
3 
957 958 960 
3 
957 958 959 
3 
962 963 964 
3 
961 963 964 
4 
370 961 962 964 
6 
322 369 370 961 962 963 
3 
966 967 968 
3 
965 967 968 
4 
733 965 966 968 
3 
965 966 967 
7 
353 356 501 502 970 971 972 
8 
353 354 355 356 502 969 971 972 
9 
89 90 355 356 502 503 969 970 972 
9 
89 356 501 502 503 504 969 970 971 
3 
974 975 976 
3 
973 975 976 
4 
405 973 974 976 
3 
973 974 975 
3 
978 979 980 
3 
977 979 980 
3 
977 978 980 
3 
977 978 979 
3 
982 983 984 
3 
981 983 984 
4 
338 981 982 984 
5 
337 338 981 982 983 
5 
1 410 986 987 988 
5 
1 2 985 987 988 
7 
1 2 3 4 985 986 988 
8 
1 4 410 411 682 985 986 987 
3 
990 991 992 
4 
20 989 991 992 
3 
989 990 992 
3 
989 990 991 
3 
994 995 996 
3 
993 995 996 
3 
993 994 996 
4 
162 993 994 995 
3 
998 999 1000 
3 
997 999 1000 
3 
997 998 1000 
3 
997 998 999 