
250 
4 
3 
2 3 4 
3 
1 3 4 
3 
1 2 4 
3 
1 2 3 
3 
6 7 8 
3 
5 7 8 
5 
5 6 8 513 973 
3 
5 6 7 
8 
10 11 12 136 442 443 677 678 
6 
9 11 12 135 136 678 
5 
9 10 12 678 679 
8 
9 10 11 443 677 678 679 680 
4 
14 15 16 745 
7 
13 15 16 745 746 953 956 
8 
13 14 16 745 746 747 748 956 
6 
13 14 15 270 745 748 
5 
18 19 20 111 112 
4 
17 19 20 111 
3 
17 18 20 
3 
17 18 19 
4 
22 23 24 212 
5 
21 23 24 211 212 
3 
21 22 24 
3 
21 22 23 
3 
26 27 28 
4 
25 27 28 897 
6 
25 26 28 778 897 900 
5 
25 26 27 777 778 
4 
30 31 32 950 
3 
29 31 32 
3 
29 30 32 
5 
29 30 31 950 951 
5 
34 35 36 283 284 
4 
33 35 36 283 
4 
33 34 36 377 
3 
33 34 35 
7 
38 39 40 521 522 523 524 
6 
37 39 40 522 523 952 
4 
37 38 40 523 
5 
37 38 39 523 524 
3 
42 43 44 
3 
41 43 44 
4 
41 42 44 694 
5 
41 42 43 693 694 
3 
46 47 48 
3 
45 47 48 
3 
45 46 48 
3 
45 46 47 
5 
50 51 52 65 786 
5 
49 51 52 65 66 
7 
49 50 52 65 66 67 68 
7 
49 50 51 65 68 786 787 
5 
54 55 56 941 942 
4 
53 55 56 942 
5 
53 54 56 942 943 
7 
53 54 55 941 942 943 944 
3 
58 59 60 
4 
57 59 60 412 
3 
57 58 60 
3 
57 58 59 
3 
62 63 64 
4 
61 63 64 732 
3 
61 62 64 
4 
61 62 63 254 
8 
49 50 51 52 66 67 68 786 
5 
50 51 65 67 68 
4 
51 65 66 68 
6 
51 52 65 66 67 787 
6 
70 71 72 325 328 716 
9 
69 71 72 325 326 327 328 715 716 
5 
69 70 72 327 328 
4 
69 70 71 328 
3 
74 75 76 
3 
73 75 76 
3 
73 74 76 
3 
73 74 75 
3 
78 79 80 
3 
77 79 80 
3 
77 78 80 
3 
77 78 79 
3 
82 83 84 
3 
81 83 84 
5 
81 82 84 709 710 
4 
81 82 83 709 
3 
86 87 88 
3 
85 87 88 
3 
85 86 88 
3 
85 86 87 
8 
90 91 92 620 845 846 903 904 
7 
89 91 92 619 620 846 903 
5 
89 90 92 846 847 
7 
89 90 91 845 846 847 848 
4 
94 95 96 731 
3 
93 95 96 
3 
93 94 96 
3 
93 94 95 
6 
98 99 100 197 267 801 
7 
97 99 100 197 198 801 802 
11 
97 98 100 197 198 199 200 801 802 803 804 
7 
97 98 99 197 200 801 804 
5 
102 103 104 214 215 
3 
101 103 104 
3 
101 102 104 
4 
101 102 103 215 
4 
106 107 108 875 
4 
105 107 108 861 
5 
105 106 108 861 864 
3 
105 106 107 
3 
110 111 112 
4 
109 111 112 416 
5 
17 18 109 110 112 
4 
17 109 110 111 
3 
114 115 116 
4 
113 115 116 985 
6 
113 114 116 589 985 988 
3 
113 114 115 
3 
118 119 120 
3 
117 119 120 
4 
117 118 120 242 
5 
117 118 119 241 242 
5 
122 123 124 305 308 
7 
121 123 124 305 306 307 308 
5 
121 122 124 307 308 
4 
121 122 123 308 
5 
126 127 128 723 724 
4 
125 127 128 723 
3 
125 126 128 
3 
125 126 127 
3 
130 131 132 
3 
129 131 132 
3 
129 130 132 
3 
129 130 131 
4 
134 135 136 442 
3 
133 135 136 
5 
10 133 134 136 678 
9 
9 10 133 134 135 442 443 677 678 
3 
138 139 140 
3 
137 139 140 
3 
137 138 140 
3 
137 138 139 
5 
142 143 144 765 768 
5 
141 143 144 766 767 
5 
141 142 144 257 767 
4 
141 142 143 768 
5 
146 147 148 719 720 
4 
145 147 148 719 
5 
145 146 148 921 922 
5 
145 146 147 174 921 
4 
150 151 152 448 
5 
149 151 152 447 448 
3 
149 150 152 
3 
149 150 151 
4 
154 155 156 931 
3 
153 155 156 
3 
153 154 156 
3 
153 154 155 
6 
158 159 160 437 440 591 
7 
157 159 160 437 438 439 440 
5 
157 158 160 439 440 
4 
157 158 159 440 
4 
162 163 164 230 
3 
161 163 164 
3 
161 162 164 
6 
161 162 163 230 231 962 
6 
166 167 168 253 603 604 
6 
165 167 168 253 254 603 
7 
165 166 168 253 254 255 256 
5 
165 166 167 253 256 
4 
170 171 172 474 
3 
169 171 172 
3 
169 170 172 
5 
169 170 171 474 475 
3 
174 175 176 
6 
148 173 175 176 921 924 
4 
173 174 176 924 
3 
173 174 175 
9 
178 179 180 299 300 519 520 550 551 
5 
177 179 180 299 519 
3 
177 178 180 
5 
177 178 179 551 742 
3 
182 183 184 
3 
181 183 184 
3 
181 182 184 
3 
181 182 183 
4 
186 187 188 798 
3 
185 187 188 
3 
185 186 188 
5 
185 186 187 798 799 
3 
190 191 192 
3 
189 191 192 
3 
189 190 192 
3 
189 190 191 
7 
194 195 196 313 314 315 316 
5 
193 195 196 314 315 
6 
193 194 196 293 294 315 
6 
193 194 195 293 315 316 
8 
97 98 99 100 198 199 200 801 
7 
98 99 197 199 200 801 802 
9 
99 197 198 200 218 801 802 803 804 
9 
99 100 197 198 199 217 218 801 804 
4 
202 203 204 220 
5 
201 203 204 219 220 
3 
201 202 204 
3 
201 202 203 
5 
206 207 208 695 696 
4 
205 207 208 695 
3 
205 206 208 
3 
205 206 207 
3 
210 211 212 
3 
209 211 212 
4 
22 209 210 212 
5 
21 22 209 210 211 
4 
214 215 216 807 
4 
101 213 215 216 
5 
101 104 213 214 216 
3 
213 214 215 
5 
200 218 219 220 804 
7 
199 200 217 219 220 803 804 
4 
202 217 218 220 
5 
201 202 217 218 219 
3 
222 223 224 
3 
221 223 224 
3 
221 222 224 
3 
221 222 223 
4 
226 227 228 893 
5 
225 227 228 893 894 
9 
225 226 228 781 782 893 894 895 896 
6 
225 226 227 781 893 896 
4 
230 231 232 411 
5 
161 164 229 231 232 
6 
164 229 230 232 961 962 
4 
229 230 231 961 
3 
234 235 236 
3 
233 235 236 
3 
233 234 236 
4 
233 234 235 530 
3 
238 239 240 
3 
237 239 240 
3 
237 238 240 
3 
237 238 239 
4 
120 242 243 244 
5 
119 120 241 243 244 
3 
241 242 244 
3 
241 242 243 
6 
246 247 248 746 955 956 
4 
245 247 248 955 
3 
245 246 248 
4 
245 246 247 747 
3 
250 251 252 
3 
249 251 252 
3 
249 250 252 
3 
249 250 251 
7 
165 166 167 168 254 255 256 
6 
64 166 167 253 255 256 
4 
167 253 254 256 
5 
167 168 253 254 255 
7 
143 258 259 260 665 789 792 
9 
257 259 260 665 666 789 790 791 792 
9 
257 258 260 665 666 667 668 791 792 
6 
257 258 259 665 668 792 
4 
262 263 264 538 
4 
261 263 264 508 
3 
261 262 264 
6 
261 262 263 462 538 539 
5 
266 267 268 867 868 
4 
265 267 268 867 
4 
97 265 266 268 
3 
265 266 267 
3 
270 271 272 
4 
16 269 271 272 
3 
269 270 272 
3 
269 270 271 
4 
274 275 276 422 
3 
273 275 276 
3 
273 274 276 
5 
273 274 275 422 423 
5 
278 279 280 649 652 
7 
277 279 280 649 650 651 652 
5 
277 278 280 651 652 
4 
277 278 279 652 
3 
282 283 284 
3 
281 283 284 
5 
33 34 281 282 284 
4 
33 281 282 283 
4 
286 287 288 708 
5 
285 287 288 707 708 
3 
285 286 288 
3 
285 286 287 
4 
290 291 292 494 
3 
289 291 292 
3 
289 290 292 
5 
289 290 291 494 495 
5 
195 196 294 295 296 
4 
195 293 295 296 
3 
293 294 296 
3 
293 294 295 
8 
298 299 300 517 518 550 686 687 
4 
297 299 300 518 
7 
177 178 297 298 300 518 519 
11 
177 297 298 299 517 518 519 520 550 551 687 
5 
302 303 304 843 844 
4 
301 303 304 843 
3 
301 302 304 
3 
301 302 303 
5 
121 122 306 307 308 
4 
122 305 307 308 
5 
122 123 305 306 308 
7 
121 122 123 124 305 306 307 
3 
310 311 312 
3 
309 311 312 
3 
309 310 312 
3 
309 310 311 
4 
193 314 315 316 
5 
193 194 313 315 316 
7 
193 194 195 196 313 314 316 
5 
193 196 313 314 315 
3 
318 319 320 
3 
317 319 320 
3 
317 318 320 
3 
317 318 319 
3 
322 323 324 
3 
321 323 324 
3 
321 322 324 
3 
321 322 323 
9 
69 70 326 327 328 713 714 715 716 
8 
70 325 327 328 714 715 937 940 
7 
70 71 325 326 328 715 940 
9 
69 70 71 72 325 326 327 715 716 
3 
330 331 332 
3 
329 331 332 
3 
329 330 332 
3 
329 330 331 
3 
334 335 336 
3 
333 335 336 
3 
333 334 336 
3 
333 334 335 
3 
338 339 340 
3 
337 339 340 
3 
337 338 340 
3 
337 338 339 
3 
342 343 344 
3 
341 343 344 
3 
341 342 344 
3 
341 342 343 
5 
346 347 348 799 800 
4 
345 347 348 799 
3 
345 346 348 
3 
345 346 347 
3 
350 351 352 
3 
349 351 352 
3 
349 350 352 
3 
349 350 351 
3 
354 355 356 
3 
353 355 356 
3 
353 354 356 
3 
353 354 355 
3 
358 359 360 
3 
357 359 360 
3 
357 358 360 
3 
357 358 359 
3 
362 363 364 
3 
361 363 364 
4 
361 362 364 398 
5 
361 362 363 397 398 
4 
366 367 368 570 
3 
365 367 368 
3 
365 366 368 
5 
365 366 367 570 571 
3 
370 371 372 
3 
369 371 372 
3 
369 370 372 
3 
369 370 371 
3 
374 375 376 
5 
373 375 376 945 948 
4 
373 374 376 948 
3 
373 374 375 
4 
35 378 379 380 
3 
377 379 380 
3 
377 378 380 
3 
377 378 379 
3 
382 383 384 
3 
381 383 384 
3 
381 382 384 
3 
381 382 383 
3 
386 387 388 
3 
385 387 388 
3 
385 386 388 
3 
385 386 387 
3 
390 391 392 
3 
389 391 392 
3 
389 390 392 
3 
389 390 391 
3 
394 395 396 
3 
393 395 396 
3 
393 394 396 
3 
393 394 395 
4 
364 398 399 400 
5 
363 364 397 399 400 
3 
397 398 400 
3 
397 398 399 
7 
402 403 404 452 456 763 764 
8 
401 403 404 451 452 455 456 763 
3 
401 402 404 
4 
401 402 403 862 
3 
406 407 408 
3 
405 407 408 
3 
405 406 408 
3 
405 406 407 
4 
410 411 412 432 
5 
409 411 412 431 432 
4 
229 409 410 412 
4 
58 409 410 411 
3 
414 415 416 
3 
413 415 416 
3 
413 414 416 
4 
110 413 414 415 
3 
418 419 420 
3 
417 419 420 
3 
417 418 420 
3 
417 418 419 
3 
422 423 424 
5 
273 276 421 423 424 
4 
276 421 422 424 
3 
421 422 423 
3 
426 427 428 
3 
425 427 428 
3 
425 426 428 
3 
425 426 427 
3 
430 431 432 
3 
429 431 432 
4 
410 429 430 432 
5 
409 410 429 430 431 
3 
434 435 436 
3 
433 435 436 
3 
433 434 436 
3 
433 434 435 
6 
157 158 438 439 440 591 
4 
158 437 439 440 
5 
158 159 437 438 440 
7 
157 158 159 160 437 438 439 
3 
442 443 444 
7 
9 133 136 441 443 444 677 
8 
9 12 136 441 442 444 677 680 
4 
441 442 443 618 
3 
446 447 448 
3 
445 447 448 
4 
150 445 446 448 
5 
149 150 445 446 447 
6 
450 451 452 453 454 762 
4 
449 451 452 454 
6 
402 449 450 452 454 455 
11 
401 402 449 450 451 453 454 455 456 762 763 
7 
449 452 454 455 456 762 763 
7 
449 450 451 452 453 455 456 
6 
402 451 452 453 454 456 
7 
401 402 452 453 454 455 763 
4 
458 459 460 819 
3 
457 459 460 
3 
457 458 460 
3 
457 458 459 
7 
462 463 464 469 470 537 540 
9 
264 461 463 464 470 537 538 539 540 
6 
461 462 464 471 539 540 
7 
461 462 463 471 472 540 598 
3 
466 467 468 
3 
465 467 468 
3 
465 466 468 
3 
465 466 467 
6 
461 470 471 472 537 540 
9 
461 462 469 471 472 537 538 539 540 
8 
463 464 469 470 472 539 540 598 
7 
464 469 470 471 540 597 598 
3 
474 475 476 
5 
169 172 473 475 476 
4 
172 473 474 476 
3 
473 474 475 
3 
478 479 480 
3 
477 479 480 
3 
477 478 480 
3 
477 478 479 
3 
482 483 484 
5 
481 483 484 589 592 
4 
481 482 484 592 
3 
481 482 483 
3 
486 487 488 
3 
485 487 488 
3 
485 486 488 
3 
485 486 487 
7 
490 491 492 914 915 933 936 
7 
489 491 492 933 934 935 936 
5 
489 490 492 935 936 
5 
489 490 491 915 936 
3 
494 495 496 
5 
289 292 493 495 496 
4 
292 493 494 496 
4 
493 494 495 702 
3 
498 499 500 
3 
497 499 500 
3 
497 498 500 
3 
497 498 499 
3 
502 503 504 
3 
501 503 504 
4 
501 502 504 865 
3 
501 502 503 
3 
506 507 508 
3 
505 507 508 
3 
505 506 508 
4 
262 505 506 507 
5 
510 511 512 769 772 
7 
509 511 512 769 770 771 772 
5 
509 510 512 771 772 
4 
509 510 511 772 
5 
7 514 515 516 973 
5 
513 515 516 973 974 
7 
513 514 516 973 974 975 976 
5 
513 514 515 973 976 
7 
297 300 518 519 520 550 687 
7 
297 298 299 300 517 519 520 
7 
177 178 299 300 517 518 520 
7 
177 300 517 518 519 550 551 
4 
37 522 523 524 
5 
37 38 521 523 524 
7 
37 38 39 40 521 522 524 
5 
37 40 521 522 523 
5 
526 527 528 963 964 
4 
525 527 528 963 
3 
525 526 528 
3 
525 526 527 
3 
530 531 532 
4 
236 529 531 532 
4 
529 530 532 926 
5 
529 530 531 925 926 
5 
534 535 536 751 752 
4 
533 535 536 751 
3 
533 534 536 
3 
533 534 535 
7 
461 462 469 470 538 539 540 
7 
261 264 462 470 537 539 540 
8 
264 462 463 470 471 537 538 540 
11 
461 462 463 464 469 470 471 472 537 538 539 
6 
542 543 544 758 917 918 
4 
541 543 544 918 
4 
541 542 544 919 
7 
541 542 543 758 759 919 920 
3 
546 547 548 
3 
545 547 548 
3 
545 546 548 
3 
545 546 547 
5 
550 551 552 687 688 
9 
177 297 300 517 520 549 551 552 687 
9 
177 180 300 520 549 550 552 741 742 
4 
549 550 551 741 
5 
554 555 556 623 624 
4 
553 555 556 623 
3 
553 554 556 
3 
553 554 555 
3 
558 559 560 
3 
557 559 560 
3 
557 558 560 
3 
557 558 559 
4 
562 563 564 698 
3 
561 563 564 
3 
561 562 564 
5 
561 562 563 698 699 
6 
566 567 568 599 600 813 
6 
565 567 568 599 813 814 
5 
565 566 568 815 816 
4 
565 566 567 816 
3 
570 571 572 
5 
365 368 569 571 572 
4 
368 569 570 572 
3 
569 570 571 
3 
574 575 576 
3 
573 575 576 
3 
573 574 576 
3 
573 574 575 
3 
578 579 580 
3 
577 579 580 
3 
577 578 580 
3 
577 578 579 
7 
582 583 584 709 710 711 712 
5 
581 583 584 710 711 
4 
581 582 584 711 
5 
581 582 583 711 712 
3 
586 587 588 
3 
585 587 588 
3 
585 586 588 
3 
585 586 587 
6 
115 482 590 591 592 988 
5 
589 591 592 987 988 
5 
157 437 589 590 592 
5 
482 483 589 590 591 
3 
594 595 596 
3 
593 595 596 
3 
593 594 596 
3 
593 594 595 
4 
472 598 599 600 
7 
464 471 472 597 599 600 813 
7 
565 566 597 598 600 813 816 
4 
565 597 598 599 
3 
602 603 604 
3 
601 603 604 
5 
165 166 601 602 604 
4 
165 601 602 603 
3 
606 607 608 
3 
605 607 608 
3 
605 606 608 
3 
605 606 607 
5 
610 611 612 821 824 
7 
609 611 612 821 822 823 824 
5 
609 610 612 823 824 
4 
609 610 611 824 
3 
614 615 616 
3 
613 615 616 
3 
613 614 616 
3 
613 614 615 
4 
618 619 620 902 
4 
444 617 619 620 
5 
90 617 618 620 846 
9 
89 90 617 618 619 845 846 902 903 
3 
622 623 624 
5 
621 623 624 833 836 
6 
553 554 621 622 624 836 
4 
553 621 622 623 
3 
626 627 628 
5 
625 627 628 841 880 
5 
625 626 628 841 844 
3 
625 626 627 
3 
630 631 632 
3 
629 631 632 
4 
629 630 632 858 
5 
629 630 631 857 858 
3 
634 635 636 
3 
633 635 636 
3 
633 634 636 
3 
633 634 635 
3 
638 639 640 
3 
637 639 640 
3 
637 638 640 
3 
637 638 639 
3 
642 643 644 
3 
641 643 644 
3 
641 642 644 
3 
641 642 643 
3 
646 647 648 
3 
645 647 648 
3 
645 646 648 
3 
645 646 647 
5 
277 278 650 651 652 
4 
278 649 651 652 
5 
278 279 649 650 652 
7 
277 278 279 280 649 650 651 
3 
654 655 656 
3 
653 655 656 
3 
653 654 656 
3 
653 654 655 
3 
658 659 660 
3 
657 659 660 
3 
657 658 660 
4 
657 658 659 670 
3 
662 663 664 
3 
661 663 664 
3 
661 662 664 
3 
661 662 663 
9 
257 258 259 260 666 667 668 789 792 
9 
258 259 665 667 668 789 790 791 792 
6 
259 665 666 668 791 792 
6 
259 260 665 666 667 792 
3 
670 671 672 
4 
660 669 671 672 
3 
669 670 672 
3 
669 670 671 
5 
674 675 676 869 870 
4 
673 675 676 870 
5 
673 674 676 870 871 
7 
673 674 675 869 870 871 872 
8 
9 12 136 442 443 678 679 680 
9 
9 10 11 12 135 136 677 679 680 
5 
11 12 677 678 680 
5 
12 443 677 678 679 
3 
682 683 684 
3 
681 683 684 
3 
681 682 684 
3 
681 682 683 
3 
686 687 688 
4 
297 685 687 688 
8 
297 300 517 549 550 685 686 688 
4 
549 685 686 687 
5 
690 691 692 891 892 
4 
689 691 692 891 
3 
689 690 692 
3 
689 690 691 
4 
44 694 695 696 
5 
43 44 693 695 696 
5 
205 206 693 694 696 
4 
205 693 694 695 
3 
698 699 700 
5 
561 564 697 699 700 
4 
564 697 698 700 
3 
697 698 699 
3 
702 703 704 
4 
496 701 703 704 
3 
701 702 704 
3 
701 702 703 
3 
706 707 708 
5 
705 707 708 989 992 
5 
286 705 706 708 992 
5 
285 286 705 706 707 
6 
83 84 581 710 711 712 
6 
83 581 582 709 711 712 
7 
581 582 583 584 709 710 712 
5 
581 584 709 710 711 
4 
325 714 715 716 
6 
325 326 713 715 716 736 
8 
70 325 326 327 328 713 714 716 
7 
69 70 325 328 713 714 715 
3 
718 719 720 
3 
717 719 720 
5 
145 146 717 718 720 
4 
145 717 718 719 
3 
722 723 724 
3 
721 723 724 
5 
125 126 721 722 724 
4 
125 721 722 723 
3 
726 727 728 
3 
725 727 728 
3 
725 726 728 
3 
725 726 727 
3 
730 731 732 
3 
729 731 732 
4 
93 729 730 732 
4 
62 729 730 731 
3 
734 735 736 
3 
733 735 736 
5 
733 734 736 937 938 
5 
714 733 734 735 937 
3 
738 739 740 
3 
737 739 740 
3 
737 738 740 
3 
737 738 739 
5 
551 552 742 743 744 
5 
180 551 741 743 744 
3 
741 742 744 
3 
741 742 743 
7 
13 14 15 16 746 747 748 
7 
14 15 245 745 747 748 956 
5 
15 248 745 746 748 
5 
15 16 745 746 747 
3 
750 751 752 
3 
749 751 752 
5 
533 534 749 750 752 
4 
533 749 750 751 
4 
754 755 756 991 
3 
753 755 756 
3 
753 754 756 
3 
753 754 755 
3 
758 759 760 
7 
541 544 757 759 760 917 920 
5 
544 757 758 760 920 
3 
757 758 759 
3 
762 763 764 
6 
449 452 453 761 763 764 
8 
401 402 452 453 456 761 762 764 
4 
401 761 762 763 
4 
141 766 767 768 
4 
142 765 767 768 
5 
142 143 765 766 768 
5 
141 144 765 766 767 
5 
509 510 770 771 772 
4 
510 769 771 772 
5 
510 511 769 770 772 
7 
509 510 511 512 769 770 771 
3 
774 775 776 
3 
773 775 776 
3 
773 774 776 
3 
773 774 775 
4 
28 778 779 780 
5 
27 28 777 779 780 
3 
777 778 780 
3 
777 778 779 
7 
227 228 782 783 784 895 896 
5 
227 781 783 784 895 
3 
781 782 784 
3 
781 782 783 
3 
786 787 788 
6 
49 52 65 785 787 788 
5 
52 68 785 786 788 
3 
785 786 787 
7 
257 258 665 666 790 791 792 
5 
258 666 789 791 792 
7 
258 259 666 667 789 790 792 
11 
257 258 259 260 665 666 667 668 789 790 791 
3 
794 795 796 
3 
793 795 796 
3 
793 794 796 
3 
793 794 795 
3 
798 799 800 
5 
185 188 797 799 800 
6 
188 345 346 797 798 800 
4 
345 797 798 799 
11 
97 98 99 100 197 198 199 200 802 803 804 
7 
98 99 198 199 801 803 804 
6 
99 199 218 801 802 804 
9 
99 100 199 200 217 218 801 802 803 
3 
806 807 808 
3 
805 807 808 
4 
213 805 806 808 
3 
805 806 807 
3 
810 811 812 
3 
809 811 812 
3 
809 810 812 
3 
809 810 811 
7 
565 566 598 599 814 815 816 
4 
566 813 815 816 
4 
567 813 814 816 
6 
567 568 599 813 814 815 
3 
818 819 820 
3 
817 819 820 
4 
457 817 818 820 
3 
817 818 819 
5 
609 610 822 823 824 
4 
610 821 823 824 
5 
610 611 821 822 824 
7 
609 610 611 612 821 822 823 
3 
826 827 828 
3 
825 827 828 
3 
825 826 828 
3 
825 826 827 
3 
830 831 832 
3 
829 831 832 
3 
829 830 832 
3 
829 830 831 
4 
622 834 835 836 
3 
833 835 836 
3 
833 834 836 
5 
622 623 833 834 835 
3 
838 839 840 
3 
837 839 840 
3 
837 838 840 
3 
837 838 839 
5 
626 627 842 843 844 
3 
841 843 844 
5 
301 302 841 842 844 
5 
301 627 841 842 843 
8 
89 92 620 846 847 848 903 904 
10 
89 90 91 92 619 620 845 847 848 903 
5 
91 92 845 846 848 
4 
92 845 846 847 
3 
850 851 852 
3 
849 851 852 
3 
849 850 852 
3 
849 850 851 
3 
854 855 856 
3 
853 855 856 
3 
853 854 856 
3 
853 854 855 
4 
632 858 859 860 
5 
631 632 857 859 860 
5 
857 858 860 877 878 
4 
857 858 859 877 
5 
106 107 862 863 864 
4 
404 861 863 864 
3 
861 862 864 
4 
107 861 862 863 
4 
503 866 867 868 
3 
865 867 868 
5 
265 266 865 866 868 
4 
265 865 866 867 
5 
673 676 870 871 872 
7 
673 674 675 676 869 871 872 
5 
675 676 869 870 872 
4 
676 869 870 871 
3 
874 875 876 
3 
873 875 876 
4 
105 873 874 876 
3 
873 874 875 
5 
859 860 878 879 880 
4 
859 877 879 880 
3 
877 878 880 
4 
626 877 878 879 
3 
882 883 884 
3 
881 883 884 
3 
881 882 884 
3 
881 882 883 
5 
886 887 888 943 944 
4 
885 887 888 943 
3 
885 886 888 
3 
885 886 887 
3 
890 891 892 
3 
889 891 892 
5 
689 690 889 890 892 
4 
689 889 890 891 
7 
225 226 227 228 894 895 896 
5 
226 227 893 895 896 
6 
227 781 782 893 894 896 
6 
227 228 781 893 894 895 
5 
26 27 898 899 900 
3 
897 899 900 
3 
897 898 900 
4 
27 897 898 899 
3 
902 903 904 
5 
617 620 901 903 904 
8 
89 90 620 845 846 901 902 904 
5 
89 845 901 902 903 
3 
906 907 908 
3 
905 907 908 
3 
905 906 908 
3 
905 906 907 
3 
910 911 912 
3 
909 911 912 
3 
909 910 912 
3 
909 910 911 
3 
914 915 916 
5 
489 913 915 916 933 
6 
489 492 913 914 916 936 
3 
913 914 915 
5 
541 758 918 919 920 
5 
541 542 917 919 920 
5 
543 544 917 918 920 
6 
544 758 759 917 918 919 
6 
147 148 174 922 923 924 
4 
147 921 923 924 
3 
921 922 924 
5 
174 175 921 922 923 
4 
532 926 927 928 
5 
531 532 925 927 928 
3 
925 926 928 
3 
925 926 927 
3 
930 931 932 
3 
929 931 932 
4 
153 929 930 932 
3 
929 930 931 
6 
489 490 914 934 935 936 
4 
490 933 935 936 
5 
490 491 933 934 936 
8 
489 490 491 492 915 933 934 935 
6 
326 735 736 938 939 940 
4 
735 937 939 940 
3 
937 938 940 
5 
326 327 937 938 939 
5 
53 56 942 943 944 
7 
53 54 55 56 941 943 944 
7 
55 56 885 886 941 942 944 
5 
56 885 941 942 943 
4 
374 946 947 948 
3 
945 947 948 
3 
945 946 948 
5 
374 375 945 946 947 
3 
950 951 952 
5 
29 32 949 951 952 
4 
32 949 950 952 
4 
38 949 950 951 
4 
14 954 955 956 
3 
953 955 956 
5 
245 246 953 954 956 
7 
14 15 245 746 953 954 955 
3 
958 959 960 
3 
957 959 960 
3 
957 958 960 
3 
957 958 959 
5 
231 232 962 963 964 
5 
164 231 961 963 964 
5 
525 526 961 962 964 
4 
525 961 962 963 
3 
966 967 968 
3 
965 967 968 
3 
965 966 968 
3 
965 966 967 
5 
970 971 972 997 1000 
7 
969 971 972 997 998 999 1000 
5 
969 970 972 999 1000 
4 
969 970 971 1000 
8 
7 513 514 515 516 974 975 976 
5 
514 515 973 975 976 
4 
515 973 974 976 
5 
515 516 973 974 975 
3 
978 979 980 
3 
977 979 980 
3 
977 978 980 
3 
977 978 979 
3 
982 983 984 
3 
981 983 984 
3 
981 982 984 
3 
981 982 983 
5 
114 115 986 987 988 
3 
985 987 988 
4 
590 985 986 988 
6 
115 589 590 985 986 987 
4 
706 990 991 992 
3 
989 991 992 
4 
753 989 990 992 
5 
706 707 989 990 991 
3 
994 995 996 
3 
993 995 996 
3 
993 994 996 
3 
993 994 995 
5 
969 970 998 999 1000 
4 
970 997 999 1000 
5 
970 971 997 998 1000 
7 
969 970 971 972 997 998 999 