
250 
4 
4 
2 3 4 829 
5 
1 3 4 829 830 
5 
1 2 4 831 832 
4 
1 2 3 832 
3 
6 7 8 
3 
5 7 8 
5 
5 6 8 701 702 
4 
5 6 7 701 
4 
10 11 12 349 
5 
9 11 12 349 350 
7 
9 10 12 349 350 351 352 
5 
9 10 11 349 352 
3 
14 15 16 
3 
13 15 16 
3 
13 14 16 
3 
13 14 15 
3 
18 19 20 
3 
17 19 20 
3 
17 18 20 
3 
17 18 19 
3 
22 23 24 
3 
21 23 24 
6 
21 22 24 86 745 746 
7 
21 22 23 85 86 602 745 
5 
26 27 28 605 606 
4 
25 27 28 606 
5 
25 26 28 606 607 
7 
25 26 27 605 606 607 608 
3 
30 31 32 
4 
29 31 32 956 
7 
29 30 32 533 534 637 638 
5 
29 30 31 533 637 
5 
34 35 36 447 874 
3 
33 35 36 
3 
33 34 36 
5 
33 34 35 874 875 
5 
38 39 40 537 540 
7 
37 39 40 537 538 539 540 
5 
37 38 40 539 540 
4 
37 38 39 540 
3 
42 43 44 
5 
41 43 44 425 428 
5 
41 42 44 170 428 
5 
41 42 43 169 170 
4 
46 47 48 476 
5 
45 47 48 475 476 
3 
45 46 48 
3 
45 46 47 
3 
50 51 52 
3 
49 51 52 
3 
49 50 52 
3 
49 50 51 
3 
54 55 56 
3 
53 55 56 
3 
53 54 56 
4 
53 54 55 358 
5 
58 59 60 857 858 
4 
57 59 60 858 
5 
57 58 60 858 859 
7 
57 58 59 857 858 859 860 
3 
62 63 64 
3 
61 63 64 
3 
61 62 64 
3 
61 62 63 
4 
66 67 68 348 
5 
65 67 68 347 348 
3 
65 66 68 
4 
65 66 67 842 
3 
70 71 72 
3 
69 71 72 
3 
69 70 72 
3 
69 70 71 
3 
74 75 76 
4 
73 75 76 377 
6 
73 74 76 377 380 934 
5 
73 74 75 933 934 
4 
78 79 80 784 
5 
77 79 80 783 784 
3 
77 78 80 
3 
77 78 79 
4 
82 83 84 504 
5 
81 83 84 503 504 
3 
81 82 84 
3 
81 82 83 
6 
24 86 87 88 602 745 
7 
23 24 85 87 88 745 746 
7 
85 86 88 745 746 747 748 
7 
85 86 87 602 603 745 748 
3 
90 91 92 
4 
89 91 92 760 
3 
89 90 92 
3 
89 90 91 
3 
94 95 96 
4 
93 95 96 389 
5 
93 94 96 389 392 
3 
93 94 95 
6 
98 99 100 552 567 568 
6 
97 99 100 551 552 567 
3 
97 98 100 
3 
97 98 99 
3 
102 103 104 
3 
101 103 104 
3 
101 102 104 
3 
101 102 103 
4 
106 107 108 724 
5 
105 107 108 723 724 
3 
105 106 108 
3 
105 106 107 
3 
110 111 112 
3 
109 111 112 
3 
109 110 112 
3 
109 110 111 
5 
114 115 116 993 994 
4 
113 115 116 994 
7 
113 114 116 181 182 994 995 
8 
113 114 115 181 993 994 995 996 
3 
118 119 120 
3 
117 119 120 
3 
117 118 120 
3 
117 118 119 
3 
122 123 124 
4 
121 123 124 376 
3 
121 122 124 
3 
121 122 123 
3 
126 127 128 
3 
125 127 128 
3 
125 126 128 
3 
125 126 127 
3 
130 131 132 
4 
129 131 132 820 
3 
129 130 132 
3 
129 130 131 
3 
134 135 136 
3 
133 135 136 
3 
133 134 136 
3 
133 134 135 
3 
138 139 140 
4 
137 139 140 221 
5 
137 138 140 221 224 
3 
137 138 139 
5 
142 143 144 949 950 
4 
141 143 144 950 
4 
141 142 144 951 
5 
141 142 143 951 952 
4 
146 147 148 631 
3 
145 147 148 
3 
145 146 148 
3 
145 146 147 
3 
150 151 152 
3 
149 151 152 
3 
149 150 152 
3 
149 150 151 
4 
154 155 156 372 
5 
153 155 156 371 372 
3 
153 154 156 
3 
153 154 155 
5 
158 159 160 215 216 
5 
157 159 160 215 220 
3 
157 158 160 
3 
157 158 159 
5 
162 163 164 974 975 
3 
161 163 164 
4 
161 162 164 554 
7 
161 162 163 553 554 838 975 
3 
166 167 168 
3 
165 167 168 
4 
165 166 168 237 
3 
165 166 167 
4 
44 170 171 172 
5 
43 44 169 171 172 
3 
169 170 172 
3 
169 170 171 
4 
174 175 176 676 
5 
173 175 176 675 676 
3 
173 174 176 
3 
173 174 175 
7 
178 179 180 597 598 599 600 
5 
177 179 180 598 599 
4 
177 178 180 599 
5 
177 178 179 599 600 
9 
115 116 182 183 184 993 994 995 996 
6 
115 181 183 184 994 995 
4 
181 182 184 995 
5 
181 182 183 995 996 
4 
186 187 188 453 
5 
185 187 188 453 454 
7 
185 186 188 453 454 455 456 
5 
185 186 187 453 456 
4 
190 191 192 742 
3 
189 191 192 
3 
189 190 192 
5 
189 190 191 742 743 
3 
194 195 196 
3 
193 195 196 
3 
193 194 196 
3 
193 194 195 
4 
198 199 200 313 
5 
197 199 200 313 314 
7 
197 198 200 313 314 315 316 
5 
197 198 199 313 316 
5 
202 203 204 390 391 
3 
201 203 204 
4 
201 202 204 337 
4 
201 202 203 391 
3 
206 207 208 
3 
205 207 208 
3 
205 206 208 
4 
205 206 207 626 
3 
210 211 212 
3 
209 211 212 
3 
209 210 212 
3 
209 210 211 
3 
214 215 216 
3 
213 215 216 
5 
157 158 213 214 216 
4 
157 213 214 215 
3 
218 219 220 
3 
217 219 220 
3 
217 218 220 
4 
158 217 218 219 
5 
138 139 222 223 224 
3 
221 223 224 
3 
221 222 224 
4 
139 221 222 223 
6 
226 227 228 278 658 659 
3 
225 227 228 
4 
225 226 228 721 
6 
225 226 227 278 279 659 
5 
230 231 232 969 970 
4 
229 231 232 970 
5 
229 230 232 970 971 
7 
229 230 231 969 970 971 972 
9 
234 235 236 469 470 471 472 907 908 
6 
233 235 236 470 471 907 
4 
233 234 236 471 
5 
233 234 235 471 472 
4 
167 238 239 240 
3 
237 239 240 
3 
237 238 240 
3 
237 238 239 
3 
242 243 244 
3 
241 243 244 
4 
241 242 244 861 
3 
241 242 243 
6 
246 247 248 819 820 904 
6 
245 247 248 819 903 904 
3 
245 246 248 
3 
245 246 247 
3 
250 251 252 
3 
249 251 252 
3 
249 250 252 
3 
249 250 251 
6 
254 255 256 285 288 942 
7 
253 255 256 285 286 287 288 
5 
253 254 256 287 288 
6 
253 254 255 288 942 943 
7 
258 259 260 477 478 479 480 
5 
257 259 260 478 479 
4 
257 258 260 479 
5 
257 258 259 479 480 
3 
262 263 264 
3 
261 263 264 
3 
261 262 264 
3 
261 262 263 
3 
266 267 268 
3 
265 267 268 
4 
265 266 268 505 
3 
265 266 267 
5 
270 271 272 793 796 
7 
269 271 272 793 794 795 796 
5 
269 270 272 795 796 
4 
269 270 271 796 
5 
274 275 276 309 310 
4 
273 275 276 310 
5 
273 274 276 310 311 
7 
273 274 275 309 310 311 312 
4 
278 279 280 660 
7 
225 228 277 279 280 659 660 
4 
228 277 278 280 
3 
277 278 279 
5 
282 283 284 483 484 
4 
281 283 284 483 
3 
281 282 284 
3 
281 282 283 
5 
253 254 286 287 288 
4 
254 285 287 288 
5 
254 255 285 286 288 
8 
253 254 255 256 285 286 287 942 
5 
290 291 292 493 494 
6 
289 291 292 401 404 494 
5 
289 290 292 404 495 
5 
289 290 291 495 496 
5 
294 295 296 681 682 
4 
293 295 296 682 
5 
293 294 296 682 683 
7 
293 294 295 681 682 683 684 
6 
298 299 300 587 737 738 
4 
297 299 300 738 
5 
297 298 300 738 739 
7 
297 298 299 737 738 739 740 
3 
302 303 304 
3 
301 303 304 
5 
301 302 304 517 518 
5 
301 302 303 517 946 
3 
306 307 308 
3 
305 307 308 
3 
305 306 308 
3 
305 306 307 
5 
273 276 310 311 312 
7 
273 274 275 276 309 311 312 
5 
275 276 309 310 312 
4 
276 309 310 311 
7 
197 198 199 200 314 315 316 
5 
198 199 313 315 316 
4 
199 313 314 316 
5 
199 200 313 314 315 
3 
318 319 320 
3 
317 319 320 
3 
317 318 320 
3 
317 318 319 
3 
322 323 324 
3 
321 323 324 
3 
321 322 324 
3 
321 322 323 
3 
326 327 328 
3 
325 327 328 
4 
325 326 328 361 
3 
325 326 327 
4 
330 331 332 462 
3 
329 331 332 
3 
329 330 332 
4 
329 330 331 463 
3 
334 335 336 
3 
333 335 336 
3 
333 334 336 
3 
333 334 335 
5 
203 338 339 340 889 
5 
337 339 340 889 890 
7 
337 338 340 889 890 891 892 
5 
337 338 339 889 892 
3 
342 343 344 
3 
341 343 344 
3 
341 342 344 
3 
341 342 343 
3 
346 347 348 
3 
345 347 348 
4 
66 345 346 348 
5 
65 66 345 346 347 
7 
9 10 11 12 350 351 352 
5 
10 11 349 351 352 
4 
11 349 350 352 
5 
11 12 349 350 351 
5 
354 355 356 663 664 
4 
353 355 356 663 
3 
353 354 356 
3 
353 354 355 
3 
358 359 360 
4 
56 357 359 360 
3 
357 358 360 
3 
357 358 359 
4 
327 362 363 364 
3 
361 363 364 
4 
361 362 364 953 
3 
361 362 363 
3 
366 367 368 
3 
365 367 368 
3 
365 366 368 
3 
365 366 367 
4 
370 371 372 416 
5 
369 371 372 415 416 
4 
154 369 370 372 
5 
153 154 369 370 371 
3 
374 375 376 
3 
373 375 376 
3 
373 374 376 
4 
122 373 374 375 
5 
74 75 378 379 380 
4 
377 379 380 681 
5 
377 378 380 681 684 
4 
75 377 378 379 
3 
382 383 384 
3 
381 383 384 
3 
381 382 384 
3 
381 382 383 
3 
386 387 388 
3 
385 387 388 
3 
385 386 388 
3 
385 386 387 
5 
94 95 390 391 392 
4 
201 389 391 392 
5 
201 204 389 390 392 
4 
95 389 390 391 
3 
394 395 396 
3 
393 395 396 
3 
393 394 396 
3 
393 394 395 
7 
398 399 400 529 530 531 532 
5 
397 399 400 530 531 
4 
397 398 400 531 
5 
397 398 399 531 532 
4 
290 402 403 404 
3 
401 403 404 
4 
401 402 404 621 
5 
290 291 401 402 403 
3 
406 407 408 
3 
405 407 408 
3 
405 406 408 
3 
405 406 407 
3 
410 411 412 
3 
409 411 412 
3 
409 410 412 
3 
409 410 411 
3 
414 415 416 
3 
413 415 416 
4 
370 413 414 416 
5 
369 370 413 414 415 
3 
418 419 420 
4 
417 419 420 644 
4 
417 418 420 982 
6 
417 418 419 438 981 982 
3 
422 423 424 
3 
421 423 424 
3 
421 422 424 
3 
421 422 423 
4 
42 426 427 428 
3 
425 427 428 
3 
425 426 428 
5 
42 43 425 426 427 
5 
430 431 432 887 888 
6 
429 431 432 887 973 976 
4 
429 430 432 976 
3 
429 430 431 
3 
434 435 436 
3 
433 435 436 
3 
433 434 436 
3 
433 434 435 
3 
438 439 440 
5 
420 437 439 440 981 
5 
437 438 440 981 984 
3 
437 438 439 
3 
442 443 444 
3 
441 443 444 
3 
441 442 444 
3 
441 442 443 
3 
446 447 448 
3 
445 447 448 
4 
33 445 446 448 
3 
445 446 447 
7 
450 451 452 785 786 787 788 
5 
449 451 452 786 787 
4 
449 450 452 787 
5 
449 450 451 787 788 
7 
185 186 187 188 454 455 456 
5 
186 187 453 455 456 
4 
187 453 454 456 
5 
187 188 453 454 455 
5 
458 459 460 954 955 
3 
457 459 460 
3 
457 458 460 
4 
457 458 459 955 
3 
462 463 464 
4 
329 461 463 464 
4 
332 461 462 464 
3 
461 462 463 
3 
466 467 468 
3 
465 467 468 
3 
465 466 468 
3 
465 466 467 
6 
233 470 471 472 907 908 
6 
233 234 469 471 472 907 
7 
233 234 235 236 469 470 472 
5 
233 236 469 470 471 
4 
474 475 476 883 
3 
473 475 476 
4 
46 473 474 476 
5 
45 46 473 474 475 
4 
257 478 479 480 
5 
257 258 477 479 480 
7 
257 258 259 260 477 478 480 
5 
257 260 477 478 479 
3 
482 483 484 
4 
481 483 484 824 
5 
281 282 481 482 484 
4 
281 481 482 483 
3 
486 487 488 
3 
485 487 488 
6 
485 486 488 741 877 878 
4 
485 486 487 877 
3 
490 491 492 
3 
489 491 492 
5 
489 490 492 578 881 
5 
489 490 491 577 578 
4 
289 494 495 496 
5 
289 290 493 495 496 
5 
291 292 493 494 496 
4 
292 493 494 495 
3 
498 499 500 
3 
497 499 500 
5 
497 498 500 657 658 
4 
497 498 499 657 
3 
502 503 504 
3 
501 503 504 
4 
82 501 502 504 
5 
81 82 501 502 503 
4 
267 506 507 508 
3 
505 507 508 
3 
505 506 508 
3 
505 506 507 
7 
510 511 512 825 826 827 828 
5 
509 511 512 826 827 
4 
509 510 512 827 
5 
509 510 511 827 828 
3 
514 515 516 
3 
513 515 516 
3 
513 514 516 
3 
513 514 515 
7 
303 304 518 519 520 946 947 
4 
303 517 519 520 
3 
517 518 520 
4 
517 518 519 947 
3 
522 523 524 
3 
521 523 524 
3 
521 522 524 
3 
521 522 523 
3 
526 527 528 
4 
525 527 528 997 
5 
525 526 528 997 1000 
3 
525 526 527 
4 
397 530 531 532 
5 
397 398 529 531 532 
7 
397 398 399 400 529 530 532 
5 
397 400 529 530 531 
9 
31 32 534 535 536 637 638 639 640 
6 
31 533 535 536 638 639 
4 
533 534 536 639 
5 
533 534 535 639 640 
5 
37 38 538 539 540 
4 
38 537 539 540 
5 
38 39 537 538 540 
7 
37 38 39 40 537 538 539 
3 
542 543 544 
3 
541 543 544 
3 
541 542 544 
3 
541 542 543 
7 
546 547 548 749 750 761 764 
8 
545 547 548 750 761 762 763 764 
9 
545 546 548 750 751 763 764 833 834 
9 
545 546 547 749 750 751 752 764 833 
8 
550 551 552 556 565 566 838 839 
6 
549 551 552 555 556 566 
6 
98 549 550 552 566 567 
10 
97 98 549 550 551 565 566 567 568 839 
6 
164 554 555 556 838 975 
5 
163 164 553 555 556 
4 
550 553 554 556 
8 
549 550 553 554 555 566 838 839 
3 
558 559 560 
3 
557 559 560 
3 
557 558 560 
3 
557 558 559 
3 
562 563 564 
3 
561 563 564 
3 
561 562 564 
3 
561 562 563 
9 
549 552 566 567 568 837 838 839 840 
10 
549 550 551 552 556 565 567 568 838 839 
8 
97 98 551 552 565 566 568 839 
7 
97 552 565 566 567 839 840 
7 
570 571 572 617 618 619 620 
5 
569 571 572 618 619 
4 
569 570 572 619 
5 
569 570 571 619 620 
3 
574 575 576 
3 
573 575 576 
3 
573 574 576 
3 
573 574 575 
4 
492 578 579 580 
5 
491 492 577 579 580 
4 
577 578 580 870 
6 
577 578 579 770 869 870 
3 
582 583 584 
3 
581 583 584 
3 
581 582 584 
3 
581 582 583 
3 
586 587 588 
3 
585 587 588 
6 
297 585 586 588 737 738 
4 
585 586 587 737 
3 
590 591 592 
3 
589 591 592 
3 
589 590 592 
3 
589 590 591 
3 
594 595 596 
3 
593 595 596 
3 
593 594 596 
3 
593 594 595 
4 
177 598 599 600 
5 
177 178 597 599 600 
7 
177 178 179 180 597 598 600 
5 
177 180 597 598 599 
3 
602 603 604 
6 
24 85 88 601 603 604 
4 
88 601 602 604 
3 
601 602 603 
5 
25 28 606 607 608 
7 
25 26 27 28 605 607 608 
5 
27 28 605 606 608 
4 
28 605 606 607 
4 
610 611 612 894 
3 
609 611 612 
5 
609 610 612 717 718 
7 
609 610 611 717 894 895 926 
3 
614 615 616 
3 
613 615 616 
3 
613 614 616 
3 
613 614 615 
4 
569 618 619 620 
5 
569 570 617 619 620 
7 
569 570 571 572 617 618 620 
5 
569 572 617 618 619 
4 
403 622 623 624 
3 
621 623 624 
3 
621 622 624 
3 
621 622 623 
3 
626 627 628 
4 
208 625 627 628 
3 
625 626 628 
3 
625 626 627 
3 
630 631 632 
3 
629 631 632 
4 
145 629 630 632 
3 
629 630 631 
3 
634 635 636 
3 
633 635 636 
3 
633 634 636 
3 
633 634 635 
6 
31 32 533 638 639 640 
6 
31 533 534 637 639 640 
7 
533 534 535 536 637 638 640 
5 
533 536 637 638 639 
3 
642 643 644 
3 
641 643 644 
3 
641 642 644 
4 
418 641 642 643 
4 
646 647 648 709 
5 
645 647 648 709 710 
5 
645 646 648 711 712 
4 
645 646 647 712 
3 
650 651 652 
3 
649 651 652 
3 
649 650 652 
3 
649 650 651 
3 
654 655 656 
3 
653 655 656 
3 
653 654 656 
3 
653 654 655 
5 
499 500 658 659 660 
5 
225 499 657 659 660 
6 
225 228 278 657 658 660 
5 
277 278 657 658 659 
3 
662 663 664 
3 
661 663 664 
5 
353 354 661 662 664 
4 
353 661 662 663 
3 
666 667 668 
3 
665 667 668 
3 
665 666 668 
3 
665 666 667 
4 
670 671 672 964 
5 
669 671 672 963 964 
3 
669 670 672 
3 
669 670 671 
3 
674 675 676 
3 
673 675 676 
4 
174 673 674 676 
5 
173 174 673 674 675 
3 
678 679 680 
3 
677 679 680 
3 
677 678 680 
3 
677 678 679 
7 
293 296 378 379 682 683 684 
7 
293 294 295 296 681 683 684 
5 
295 296 681 682 684 
5 
296 379 681 682 683 
5 
686 687 688 801 802 
4 
685 687 688 802 
5 
685 686 688 802 803 
7 
685 686 687 801 802 803 804 
3 
690 691 692 
3 
689 691 692 
3 
689 690 692 
3 
689 690 691 
6 
694 695 696 841 844 929 
9 
693 695 696 841 842 843 844 929 930 
11 
693 694 696 843 844 909 910 929 930 931 932 
7 
693 694 695 844 909 929 932 
3 
698 699 700 
5 
697 699 700 765 768 
4 
697 698 700 768 
3 
697 698 699 
5 
7 8 702 703 704 
4 
7 701 703 704 
3 
701 702 704 
3 
701 702 703 
3 
706 707 708 
3 
705 707 708 
3 
705 706 708 
3 
705 706 707 
5 
645 646 710 711 712 
4 
646 709 711 712 
4 
647 709 710 712 
5 
647 648 709 710 711 
3 
714 715 716 
3 
713 715 716 
3 
713 714 716 
3 
713 714 715 
5 
611 612 718 719 720 
4 
611 717 719 720 
3 
717 718 720 
3 
717 718 719 
4 
227 722 723 724 
3 
721 723 724 
4 
106 721 722 724 
5 
105 106 721 722 723 
3 
726 727 728 
3 
725 727 728 
3 
725 726 728 
3 
725 726 727 
6 
730 731 732 854 855 966 
3 
729 731 732 
3 
729 730 732 
6 
729 730 731 855 966 967 
3 
734 735 736 
3 
733 735 736 
3 
733 734 736 
3 
733 734 735 
7 
297 300 587 588 738 739 740 
8 
297 298 299 300 587 737 739 740 
5 
299 300 737 738 740 
4 
300 737 738 739 
6 
487 742 743 744 878 879 
5 
189 192 741 743 744 
4 
192 741 742 744 
4 
741 742 743 879 
9 
23 24 85 86 87 88 746 747 748 
6 
23 86 87 745 747 748 
4 
87 745 746 748 
5 
87 88 745 746 747 
8 
545 548 750 751 752 761 764 833 
13 
545 546 547 548 749 751 752 761 762 763 764 833 834 
11 
547 548 749 750 752 763 764 833 834 835 836 
7 
548 749 750 751 764 833 836 
3 
754 755 756 
3 
753 755 756 
3 
753 754 756 
3 
753 754 755 
3 
758 759 760 
3 
757 759 760 
3 
757 758 760 
4 
90 757 758 759 
7 
545 546 749 750 762 763 764 
5 
546 750 761 763 764 
8 
546 547 750 751 761 762 764 834 
13 
545 546 547 548 749 750 751 752 761 762 763 833 834 
4 
698 766 767 768 
5 
765 767 768 780 940 
3 
765 766 768 
5 
698 699 765 766 767 
4 
770 771 772 869 
6 
580 769 771 772 869 870 
7 
769 770 772 869 870 871 872 
5 
769 770 771 869 872 
3 
774 775 776 
3 
773 775 776 
3 
773 774 776 
3 
773 774 775 
7 
778 779 780 937 938 939 940 
5 
777 779 780 938 939 
4 
777 778 780 939 
6 
766 777 778 779 939 940 
3 
782 783 784 
3 
781 783 784 
4 
78 781 782 784 
5 
77 78 781 782 783 
4 
449 786 787 788 
5 
449 450 785 787 788 
7 
449 450 451 452 785 786 788 
5 
449 452 785 786 787 
3 
790 791 792 
3 
789 791 792 
3 
789 790 792 
3 
789 790 791 
5 
269 270 794 795 796 
4 
270 793 795 796 
5 
270 271 793 794 796 
7 
269 270 271 272 793 794 795 
3 
798 799 800 
3 
797 799 800 
3 
797 798 800 
3 
797 798 799 
5 
685 688 802 803 804 
7 
685 686 687 688 801 803 804 
5 
687 688 801 802 804 
4 
688 801 802 803 
4 
806 807 808 959 
3 
805 807 808 
3 
805 806 808 
3 
805 806 807 
3 
810 811 812 
3 
809 811 812 
3 
809 810 812 
3 
809 810 811 
3 
814 815 816 
3 
813 815 816 
3 
813 814 816 
3 
813 814 815 
3 
818 819 820 
4 
817 819 820 901 
7 
245 246 817 818 820 901 904 
5 
130 245 817 818 819 
3 
822 823 824 
3 
821 823 824 
3 
821 822 824 
4 
482 821 822 823 
4 
509 826 827 828 
5 
509 510 825 827 828 
7 
509 510 511 512 825 826 828 
5 
509 512 825 826 827 
5 
1 2 830 831 832 
4 
2 829 831 832 
4 
3 829 830 832 
5 
3 4 829 830 831 
10 
547 548 749 750 751 752 764 834 835 836 
8 
547 750 751 763 764 833 835 836 
4 
751 833 834 836 
5 
751 752 833 834 835 
4 
565 838 839 840 
9 
164 549 553 556 565 566 837 839 840 
10 
549 552 556 565 566 567 568 837 838 840 
5 
565 568 837 838 839 
6 
693 694 842 843 844 929 
7 
68 694 841 843 844 929 930 
11 
694 695 841 842 844 909 910 929 930 931 932 
10 
693 694 695 696 841 842 843 909 929 932 
3 
846 847 848 
3 
845 847 848 
3 
845 846 848 
3 
845 846 847 
3 
850 851 852 
3 
849 851 852 
3 
849 850 852 
3 
849 850 851 
4 
854 855 856 965 
6 
729 853 855 856 965 966 
9 
729 732 853 854 856 965 966 967 968 
5 
853 854 855 965 968 
5 
57 60 858 859 860 
7 
57 58 59 60 857 859 860 
5 
59 60 857 858 860 
4 
60 857 858 859 
4 
243 862 863 864 
3 
861 863 864 
3 
861 862 864 
3 
861 862 863 
3 
866 867 868 
3 
865 867 868 
3 
865 866 868 
3 
865 866 867 
8 
580 769 770 771 772 870 871 872 
7 
579 580 770 771 869 871 872 
4 
771 869 870 872 
5 
771 772 869 870 871 
3 
874 875 876 
5 
33 36 873 875 876 
4 
36 873 874 876 
3 
873 874 875 
5 
487 488 878 879 880 
5 
487 741 877 879 880 
5 
741 744 877 878 880 
3 
877 878 879 
4 
491 882 883 884 
3 
881 883 884 
4 
473 881 882 884 
3 
881 882 883 
3 
886 887 888 
4 
885 887 888 936 
6 
429 430 885 886 888 973 
4 
429 885 886 887 
7 
337 338 339 340 890 891 892 
5 
338 339 889 891 892 
4 
339 889 890 892 
5 
339 340 889 890 891 
4 
894 895 896 925 
7 
609 612 893 895 896 925 926 
8 
612 893 894 896 925 926 927 928 
5 
893 894 895 925 928 
3 
898 899 900 
3 
897 899 900 
3 
897 898 900 
3 
897 898 899 
5 
818 819 902 903 904 
3 
901 903 904 
4 
246 901 902 904 
6 
245 246 819 901 902 903 
3 
906 907 908 
3 
905 907 908 
7 
233 234 469 470 905 906 908 
5 
233 469 905 906 907 
9 
695 696 843 844 910 911 912 931 932 
6 
695 843 909 911 912 931 
3 
909 910 912 
3 
909 910 911 
3 
914 915 916 
3 
913 915 916 
3 
913 914 916 
3 
913 914 915 
3 
918 919 920 
3 
917 919 920 
3 
917 918 920 
3 
917 918 919 
3 
922 923 924 
3 
921 923 924 
3 
921 922 924 
3 
921 922 923 
7 
893 894 895 896 926 927 928 
6 
612 894 895 925 927 928 
4 
895 925 926 928 
5 
895 896 925 926 927 
11 
693 694 695 696 841 842 843 844 930 931 932 
7 
694 695 842 843 929 931 932 
7 
695 843 909 910 929 930 932 
8 
695 696 843 844 909 929 930 931 
4 
76 934 935 936 
5 
75 76 933 935 936 
3 
933 934 936 
4 
886 933 934 935 
4 
777 938 939 940 
5 
777 778 937 939 940 
7 
777 778 779 780 937 938 940 
6 
766 777 780 937 938 939 
3 
942 943 944 
6 
253 256 288 941 943 944 
4 
256 941 942 944 
3 
941 942 943 
3 
946 947 948 
5 
304 517 945 947 948 
5 
517 520 945 946 948 
3 
945 946 947 
4 
141 950 951 952 
5 
141 142 949 951 952 
5 
143 144 949 950 952 
4 
144 949 950 951 
4 
363 954 955 956 
4 
457 953 955 956 
5 
457 460 953 954 956 
4 
30 953 954 955 
3 
958 959 960 
3 
957 959 960 
4 
805 957 958 960 
3 
957 958 959 
3 
962 963 964 
3 
961 963 964 
4 
670 961 962 964 
5 
669 670 961 962 963 
7 
853 854 855 856 966 967 968 
7 
729 732 854 855 965 967 968 
5 
732 855 965 966 968 
5 
855 856 965 966 967 
5 
229 232 970 971 972 
7 
229 230 231 232 969 971 972 
5 
231 232 969 970 972 
4 
232 969 970 971 
5 
430 887 974 975 976 
4 
161 973 975 976 
6 
161 164 553 973 974 976 
5 
430 431 973 974 975 
3 
978 979 980 
3 
977 979 980 
3 
977 978 980 
3 
977 978 979 
6 
420 438 439 982 983 984 
5 
419 420 981 983 984 
3 
981 982 984 
4 
439 981 982 983 
3 
986 987 988 
3 
985 987 988 
3 
985 986 988 
3 
985 986 987 
3 
990 991 992 
3 
989 991 992 
3 
989 990 992 
3 
989 990 991 
6 
113 116 181 994 995 996 
9 
113 114 115 116 181 182 993 995 996 
9 
115 116 181 182 183 184 993 994 996 
6 
116 181 184 993 994 995 
5 
526 527 998 999 1000 
3 
997 999 1000 
3 
997 998 1000 
4 
527 997 998 999 