
250 
4 
3 
2 3 4 
3 
1 3 4 
4 
1 2 4 402 
5 
1 2 3 401 402 
3 
6 7 8 
3 
5 7 8 
3 
5 6 8 
3 
5 6 7 
4 
10 11 12 150 
3 
9 11 12 
3 
9 10 12 
5 
9 10 11 150 151 
3 
14 15 16 
3 
13 15 16 
3 
13 14 16 
5 
13 14 15 230 962 
3 
18 19 20 
3 
17 19 20 
5 
17 18 20 274 317 
5 
17 18 19 273 274 
5 
22 23 24 856 897 
8 
21 23 24 628 855 856 897 898 
7 
21 22 24 897 898 899 900 
6 
21 22 23 66 897 900 
3 
26 27 28 
3 
25 27 28 
3 
25 26 28 
3 
25 26 27 
3 
30 31 32 
3 
29 31 32 
3 
29 30 32 
3 
29 30 31 
7 
34 35 36 93 94 95 96 
5 
33 35 36 94 95 
4 
33 34 36 95 
5 
33 34 35 95 96 
4 
38 39 40 976 
5 
37 39 40 975 976 
7 
37 38 40 781 782 885 886 
5 
37 38 39 781 885 
3 
42 43 44 
3 
41 43 44 
4 
41 42 44 278 
5 
41 42 43 277 278 
3 
46 47 48 
3 
45 47 48 
4 
45 46 48 741 
3 
45 46 47 
3 
50 51 52 
5 
49 51 52 877 880 
4 
49 50 52 880 
3 
49 50 51 
3 
54 55 56 
3 
53 55 56 
3 
53 54 56 
3 
53 54 55 
5 
58 59 60 678 679 
3 
57 59 60 
3 
57 58 60 
4 
57 58 59 679 
3 
62 63 64 
5 
61 63 64 841 844 
4 
61 62 64 844 
3 
61 62 63 
3 
66 67 68 
4 
24 65 67 68 
3 
65 66 68 
3 
65 66 67 
3 
70 71 72 
3 
69 71 72 
3 
69 70 72 
3 
69 70 71 
3 
74 75 76 
4 
73 75 76 820 
3 
73 74 76 
3 
73 74 75 
3 
78 79 80 
4 
77 79 80 753 
5 
77 78 80 753 756 
3 
77 78 79 
9 
82 83 84 98 99 745 746 747 748 
5 
81 83 84 746 747 
5 
81 82 84 474 747 
8 
81 82 83 99 473 474 747 748 
3 
86 87 88 
3 
85 87 88 
3 
85 86 88 
3 
85 86 87 
3 
90 91 92 
3 
89 91 92 
3 
89 90 92 
3 
89 90 91 
4 
33 94 95 96 
5 
33 34 93 95 96 
7 
33 34 35 36 93 94 96 
6 
33 36 93 94 95 490 
4 
98 99 100 745 
6 
81 97 99 100 745 746 
11 
81 84 97 98 100 473 474 745 746 747 748 
6 
97 98 99 473 745 748 
7 
102 103 104 318 319 791 792 
4 
101 103 104 791 
3 
101 102 104 
4 
101 102 103 319 
3 
106 107 108 
3 
105 107 108 
5 
105 106 108 117 118 
4 
105 106 107 117 
3 
110 111 112 
3 
109 111 112 
3 
109 110 112 
3 
109 110 111 
3 
114 115 116 
3 
113 115 116 
4 
113 114 116 949 
3 
113 114 115 
5 
107 108 118 119 120 
6 
107 117 119 120 265 268 
4 
117 118 120 268 
3 
117 118 119 
3 
122 123 124 
3 
121 123 124 
3 
121 122 124 
3 
121 122 123 
5 
126 127 128 343 344 
6 
125 127 128 343 413 416 
6 
125 126 128 416 541 542 
4 
125 126 127 541 
3 
130 131 132 
5 
129 131 132 281 284 
4 
129 130 132 284 
3 
129 130 131 
7 
134 135 136 405 406 711 712 
5 
133 135 136 406 711 
5 
133 134 136 407 774 
7 
133 134 135 407 408 773 774 
3 
138 139 140 
4 
137 139 140 860 
3 
137 138 140 
3 
137 138 139 
4 
142 143 144 988 
6 
141 143 144 728 987 988 
3 
141 142 144 
3 
141 142 143 
3 
146 147 148 
3 
145 147 148 
5 
145 146 148 429 430 
4 
145 146 147 429 
3 
150 151 152 
5 
9 12 149 151 152 
4 
12 149 150 152 
4 
149 150 151 658 
4 
154 155 156 768 
5 
153 155 156 767 768 
3 
153 154 156 
3 
153 154 155 
3 
158 159 160 
3 
157 159 160 
3 
157 158 160 
3 
157 158 159 
8 
162 163 164 274 275 320 977 978 
6 
161 163 164 319 320 978 
5 
161 162 164 978 979 
8 
161 162 163 275 977 978 979 980 
3 
166 167 168 
3 
165 167 168 
4 
165 166 168 706 
5 
165 166 167 705 706 
10 
170 171 172 510 511 629 630 631 632 944 
7 
169 171 172 630 631 943 944 
5 
169 170 172 285 631 
6 
169 170 171 511 631 632 
3 
174 175 176 
3 
173 175 176 
3 
173 174 176 
3 
173 174 175 
8 
178 179 180 209 210 211 212 724 
7 
177 179 180 210 211 723 724 
5 
177 178 180 211 954 
7 
177 178 179 211 212 953 954 
3 
182 183 184 
3 
181 183 184 
3 
181 182 184 
3 
181 182 183 
5 
186 187 188 929 930 
4 
185 187 188 930 
6 
185 186 188 698 930 931 
9 
185 186 187 697 698 929 930 931 932 
4 
190 191 192 235 
3 
189 191 192 
3 
189 190 192 
3 
189 190 191 
3 
194 195 196 
3 
193 195 196 
3 
193 194 196 
3 
193 194 195 
7 
198 199 200 782 783 886 887 
3 
197 199 200 
3 
197 198 200 
5 
197 198 199 783 887 
3 
202 203 204 
3 
201 203 204 
3 
201 202 204 
3 
201 202 203 
6 
206 207 208 358 702 703 
3 
205 207 208 
3 
205 206 208 
6 
205 206 207 358 359 703 
6 
177 210 211 212 721 724 
9 
177 178 209 211 212 721 722 723 724 
10 
177 178 179 180 209 210 212 723 724 954 
8 
177 180 209 210 211 724 953 954 
3 
214 215 216 
3 
213 215 216 
4 
213 214 216 681 
3 
213 214 215 
4 
218 219 220 578 
3 
217 219 220 
3 
217 218 220 
5 
217 218 219 578 579 
3 
222 223 224 
3 
221 223 224 
3 
221 222 224 
3 
221 222 223 
3 
226 227 228 
3 
225 227 228 
3 
225 226 228 
3 
225 226 227 
6 
230 231 232 878 879 961 
6 
16 229 231 232 961 962 
7 
229 230 232 961 962 963 964 
6 
229 230 231 879 961 964 
3 
234 235 236 
3 
233 235 236 
4 
189 233 234 236 
3 
233 234 235 
7 
238 239 240 248 851 895 896 
7 
237 239 240 247 248 656 895 
3 
237 238 240 
3 
237 238 239 
7 
242 243 244 581 582 707 708 
5 
241 243 244 582 707 
5 
241 242 244 582 583 
7 
241 242 243 581 582 583 584 
5 
246 247 248 893 894 
6 
245 247 248 653 656 894 
7 
238 245 246 248 656 894 895 
9 
237 238 245 246 247 893 894 895 896 
8 
250 251 252 431 452 598 810 811 
5 
249 251 252 451 452 
3 
249 250 252 
6 
249 250 251 598 599 811 
5 
254 255 256 647 648 
4 
253 255 256 647 
5 
253 254 256 765 766 
4 
253 254 255 765 
3 
258 259 260 
4 
257 259 260 417 
5 
257 258 260 417 420 
3 
257 258 259 
6 
262 263 264 453 456 993 
9 
261 263 264 453 454 455 456 993 994 
9 
261 262 264 455 456 993 994 995 996 
6 
261 262 263 456 993 996 
4 
118 266 267 268 
3 
265 267 268 
3 
265 266 268 
5 
118 119 265 266 267 
3 
270 271 272 
3 
269 271 272 
3 
269 270 272 
3 
269 270 271 
5 
20 274 275 276 977 
10 
19 20 161 273 275 276 317 320 977 978 
10 
161 164 273 274 276 320 977 978 979 980 
5 
273 274 275 977 980 
4 
44 278 279 280 
5 
43 44 277 279 280 
3 
277 278 280 
3 
277 278 279 
4 
130 282 283 284 
3 
281 283 284 
3 
281 282 284 
5 
130 131 281 282 283 
4 
171 286 287 288 
3 
285 287 288 
3 
285 286 288 
3 
285 286 287 
3 
290 291 292 
3 
289 291 292 
3 
289 290 292 
3 
289 290 291 
3 
294 295 296 
3 
293 295 296 
3 
293 294 296 
3 
293 294 295 
4 
298 299 300 606 
3 
297 299 300 
3 
297 298 300 
5 
297 298 299 606 607 
3 
302 303 304 
3 
301 303 304 
3 
301 302 304 
3 
301 302 303 
3 
306 307 308 
3 
305 307 308 
3 
305 306 308 
3 
305 306 307 
5 
310 311 312 339 340 
4 
309 311 312 339 
5 
309 310 312 349 350 
4 
309 310 311 349 
3 
314 315 316 
3 
313 315 316 
3 
313 314 316 
3 
313 314 315 
5 
19 274 318 319 320 
6 
101 317 319 320 789 792 
7 
101 104 162 317 318 320 792 
8 
161 162 274 275 317 318 319 978 
3 
322 323 324 
3 
321 323 324 
3 
321 322 324 
3 
321 322 323 
4 
326 327 328 821 
5 
325 327 328 821 822 
7 
325 326 328 821 822 823 824 
5 
325 326 327 821 824 
3 
330 331 332 
3 
329 331 332 
3 
329 330 332 
3 
329 330 331 
5 
334 335 336 355 840 
5 
333 335 336 839 840 
3 
333 334 336 
3 
333 334 335 
4 
338 339 340 604 
5 
337 339 340 603 604 
5 
309 310 337 338 340 
4 
309 337 338 339 
3 
342 343 344 
3 
341 343 344 
6 
125 126 341 342 344 413 
4 
125 341 342 343 
3 
346 347 348 
3 
345 347 348 
3 
345 346 348 
3 
345 346 347 
5 
311 312 350 351 352 
4 
311 349 351 352 
3 
349 350 352 
3 
349 350 351 
3 
354 355 356 
3 
353 355 356 
4 
333 353 354 356 
3 
353 354 355 
7 
358 359 360 701 702 703 704 
7 
205 208 357 359 360 702 703 
5 
208 357 358 360 703 
5 
357 358 359 703 704 
4 
362 363 364 992 
5 
361 363 364 991 992 
3 
361 362 364 
3 
361 362 363 
4 
366 367 368 612 
5 
365 367 368 611 612 
3 
365 366 368 
3 
365 366 367 
4 
370 371 372 677 
5 
369 371 372 677 678 
7 
369 370 372 677 678 679 680 
5 
369 370 371 677 680 
3 
374 375 376 
3 
373 375 376 
3 
373 374 376 
3 
373 374 375 
4 
378 379 380 738 
3 
377 379 380 
3 
377 378 380 
5 
377 378 379 738 739 
3 
382 383 384 
3 
381 383 384 
3 
381 382 384 
3 
381 382 383 
3 
386 387 388 
3 
385 387 388 
3 
385 386 388 
3 
385 386 387 
3 
390 391 392 
4 
389 391 392 537 
4 
389 390 392 540 
3 
389 390 391 
4 
394 395 396 409 
5 
393 395 396 409 410 
7 
393 394 396 409 410 411 412 
5 
393 394 395 409 412 
3 
398 399 400 
3 
397 399 400 
3 
397 398 400 
3 
397 398 399 
4 
4 402 403 404 
5 
3 4 401 403 404 
3 
401 402 404 
4 
401 402 403 462 
7 
133 406 407 408 712 802 803 
7 
133 134 405 407 408 711 712 
7 
135 136 405 406 408 773 774 
6 
136 405 406 407 773 803 
7 
393 394 395 396 410 411 412 
5 
394 395 409 411 412 
4 
395 409 410 412 
5 
395 396 409 410 411 
5 
126 343 414 415 416 
5 
413 415 416 641 644 
5 
413 414 416 542 644 
7 
126 127 413 414 415 541 542 
5 
258 259 418 419 420 
3 
417 419 420 
3 
417 418 420 
4 
259 417 418 419 
3 
422 423 424 
4 
421 423 424 777 
5 
421 422 424 777 780 
3 
421 422 423 
4 
426 427 428 723 
3 
425 427 428 
3 
425 426 428 
3 
425 426 427 
6 
147 148 430 431 432 809 
7 
147 429 431 432 496 809 810 
8 
249 429 430 432 809 810 811 812 
5 
429 430 431 809 812 
3 
434 435 436 
3 
433 435 436 
3 
433 434 436 
3 
433 434 435 
4 
438 439 440 891 
3 
437 439 440 
4 
437 438 440 770 
5 
437 438 439 769 770 
3 
442 443 444 
3 
441 443 444 
3 
441 442 444 
3 
441 442 443 
3 
446 447 448 
3 
445 447 448 
3 
445 446 448 
4 
445 446 447 974 
5 
450 451 452 495 496 
4 
449 451 452 495 
4 
250 449 450 452 
6 
249 250 449 450 451 810 
5 
261 262 454 455 456 
4 
262 453 455 456 
6 
262 263 453 454 456 994 
9 
261 262 263 264 453 454 455 993 994 
3 
458 459 460 
3 
457 459 460 
3 
457 458 460 
3 
457 458 459 
3 
462 463 464 
4 
404 461 463 464 
3 
461 462 464 
3 
461 462 463 
3 
466 467 468 
3 
465 467 468 
3 
465 466 468 
3 
465 466 467 
3 
470 471 472 
3 
469 471 472 
3 
469 470 472 
3 
469 470 471 
8 
84 99 100 474 475 476 747 748 
7 
83 84 99 473 475 476 747 
3 
473 474 476 
3 
473 474 475 
3 
478 479 480 
3 
477 479 480 
4 
477 478 480 778 
5 
477 478 479 777 778 
4 
482 483 484 715 
3 
481 483 484 
3 
481 482 484 
3 
481 482 483 
3 
486 487 488 
3 
485 487 488 
3 
485 486 488 
3 
485 486 487 
3 
490 491 492 
4 
96 489 491 492 
3 
489 490 492 
3 
489 490 491 
3 
494 495 496 
3 
493 495 496 
5 
449 450 493 494 496 
5 
430 449 493 494 495 
3 
498 499 500 
3 
497 499 500 
3 
497 498 500 
3 
497 498 499 
3 
502 503 504 
3 
501 503 504 
3 
501 502 504 
3 
501 502 503 
3 
506 507 508 
3 
505 507 508 
3 
505 506 508 
3 
505 506 507 
5 
510 511 512 629 632 
8 
169 509 511 512 629 630 631 632 
7 
169 172 509 510 512 631 632 
4 
509 510 511 632 
4 
514 515 516 619 
3 
513 515 516 
3 
513 514 516 
3 
513 514 515 
3 
518 519 520 
3 
517 519 520 
3 
517 518 520 
4 
517 518 519 786 
3 
522 523 524 
3 
521 523 524 
3 
521 522 524 
3 
521 522 523 
3 
526 527 528 
3 
525 527 528 
3 
525 526 528 
3 
525 526 527 
3 
530 531 532 
3 
529 531 532 
3 
529 530 532 
3 
529 530 531 
3 
534 535 536 
3 
533 535 536 
3 
533 534 536 
3 
533 534 535 
4 
390 538 539 540 
3 
537 539 540 
3 
537 538 540 
4 
391 537 538 539 
6 
127 128 416 542 543 544 
7 
127 415 416 541 543 544 845 
5 
541 542 544 845 848 
3 
541 542 543 
4 
546 547 548 759 
3 
545 547 548 
3 
545 546 548 
3 
545 546 547 
3 
550 551 552 
3 
549 551 552 
3 
549 550 552 
3 
549 550 551 
3 
554 555 556 
3 
553 555 556 
3 
553 554 556 
3 
553 554 555 
4 
558 559 560 868 
5 
557 559 560 867 868 
3 
557 558 560 
3 
557 558 559 
5 
562 563 564 917 918 
4 
561 563 564 918 
6 
561 562 564 674 918 919 
9 
561 562 563 673 674 917 918 919 920 
4 
566 567 568 957 
7 
565 567 568 569 572 957 958 
8 
565 566 568 572 957 958 959 960 
5 
565 566 567 957 960 
5 
566 570 571 572 958 
4 
569 571 572 761 
5 
569 570 572 761 764 
7 
566 567 569 570 571 958 959 
4 
574 575 576 828 
5 
573 575 576 827 828 
3 
573 574 576 
3 
573 574 575 
3 
578 579 580 
5 
217 220 577 579 580 
4 
220 577 578 580 
3 
577 578 579 
6 
241 244 582 583 584 708 
9 
241 242 243 244 581 583 584 707 708 
5 
243 244 581 582 584 
4 
244 581 582 583 
3 
586 587 588 
3 
585 587 588 
3 
585 586 588 
3 
585 586 587 
3 
590 591 592 
3 
589 591 592 
3 
589 590 592 
3 
589 590 591 
3 
594 595 596 
3 
593 595 596 
3 
593 594 596 
3 
593 594 595 
4 
598 599 600 812 
7 
249 252 597 599 600 811 812 
4 
252 597 598 600 
3 
597 598 599 
3 
602 603 604 
3 
601 603 604 
4 
338 601 602 604 
5 
337 338 601 602 603 
3 
606 607 608 
5 
297 300 605 607 608 
4 
300 605 606 608 
4 
605 606 607 858 
3 
610 611 612 
3 
609 611 612 
4 
366 609 610 612 
5 
365 366 609 610 611 
3 
614 615 616 
3 
613 615 616 
3 
613 614 616 
4 
613 614 615 798 
3 
618 619 620 
3 
617 619 620 
4 
513 617 618 620 
3 
617 618 619 
3 
622 623 624 
5 
621 623 624 701 704 
4 
621 622 624 704 
3 
621 622 623 
4 
626 627 628 854 
3 
625 627 628 
3 
625 626 628 
6 
22 625 626 627 854 855 
6 
169 509 510 630 631 632 
8 
169 170 510 629 631 632 941 944 
10 
169 170 171 172 510 511 629 630 632 944 
9 
169 172 509 510 511 512 629 630 631 
3 
634 635 636 
3 
633 635 636 
3 
633 634 636 
3 
633 634 635 
3 
638 639 640 
3 
637 639 640 
3 
637 638 640 
3 
637 638 639 
4 
414 642 643 644 
3 
641 643 644 
3 
641 642 644 
5 
414 415 641 642 643 
3 
646 647 648 
3 
645 647 648 
5 
253 254 645 646 648 
4 
253 645 646 647 
3 
650 651 652 
3 
649 651 652 
3 
649 650 652 
3 
649 650 651 
4 
246 654 655 656 
3 
653 655 656 
3 
653 654 656 
6 
238 246 247 653 654 655 
3 
658 659 660 
4 
152 657 659 660 
3 
657 658 660 
3 
657 658 659 
3 
662 663 664 
3 
661 663 664 
3 
661 662 664 
3 
661 662 663 
5 
666 667 668 835 836 
5 
665 667 668 760 835 
3 
665 666 668 
3 
665 666 667 
3 
670 671 672 
3 
669 671 672 
3 
669 670 672 
3 
669 670 671 
6 
564 674 675 676 917 920 
9 
563 564 673 675 676 917 918 919 920 
5 
673 674 676 919 920 
4 
673 674 675 920 
7 
369 370 371 372 678 679 680 
6 
57 370 371 677 679 680 
6 
57 60 371 677 678 680 
5 
371 372 677 678 679 
4 
215 682 683 684 
3 
681 683 684 
3 
681 682 684 
3 
681 682 683 
3 
686 687 688 
3 
685 687 688 
3 
685 686 688 
3 
685 686 687 
3 
690 691 692 
5 
689 691 692 905 908 
4 
689 690 692 908 
3 
689 690 691 
3 
694 695 696 
3 
693 695 696 
3 
693 694 696 
3 
693 694 695 
6 
188 698 699 700 929 932 
9 
187 188 697 699 700 929 930 931 932 
7 
697 698 700 869 870 931 932 
5 
697 698 699 869 932 
5 
357 622 702 703 704 
6 
205 357 358 701 703 704 
9 
205 208 357 358 359 360 701 702 704 
7 
357 360 622 623 701 702 703 
4 
168 706 707 708 
5 
167 168 705 707 708 
6 
241 242 582 705 706 708 
6 
241 581 582 705 706 707 
4 
710 711 712 802 
3 
709 711 712 
6 
133 134 406 709 710 712 
8 
133 405 406 709 710 711 802 803 
3 
714 715 716 
3 
713 715 716 
4 
481 713 714 716 
3 
713 714 715 
3 
718 719 720 
3 
717 719 720 
3 
717 718 720 
3 
717 718 719 
5 
209 210 722 723 724 
4 
210 721 723 724 
7 
178 210 211 425 721 722 724 
9 
177 178 209 210 211 212 721 722 723 
5 
726 727 728 985 986 
4 
725 727 728 986 
5 
725 726 728 986 987 
8 
142 725 726 727 985 986 987 988 
3 
730 731 732 
3 
729 731 732 
3 
729 730 732 
3 
729 730 731 
5 
734 735 736 837 838 
4 
733 735 736 838 
5 
733 734 736 838 839 
7 
733 734 735 837 838 839 840 
3 
738 739 740 
5 
377 380 737 739 740 
4 
380 737 738 740 
3 
737 738 739 
4 
47 742 743 744 
3 
741 743 744 
3 
741 742 744 
3 
741 742 743 
8 
81 97 98 99 100 746 747 748 
7 
81 82 98 99 745 747 748 
10 
81 82 83 84 99 473 474 745 746 748 
8 
81 84 99 100 473 745 746 747 
5 
750 751 752 831 832 
4 
749 751 752 831 
3 
749 750 752 
3 
749 750 751 
5 
78 79 754 755 756 
3 
753 755 756 
3 
753 754 756 
4 
79 753 754 755 
5 
758 759 760 834 835 
3 
757 759 760 
4 
545 757 758 760 
5 
666 757 758 759 835 
5 
570 571 762 763 764 
3 
761 763 764 
3 
761 762 764 
4 
571 761 762 763 
5 
255 256 766 767 768 
4 
255 765 767 768 
4 
154 765 766 768 
5 
153 154 765 766 767 
5 
440 770 771 772 891 
5 
439 440 769 771 772 
3 
769 770 772 
3 
769 770 771 
6 
136 407 408 774 775 776 
6 
135 136 407 773 775 776 
3 
773 774 776 
3 
773 774 775 
6 
422 423 480 778 779 780 
5 
479 480 777 779 780 
3 
777 778 780 
4 
423 777 778 779 
6 
39 40 782 783 784 885 
7 
39 197 781 783 784 885 886 
9 
197 200 781 782 784 885 886 887 888 
5 
781 782 783 885 888 
3 
786 787 788 
4 
520 785 787 788 
3 
785 786 788 
3 
785 786 787 
4 
318 790 791 792 
3 
789 791 792 
5 
101 102 789 790 792 
6 
101 318 319 789 790 791 
3 
794 795 796 
3 
793 795 796 
3 
793 794 796 
3 
793 794 795 
3 
798 799 800 
4 
616 797 799 800 
3 
797 798 800 
3 
797 798 799 
3 
802 803 804 
6 
405 709 712 801 803 804 
6 
405 408 712 801 802 804 
3 
801 802 803 
3 
806 807 808 
3 
805 807 808 
3 
805 806 808 
3 
805 806 807 
7 
429 430 431 432 810 811 812 
7 
249 430 431 452 809 811 812 
7 
249 252 431 598 809 810 812 
7 
431 432 597 598 809 810 811 
3 
814 815 816 
3 
813 815 816 
3 
813 814 816 
3 
813 814 815 
3 
818 819 820 
3 
817 819 820 
3 
817 818 820 
4 
74 817 818 819 
7 
325 326 327 328 822 823 824 
5 
326 327 821 823 824 
4 
327 821 822 824 
5 
327 328 821 822 823 
3 
826 827 828 
3 
825 827 828 
4 
574 825 826 828 
5 
573 574 825 826 827 
3 
830 831 832 
3 
829 831 832 
5 
749 750 829 830 832 
4 
749 829 830 831 
3 
834 835 836 
4 
757 833 835 836 
7 
665 666 757 760 833 834 836 
4 
665 833 834 835 
5 
733 736 838 839 840 
7 
733 734 735 736 837 839 840 
6 
334 735 736 837 838 840 
6 
333 334 736 837 838 839 
4 
62 842 843 844 
3 
841 843 844 
3 
841 842 844 
5 
62 63 841 842 843 
5 
542 543 846 847 848 
3 
845 847 848 
3 
845 846 848 
4 
543 845 846 847 
3 
850 851 852 
4 
849 851 852 893 
6 
237 849 850 852 893 896 
3 
849 850 851 
3 
854 855 856 
5 
625 628 853 855 856 
7 
22 628 853 854 856 897 898 
6 
21 22 853 854 855 897 
3 
858 859 860 
4 
608 857 859 860 
3 
857 858 860 
4 
138 857 858 859 
4 
862 863 864 871 
3 
861 863 864 
3 
861 862 864 
3 
861 862 863 
3 
866 867 868 
3 
865 867 868 
4 
558 865 866 868 
5 
557 558 865 866 867 
5 
699 700 870 871 872 
4 
699 869 871 872 
4 
861 869 870 872 
3 
869 870 871 
3 
874 875 876 
3 
873 875 876 
3 
873 874 876 
3 
873 874 875 
4 
50 878 879 880 
5 
229 877 879 880 961 
7 
229 232 877 878 880 961 964 
5 
50 51 877 878 879 
3 
882 883 884 
3 
881 883 884 
3 
881 882 884 
3 
881 882 883 
9 
39 40 781 782 783 784 886 887 888 
7 
39 197 782 783 885 887 888 
6 
197 200 783 885 886 888 
5 
783 784 885 886 887 
3 
890 891 892 
3 
889 891 892 
5 
437 769 889 890 892 
3 
889 890 891 
7 
245 248 850 851 894 895 896 
7 
245 246 247 248 893 895 896 
7 
237 238 247 248 893 894 896 
6 
237 248 851 893 894 895 
9 
21 22 23 24 855 856 898 899 900 
6 
22 23 855 897 899 900 
4 
23 897 898 900 
5 
23 24 897 898 899 
3 
902 903 904 
3 
901 903 904 
3 
901 902 904 
3 
901 902 903 
4 
690 906 907 908 
3 
905 907 908 
3 
905 906 908 
5 
690 691 905 906 907 
3 
910 911 912 
3 
909 911 912 
3 
909 910 912 
3 
909 910 911 
3 
914 915 916 
3 
913 915 916 
3 
913 914 916 
3 
913 914 915 
7 
561 564 673 674 918 919 920 
8 
561 562 563 564 674 917 919 920 
7 
563 564 674 675 917 918 920 
8 
564 673 674 675 676 917 918 919 
3 
922 923 924 
3 
921 923 924 
3 
921 922 924 
3 
921 922 923 
3 
926 927 928 
3 
925 927 928 
3 
925 926 928 
3 
925 926 927 
7 
185 188 697 698 930 931 932 
8 
185 186 187 188 698 929 931 932 
7 
187 188 698 699 929 930 932 
8 
188 697 698 699 700 929 930 931 
3 
934 935 936 
3 
933 935 936 
3 
933 934 936 
3 
933 934 935 
3 
938 939 940 
3 
937 939 940 
3 
937 938 940 
3 
937 938 939 
4 
630 942 943 944 
3 
941 943 944 
4 
170 941 942 944 
7 
169 170 630 631 941 942 943 
3 
946 947 948 
3 
945 947 948 
3 
945 946 948 
3 
945 946 947 
4 
115 950 951 952 
3 
949 951 952 
3 
949 950 952 
3 
949 950 951 
5 
180 212 954 955 956 
7 
179 180 211 212 953 955 956 
3 
953 954 956 
3 
953 954 955 
7 
565 566 567 568 958 959 960 
7 
566 567 569 572 957 959 960 
5 
567 572 957 958 960 
5 
567 568 957 958 959 
9 
229 230 231 232 878 879 962 963 964 
6 
16 230 231 961 963 964 
4 
231 961 962 964 
6 
231 232 879 961 962 963 
3 
966 967 968 
3 
965 967 968 
3 
965 966 968 
3 
965 966 967 
3 
970 971 972 
3 
969 971 972 
3 
969 970 972 
3 
969 970 971 
3 
974 975 976 
4 
448 973 975 976 
4 
38 973 974 976 
5 
37 38 973 974 975 
9 
161 164 273 274 275 276 978 979 980 
10 
161 162 163 164 274 275 320 977 979 980 
6 
163 164 275 977 978 980 
6 
164 275 276 977 978 979 
3 
982 983 984 
3 
981 983 984 
3 
981 982 984 
3 
981 982 983 
5 
725 728 986 987 988 
7 
725 726 727 728 985 987 988 
6 
142 727 728 985 986 988 
6 
141 142 728 985 986 987 
3 
990 991 992 
3 
989 991 992 
4 
362 989 990 992 
5 
361 362 989 990 991 
8 
261 262 263 264 456 994 995 996 
7 
262 263 455 456 993 995 996 
4 
263 993 994 996 
5 
263 264 993 994 995 
3 
998 999 1000 
3 
997 999 1000 
3 
997 998 1000 
3 
997 998 999 