
250 
4 
3 
2 3 4 
3 
1 3 4 
3 
1 2 4 
3 
1 2 3 
5 
6 7 8 270 271 
3 
5 7 8 
3 
5 6 8 
4 
5 6 7 271 
3 
10 11 12 
3 
9 11 12 
3 
9 10 12 
3 
9 10 11 
3 
14 15 16 
3 
13 15 16 
3 
13 14 16 
4 
13 14 15 882 
4 
18 19 20 760 
5 
17 19 20 759 760 
3 
17 18 20 
3 
17 18 19 
4 
22 23 24 473 
6 
21 23 24 169 473 474 
9 
21 22 24 169 172 473 474 475 476 
5 
21 22 23 473 476 
5 
26 27 28 453 456 
7 
25 27 28 453 454 455 456 
5 
25 26 28 455 456 
4 
25 26 27 456 
5 
30 31 32 359 360 
4 
29 31 32 359 
5 
29 30 32 637 638 
4 
29 30 31 637 
4 
34 35 36 184 
5 
33 35 36 183 184 
3 
33 34 36 
3 
33 34 35 
5 
38 39 40 427 428 
4 
37 39 40 427 
5 
37 38 40 477 478 
4 
37 38 39 477 
3 
42 43 44 
3 
41 43 44 
3 
41 42 44 
3 
41 42 43 
3 
46 47 48 
3 
45 47 48 
3 
45 46 48 
3 
45 46 47 
5 
50 51 52 721 724 
7 
49 51 52 721 722 723 724 
5 
49 50 52 723 724 
5 
49 50 51 534 724 
3 
54 55 56 
3 
53 55 56 
3 
53 54 56 
3 
53 54 55 
3 
58 59 60 
4 
57 59 60 885 
5 
57 58 60 885 888 
3 
57 58 59 
4 
62 63 64 870 
3 
61 63 64 
3 
61 62 64 
5 
61 62 63 870 871 
3 
66 67 68 
3 
65 67 68 
3 
65 66 68 
3 
65 66 67 
5 
70 71 72 109 112 
10 
69 71 72 109 110 111 112 824 865 868 
6 
69 70 72 111 112 868 
4 
69 70 71 112 
4 
74 75 76 308 
5 
73 75 76 307 308 
4 
73 74 76 705 
4 
73 74 75 482 
5 
78 79 80 580 840 
9 
77 79 80 129 132 579 580 839 840 
4 
77 78 80 132 
3 
77 78 79 
5 
82 83 84 243 244 
5 
81 83 84 243 640 
3 
81 82 84 
3 
81 82 83 
3 
86 87 88 
5 
85 87 88 809 812 
5 
85 86 88 750 812 
5 
85 86 87 749 750 
5 
90 91 92 693 694 
4 
89 91 92 694 
5 
89 90 92 694 695 
7 
89 90 91 693 694 695 696 
7 
94 95 96 273 274 275 276 
5 
93 95 96 274 275 
4 
93 94 96 275 
5 
93 94 95 275 276 
5 
98 99 100 685 688 
7 
97 99 100 685 686 687 688 
5 
97 98 100 687 688 
4 
97 98 99 688 
3 
102 103 104 
3 
101 103 104 
3 
101 102 104 
3 
101 102 103 
7 
106 107 108 215 216 329 330 
5 
105 107 108 215 330 
5 
105 106 108 330 331 
7 
105 106 107 329 330 331 332 
8 
69 70 110 111 112 821 824 865 
10 
70 109 111 112 821 822 823 824 865 866 
11 
70 71 109 110 112 823 824 865 866 867 868 
10 
69 70 71 72 109 110 111 824 865 868 
3 
114 115 116 
3 
113 115 116 
3 
113 114 116 
3 
113 114 115 
7 
118 119 120 237 238 239 240 
5 
117 119 120 238 239 
4 
117 118 120 239 
5 
117 118 119 239 240 
3 
122 123 124 
3 
121 123 124 
3 
121 122 124 
3 
121 122 123 
7 
126 127 128 207 208 994 995 
4 
125 127 128 207 
3 
125 126 128 
4 
125 126 127 995 
10 
78 130 131 132 577 578 579 580 838 839 
5 
129 131 132 578 579 
4 
129 130 132 579 
8 
78 79 129 130 131 579 580 839 
5 
134 135 136 897 898 
4 
133 135 136 898 
5 
133 134 136 898 899 
7 
133 134 135 897 898 899 900 
5 
138 139 140 673 674 
4 
137 139 140 674 
6 
137 138 140 569 674 675 
7 
137 138 139 673 674 675 676 
6 
142 143 144 529 615 616 
6 
141 143 144 529 530 615 
7 
141 142 144 529 530 531 532 
5 
141 142 143 529 532 
4 
146 147 148 834 
3 
145 147 148 
3 
145 146 148 
5 
145 146 147 834 835 
3 
150 151 152 
3 
149 151 152 
5 
149 150 152 277 278 
4 
149 150 151 277 
5 
154 155 156 657 660 
7 
153 155 156 657 658 659 660 
5 
153 154 156 659 660 
4 
153 154 155 660 
3 
158 159 160 
3 
157 159 160 
3 
157 158 160 
4 
157 158 159 894 
5 
162 163 164 765 766 
4 
161 163 164 766 
4 
161 162 164 767 
5 
161 162 163 767 768 
3 
166 167 168 
3 
165 167 168 
3 
165 166 168 
3 
165 166 167 
7 
22 23 170 171 172 474 475 
4 
169 171 172 920 
5 
169 170 172 985 986 
6 
23 169 170 171 475 985 
5 
174 175 176 439 440 
4 
173 175 176 439 
4 
173 174 176 962 
5 
173 174 175 961 962 
3 
178 179 180 
3 
177 179 180 
3 
177 178 180 
3 
177 178 179 
3 
182 183 184 
3 
181 183 184 
4 
34 181 182 184 
5 
33 34 181 182 183 
3 
186 187 188 
4 
185 187 188 257 
5 
185 186 188 257 260 
3 
185 186 187 
3 
190 191 192 
3 
189 191 192 
3 
189 190 192 
3 
189 190 191 
4 
194 195 196 381 
5 
193 195 196 381 382 
7 
193 194 196 381 382 383 384 
5 
193 194 195 381 384 
3 
198 199 200 
3 
197 199 200 
3 
197 198 200 
3 
197 198 199 
4 
202 203 204 590 
3 
201 203 204 
3 
201 202 204 
5 
201 202 203 590 591 
4 
206 207 208 684 
5 
205 207 208 683 684 
5 
125 126 205 206 208 
5 
125 205 206 207 994 
3 
210 211 212 
3 
209 211 212 
4 
209 210 212 810 
5 
209 210 211 809 810 
3 
214 215 216 
3 
213 215 216 
5 
105 106 213 214 216 
4 
105 213 214 215 
5 
218 219 220 321 322 
4 
217 219 220 322 
5 
217 218 220 322 323 
7 
217 218 219 321 322 323 324 
3 
222 223 224 
3 
221 223 224 
3 
221 222 224 
3 
221 222 223 
4 
226 227 228 278 
5 
225 227 228 601 604 
4 
225 226 228 604 
5 
225 226 227 278 279 
4 
230 231 232 977 
5 
229 231 232 977 978 
7 
229 230 232 977 978 979 980 
5 
229 230 231 977 980 
3 
234 235 236 
3 
233 235 236 
3 
233 234 236 
3 
233 234 235 
5 
117 238 239 240 610 
5 
117 118 237 239 240 
7 
117 118 119 120 237 238 240 
7 
117 120 237 238 239 610 611 
3 
242 243 244 
3 
241 243 244 
5 
81 82 241 242 244 
4 
81 241 242 243 
6 
246 247 248 262 489 492 
7 
245 247 248 489 490 491 492 
5 
245 246 248 491 492 
6 
245 246 247 262 263 492 
3 
250 251 252 
3 
249 251 252 
3 
249 250 252 
3 
249 250 251 
5 
254 255 256 326 327 
3 
253 255 256 
3 
253 254 256 
4 
253 254 255 327 
5 
186 187 258 259 260 
3 
257 259 260 
3 
257 258 260 
4 
187 257 258 259 
3 
262 263 264 
5 
245 248 261 263 264 
4 
248 261 262 264 
3 
261 262 263 
3 
266 267 268 
3 
265 267 268 
3 
265 266 268 
3 
265 266 267 
3 
270 271 272 
4 
5 269 271 272 
5 
5 8 269 270 272 
3 
269 270 271 
4 
93 274 275 276 
5 
93 94 273 275 276 
7 
93 94 95 96 273 274 276 
5 
93 96 273 274 275 
5 
151 152 278 279 280 
6 
151 225 228 277 279 280 
4 
228 277 278 280 
4 
277 278 279 646 
3 
282 283 284 
3 
281 283 284 
4 
281 282 284 533 
3 
281 282 283 
3 
286 287 288 
3 
285 287 288 
3 
285 286 288 
3 
285 286 287 
3 
290 291 292 
3 
289 291 292 
3 
289 290 292 
3 
289 290 291 
4 
294 295 296 484 
5 
293 295 296 483 484 
3 
293 294 296 
3 
293 294 295 
5 
298 299 300 677 678 
4 
297 299 300 678 
5 
297 298 300 678 679 
7 
297 298 299 677 678 679 680 
6 
302 303 304 778 779 991 
3 
301 303 304 
3 
301 302 304 
4 
301 302 303 779 
4 
306 307 308 943 
3 
305 307 308 
4 
74 305 306 308 
5 
73 74 305 306 307 
3 
310 311 312 
3 
309 311 312 
3 
309 310 312 
3 
309 310 311 
3 
314 315 316 
3 
313 315 316 
3 
313 314 316 
3 
313 314 315 
3 
318 319 320 
3 
317 319 320 
3 
317 318 320 
3 
317 318 319 
5 
217 220 322 323 324 
7 
217 218 219 220 321 323 324 
5 
219 220 321 322 324 
4 
220 321 322 323 
3 
326 327 328 
4 
253 325 327 328 
5 
253 256 325 326 328 
3 
325 326 327 
5 
105 108 330 331 332 
7 
105 106 107 108 329 331 332 
5 
107 108 329 330 332 
4 
108 329 330 331 
3 
334 335 336 
3 
333 335 336 
3 
333 334 336 
3 
333 334 335 
3 
338 339 340 
3 
337 339 340 
3 
337 338 340 
3 
337 338 339 
3 
342 343 344 
3 
341 343 344 
5 
341 342 344 433 781 
3 
341 342 343 
3 
346 347 348 
3 
345 347 348 
3 
345 346 348 
3 
345 346 347 
3 
350 351 352 
4 
349 351 352 400 
3 
349 350 352 
3 
349 350 351 
8 
354 355 356 745 746 747 748 989 
7 
353 355 356 746 747 989 990 
9 
353 354 356 747 777 989 990 991 992 
7 
353 354 355 747 748 989 992 
5 
358 359 360 549 552 
7 
357 359 360 549 550 551 552 
7 
29 30 357 358 360 551 552 
5 
29 357 358 359 552 
4 
362 363 364 846 
3 
361 363 364 
3 
361 362 364 
5 
361 362 363 846 847 
3 
366 367 368 
3 
365 367 368 
3 
365 366 368 
4 
365 366 367 682 
3 
370 371 372 
3 
369 371 372 
3 
369 370 372 
3 
369 370 371 
4 
374 375 376 947 
3 
373 375 376 
5 
373 374 376 389 390 
4 
373 374 375 389 
3 
378 379 380 
6 
377 379 380 873 877 880 
6 
377 378 380 873 876 880 
4 
377 378 379 970 
7 
193 194 195 196 382 383 384 
5 
194 195 381 383 384 
4 
195 381 382 384 
5 
195 196 381 382 383 
7 
386 387 388 405 406 407 408 
5 
385 387 388 406 407 
4 
385 386 388 407 
5 
385 386 387 407 408 
5 
375 376 390 391 392 
4 
375 389 391 392 
3 
389 390 392 
3 
389 390 391 
3 
394 395 396 
4 
393 395 396 741 
5 
393 394 396 741 744 
3 
393 394 395 
3 
398 399 400 
3 
397 399 400 
3 
397 398 400 
4 
350 397 398 399 
3 
402 403 404 
3 
401 403 404 
3 
401 402 404 
3 
401 402 403 
4 
385 406 407 408 
5 
385 386 405 407 408 
7 
385 386 387 388 405 406 408 
5 
385 388 405 406 407 
3 
410 411 412 
3 
409 411 412 
5 
409 410 412 689 690 
4 
409 410 411 689 
4 
414 415 416 971 
4 
413 415 416 876 
3 
413 414 416 
3 
413 414 415 
4 
418 419 420 537 
5 
417 419 420 537 538 
7 
417 418 420 537 538 539 540 
5 
417 418 419 537 540 
7 
422 423 424 857 858 859 860 
5 
421 423 424 858 859 
4 
421 422 424 859 
5 
421 422 423 859 860 
3 
426 427 428 
3 
425 427 428 
5 
37 38 425 426 428 
4 
37 425 426 427 
4 
430 431 432 442 
3 
429 431 432 
3 
429 430 432 
5 
429 430 431 442 443 
8 
343 434 435 436 781 782 783 784 
5 
433 435 436 782 783 
4 
433 434 436 783 
5 
433 434 435 783 784 
3 
438 439 440 
3 
437 439 440 
5 
173 174 437 438 440 
4 
173 437 438 439 
3 
442 443 444 
5 
429 432 441 443 444 
4 
432 441 442 444 
3 
441 442 443 
3 
446 447 448 
3 
445 447 448 
3 
445 446 448 
3 
445 446 447 
3 
450 451 452 
3 
449 451 452 
3 
449 450 452 
3 
449 450 451 
5 
25 26 454 455 456 
4 
26 453 455 456 
5 
26 27 453 454 456 
7 
25 26 27 28 453 454 455 
3 
458 459 460 
3 
457 459 460 
3 
457 458 460 
3 
457 458 459 
3 
462 463 464 
4 
461 463 464 856 
3 
461 462 464 
3 
461 462 463 
3 
466 467 468 
3 
465 467 468 
6 
465 466 468 581 582 813 
4 
465 466 467 581 
3 
470 471 472 
4 
469 471 472 564 
3 
469 470 472 
3 
469 470 471 
7 
21 22 23 24 474 475 476 
6 
22 23 169 473 475 476 
6 
23 169 172 473 474 476 
5 
23 24 473 474 475 
5 
39 40 478 479 480 
4 
39 477 479 480 
3 
477 478 480 
3 
477 478 479 
3 
482 483 484 
4 
76 481 483 484 
4 
294 481 482 484 
5 
293 294 481 482 483 
6 
486 487 488 734 735 955 
3 
485 487 488 
3 
485 486 488 
4 
485 486 487 735 
5 
245 246 490 491 492 
4 
246 489 491 492 
5 
246 247 489 490 492 
7 
245 246 247 248 489 490 491 
3 
494 495 496 
3 
493 495 496 
3 
493 494 496 
3 
493 494 495 
3 
498 499 500 
3 
497 499 500 
5 
497 498 500 793 794 
4 
497 498 499 793 
3 
502 503 504 
3 
501 503 504 
3 
501 502 504 
3 
501 502 503 
3 
506 507 508 
3 
505 507 508 
3 
505 506 508 
3 
505 506 507 
3 
510 511 512 
3 
509 511 512 
3 
509 510 512 
3 
509 510 511 
3 
514 515 516 
4 
513 515 516 764 
3 
513 514 516 
3 
513 514 515 
3 
518 519 520 
3 
517 519 520 
3 
517 518 520 
3 
517 518 519 
3 
522 523 524 
3 
521 523 524 
3 
521 522 524 
3 
521 522 523 
3 
526 527 528 
3 
525 527 528 
3 
525 526 528 
3 
525 526 527 
9 
141 142 143 144 530 531 532 615 616 
6 
142 143 529 531 532 615 
4 
143 529 530 532 
5 
143 144 529 530 531 
4 
283 534 535 536 
4 
52 533 535 536 
3 
533 534 536 
3 
533 534 535 
7 
417 418 419 420 538 539 540 
5 
418 419 537 539 540 
4 
419 537 538 540 
5 
419 420 537 538 539 
7 
542 543 544 641 644 801 802 
6 
541 543 544 642 643 802 
6 
541 542 544 643 802 803 
8 
541 542 543 644 801 802 803 804 
3 
546 547 548 
3 
545 547 548 
3 
545 546 548 
3 
545 546 547 
5 
357 358 550 551 552 
4 
358 549 551 552 
5 
358 359 549 550 552 
7 
357 358 359 360 549 550 551 
3 
554 555 556 
3 
553 555 556 
3 
553 554 556 
3 
553 554 555 
3 
558 559 560 
4 
557 559 560 736 
3 
557 558 560 
3 
557 558 559 
3 
562 563 564 
3 
561 563 564 
3 
561 562 564 
4 
470 561 562 563 
3 
566 567 568 
3 
565 567 568 
3 
565 566 568 
3 
565 566 567 
5 
139 570 571 572 675 
3 
569 571 572 
3 
569 570 572 
3 
569 570 571 
3 
574 575 576 
3 
573 575 576 
3 
573 574 576 
3 
573 574 575 
8 
129 578 579 580 837 838 839 840 
7 
129 130 577 579 580 838 839 
9 
78 129 130 131 132 577 578 580 839 
9 
77 78 129 132 577 578 579 839 840 
7 
467 468 582 583 584 813 816 
8 
467 581 583 584 813 814 815 816 
5 
581 582 584 815 816 
4 
581 582 583 816 
5 
586 587 588 975 976 
4 
585 587 588 975 
3 
585 586 588 
3 
585 586 587 
3 
590 591 592 
5 
201 204 589 591 592 
4 
204 589 590 592 
3 
589 590 591 
3 
594 595 596 
3 
593 595 596 
3 
593 594 596 
3 
593 594 595 
3 
598 599 600 
3 
597 599 600 
3 
597 598 600 
3 
597 598 599 
4 
226 602 603 604 
3 
601 603 604 
3 
601 602 604 
5 
226 227 601 602 603 
3 
606 607 608 
3 
605 607 608 
3 
605 606 608 
3 
605 606 607 
3 
610 611 612 
5 
237 240 609 611 612 
4 
240 609 610 612 
4 
609 610 611 746 
3 
614 615 616 
3 
613 615 616 
7 
141 142 529 530 613 614 616 
5 
141 529 613 614 615 
7 
618 619 620 957 958 959 960 
5 
617 619 620 958 959 
4 
617 618 620 959 
5 
617 618 619 959 960 
5 
622 623 624 805 808 
7 
621 623 624 805 806 807 808 
5 
621 622 624 807 808 
5 
621 622 623 790 808 
3 
626 627 628 
3 
625 627 628 
3 
625 626 628 
3 
625 626 627 
3 
630 631 632 
3 
629 631 632 
3 
629 630 632 
3 
629 630 631 
4 
634 635 636 754 
3 
633 635 636 
3 
633 634 636 
5 
633 634 635 754 755 
5 
31 32 638 639 640 
4 
31 637 639 640 
4 
637 638 640 745 
4 
82 637 638 639 
4 
541 642 643 644 
4 
542 641 643 644 
6 
542 543 641 642 644 802 
7 
541 544 641 642 643 801 802 
3 
646 647 648 
4 
280 645 647 648 
3 
645 646 648 
3 
645 646 647 
3 
650 651 652 
3 
649 651 652 
3 
649 650 652 
3 
649 650 651 
3 
654 655 656 
3 
653 655 656 
3 
653 654 656 
3 
653 654 655 
5 
153 154 658 659 660 
4 
154 657 659 660 
5 
154 155 657 658 660 
7 
153 154 155 156 657 658 659 
3 
662 663 664 
3 
661 663 664 
3 
661 662 664 
3 
661 662 663 
4 
666 667 668 671 
3 
665 667 668 
4 
665 666 668 981 
3 
665 666 667 
3 
670 671 672 
3 
669 671 672 
4 
665 669 670 672 
3 
669 670 671 
5 
137 140 674 675 676 
7 
137 138 139 140 673 675 676 
6 
139 140 569 673 674 676 
4 
140 673 674 675 
6 
297 300 678 679 680 758 
7 
297 298 299 300 677 679 680 
5 
299 300 677 678 680 
6 
300 677 678 679 758 759 
3 
682 683 684 
4 
368 681 683 684 
4 
206 681 682 684 
5 
205 206 681 682 683 
5 
97 98 686 687 688 
5 
98 685 687 688 828 
5 
98 99 685 686 688 
7 
97 98 99 100 685 686 687 
5 
411 412 690 691 692 
4 
411 689 691 692 
3 
689 690 692 
3 
689 690 691 
5 
89 92 694 695 696 
7 
89 90 91 92 693 695 696 
5 
91 92 693 694 696 
5 
92 693 694 695 890 
3 
698 699 700 
3 
697 699 700 
3 
697 698 700 
3 
697 698 699 
3 
702 703 704 
3 
701 703 704 
3 
701 702 704 
3 
701 702 703 
4 
75 706 707 708 
3 
705 707 708 
3 
705 706 708 
3 
705 706 707 
3 
710 711 712 
3 
709 711 712 
3 
709 710 712 
3 
709 710 711 
3 
714 715 716 
3 
713 715 716 
3 
713 714 716 
3 
713 714 715 
3 
718 719 720 
3 
717 719 720 
3 
717 718 720 
3 
717 718 719 
5 
49 50 722 723 724 
4 
50 721 723 724 
5 
50 51 721 722 724 
7 
49 50 51 52 721 722 723 
3 
726 727 728 
3 
725 727 728 
3 
725 726 728 
3 
725 726 727 
3 
730 731 732 
3 
729 731 732 
3 
729 730 732 
3 
729 730 731 
5 
734 735 736 955 956 
5 
485 733 735 736 955 
5 
485 488 733 734 736 
4 
558 733 734 735 
3 
738 739 740 
3 
737 739 740 
3 
737 738 740 
3 
737 738 739 
5 
394 395 742 743 744 
3 
741 743 744 
3 
741 742 744 
4 
395 741 742 743 
5 
353 639 746 747 748 
6 
353 354 612 745 747 748 
8 
353 354 355 356 745 746 748 989 
5 
353 356 745 746 747 
4 
88 750 751 752 
5 
87 88 749 751 752 
3 
749 750 752 
3 
749 750 751 
3 
754 755 756 
5 
633 636 753 755 756 
4 
636 753 754 756 
3 
753 754 755 
3 
758 759 760 
5 
677 680 757 759 760 
5 
18 680 757 758 760 
5 
17 18 757 758 759 
3 
762 763 764 
3 
761 763 764 
3 
761 762 764 
4 
514 761 762 763 
4 
161 766 767 768 
5 
161 162 765 767 768 
5 
163 164 765 766 768 
4 
164 765 766 767 
3 
770 771 772 
3 
769 771 772 
3 
769 770 772 
3 
769 770 771 
3 
774 775 776 
3 
773 775 776 
3 
773 774 776 
3 
773 774 775 
6 
355 778 779 780 991 992 
5 
301 777 779 780 991 
5 
301 304 777 778 780 
3 
777 778 779 
5 
343 433 782 783 784 
5 
433 434 781 783 784 
7 
433 434 435 436 781 782 784 
5 
433 436 781 782 783 
3 
786 787 788 
3 
785 787 788 
3 
785 786 788 
3 
785 786 787 
3 
790 791 792 
4 
624 789 791 792 
3 
789 790 792 
3 
789 790 791 
5 
499 500 794 795 796 
4 
499 793 795 796 
3 
793 794 796 
3 
793 794 795 
3 
798 799 800 
3 
797 799 800 
3 
797 798 800 
3 
797 798 799 
6 
541 544 644 802 803 804 
9 
541 542 543 544 643 644 801 803 804 
6 
543 544 801 802 804 941 
4 
544 801 802 803 
5 
621 622 806 807 808 
4 
622 805 807 808 
5 
622 623 805 806 808 
7 
621 622 623 624 805 806 807 
5 
86 212 810 811 812 
5 
211 212 809 811 812 
3 
809 810 812 
5 
86 87 809 810 811 
6 
467 581 582 814 815 816 
5 
582 813 815 816 912 
5 
582 583 813 814 816 
7 
581 582 583 584 813 814 815 
3 
818 819 820 
3 
817 819 820 
3 
817 818 820 
3 
817 818 819 
5 
109 110 822 823 824 
4 
110 821 823 824 
6 
110 111 821 822 824 866 
10 
70 109 110 111 112 821 822 823 865 866 
3 
826 827 828 
3 
825 827 828 
3 
825 826 828 
4 
686 825 826 827 
4 
830 831 832 951 
3 
829 831 832 
3 
829 830 832 
3 
829 830 831 
4 
834 835 836 938 
5 
145 148 833 835 836 
4 
148 833 834 836 
5 
833 834 835 938 939 
4 
577 838 839 840 
6 
129 577 578 837 839 840 
10 
78 129 132 577 578 579 580 837 838 840 
7 
77 78 577 580 837 838 839 
3 
842 843 844 
3 
841 843 844 
3 
841 842 844 
3 
841 842 843 
3 
846 847 848 
5 
361 364 845 847 848 
4 
364 845 846 848 
3 
845 846 847 
3 
850 851 852 
3 
849 851 852 
3 
849 850 852 
3 
849 850 851 
3 
854 855 856 
3 
853 855 856 
3 
853 854 856 
4 
462 853 854 855 
4 
421 858 859 860 
5 
421 422 857 859 860 
7 
421 422 423 424 857 858 860 
5 
421 424 857 858 859 
3 
862 863 864 
3 
861 863 864 
3 
861 862 864 
3 
861 862 863 
9 
70 109 110 111 112 824 866 867 868 
7 
110 111 823 824 865 867 868 
4 
111 865 866 868 
7 
70 71 111 112 865 866 867 
3 
870 871 872 
5 
61 64 869 871 872 
4 
64 869 870 872 
3 
869 870 871 
7 
378 379 874 875 876 877 880 
7 
873 875 876 877 878 879 880 
5 
873 874 876 879 880 
6 
379 414 873 874 875 880 
6 
378 873 874 878 879 880 
4 
874 877 879 880 
5 
874 875 877 878 880 
9 
378 379 873 874 875 876 877 878 879 
3 
882 883 884 
4 
16 881 883 884 
3 
881 882 884 
3 
881 882 883 
5 
58 59 886 887 888 
3 
885 887 888 
3 
885 886 888 
4 
59 885 886 887 
3 
890 891 892 
4 
696 889 891 892 
3 
889 890 892 
3 
889 890 891 
3 
894 895 896 
4 
160 893 895 896 
3 
893 894 896 
3 
893 894 895 
5 
133 136 898 899 900 
7 
133 134 135 136 897 899 900 
5 
135 136 897 898 900 
4 
136 897 898 899 
3 
902 903 904 
3 
901 903 904 
3 
901 902 904 
3 
901 902 903 
3 
906 907 908 
3 
905 907 908 
3 
905 906 908 
3 
905 906 907 
3 
910 911 912 
3 
909 911 912 
3 
909 910 912 
4 
814 909 910 911 
3 
914 915 916 
3 
913 915 916 
3 
913 914 916 
3 
913 914 915 
3 
918 919 920 
3 
917 919 920 
3 
917 918 920 
4 
170 917 918 919 
3 
922 923 924 
3 
921 923 924 
3 
921 922 924 
3 
921 922 923 
3 
926 927 928 
3 
925 927 928 
3 
925 926 928 
3 
925 926 927 
3 
930 931 932 
3 
929 931 932 
3 
929 930 932 
3 
929 930 931 
3 
934 935 936 
3 
933 935 936 
3 
933 934 936 
3 
933 934 935 
3 
938 939 940 
5 
833 836 937 939 940 
4 
836 937 938 940 
3 
937 938 939 
4 
803 942 943 944 
3 
941 943 944 
4 
305 941 942 944 
3 
941 942 943 
3 
946 947 948 
3 
945 947 948 
4 
373 945 946 948 
3 
945 946 947 
3 
950 951 952 
3 
949 951 952 
4 
829 949 950 952 
3 
949 950 951 
3 
954 955 956 
3 
953 955 956 
6 
485 733 734 953 954 956 
4 
733 953 954 955 
4 
617 958 959 960 
5 
617 618 957 959 960 
7 
617 618 619 620 957 958 960 
5 
617 620 957 958 959 
4 
176 962 963 964 
5 
175 176 961 963 964 
3 
961 962 964 
3 
961 962 963 
3 
966 967 968 
3 
965 967 968 
3 
965 966 968 
3 
965 966 967 
3 
970 971 972 
4 
380 969 971 972 
4 
413 969 970 972 
3 
969 970 971 
3 
974 975 976 
3 
973 975 976 
5 
585 586 973 974 976 
4 
585 973 974 975 
7 
229 230 231 232 978 979 980 
5 
230 231 977 979 980 
4 
231 977 978 980 
5 
231 232 977 978 979 
4 
667 982 983 984 
3 
981 983 984 
3 
981 982 984 
3 
981 982 983 
5 
171 172 986 987 988 
4 
171 985 987 988 
3 
985 986 988 
3 
985 986 987 
8 
353 354 355 356 747 990 991 992 
5 
354 355 989 991 992 
7 
301 355 777 778 989 990 992 
6 
355 356 777 989 990 991 
3 
994 995 996 
5 
125 208 993 995 996 
5 
125 128 993 994 996 
3 
993 994 995 
3 
998 999 1000 
3 
997 999 1000 
3 
997 998 1000 
3 
997 998 999 