
250 
4 
3 
2 3 4 
3 
1 3 4 
3 
1 2 4 
3 
1 2 3 
4 
6 7 8 125 
5 
5 7 8 125 126 
6 
5 6 8 127 128 914 
7 
5 6 7 128 554 913 914 
5 
10 11 12 965 968 
7 
9 11 12 965 966 967 968 
6 
9 10 12 534 967 968 
6 
9 10 11 533 534 968 
3 
14 15 16 
4 
13 15 16 728 
3 
13 14 16 
3 
13 14 15 
3 
18 19 20 
3 
17 19 20 
3 
17 18 20 
3 
17 18 19 
3 
22 23 24 
5 
21 23 24 513 516 
5 
21 22 24 66 516 
5 
21 22 23 65 66 
7 
26 27 28 215 216 955 956 
5 
25 27 28 215 955 
3 
25 26 28 
3 
25 26 27 
3 
30 31 32 
3 
29 31 32 
3 
29 30 32 
3 
29 30 31 
4 
34 35 36 670 
3 
33 35 36 
3 
33 34 36 
4 
33 34 35 671 
4 
38 39 40 975 
3 
37 39 40 
3 
37 38 40 
3 
37 38 39 
5 
42 43 44 241 244 
7 
41 43 44 241 242 243 244 
5 
41 42 44 243 244 
4 
41 42 43 244 
4 
46 47 48 905 
5 
45 47 48 905 906 
7 
45 46 48 905 906 907 908 
5 
45 46 47 905 908 
8 
50 51 52 237 238 239 240 525 
7 
49 51 52 238 239 525 526 
8 
49 50 52 239 525 526 527 528 
7 
49 50 51 239 240 525 528 
3 
54 55 56 
3 
53 55 56 
5 
53 54 56 877 878 
4 
53 54 55 877 
3 
58 59 60 
3 
57 59 60 
3 
57 58 60 
3 
57 58 59 
6 
62 63 64 548 731 732 
6 
61 63 64 547 548 731 
3 
61 62 64 
3 
61 62 63 
4 
24 66 67 68 
6 
23 24 65 67 68 516 
3 
65 66 68 
3 
65 66 67 
3 
70 71 72 
4 
69 71 72 180 
4 
69 70 72 461 
3 
69 70 71 
4 
74 75 76 253 
5 
73 75 76 253 254 
7 
73 74 76 253 254 255 256 
5 
73 74 75 253 256 
3 
78 79 80 
3 
77 79 80 
3 
77 78 80 
3 
77 78 79 
5 
82 83 84 909 910 
5 
81 83 84 233 910 
7 
81 82 84 236 709 910 911 
7 
81 82 83 909 910 911 912 
5 
86 87 88 267 268 
4 
85 87 88 267 
3 
85 86 88 
3 
85 86 87 
4 
90 91 92 906 
3 
89 91 92 
3 
89 90 92 
5 
89 90 91 906 907 
5 
94 95 96 542 543 
4 
93 95 96 740 
3 
93 94 96 
4 
93 94 95 543 
4 
98 99 100 298 
4 
97 99 100 625 
5 
97 98 100 625 628 
5 
97 98 99 298 299 
7 
102 103 104 689 692 702 703 
7 
101 103 104 689 690 691 692 
5 
101 102 104 691 692 
5 
101 102 103 692 703 
3 
106 107 108 
3 
105 107 108 
4 
105 106 108 333 
3 
105 106 107 
5 
110 111 112 158 159 
4 
109 111 112 940 
3 
109 110 112 
4 
109 110 111 159 
8 
114 115 116 272 605 606 607 608 
7 
113 115 116 271 272 606 607 
6 
113 114 116 607 665 666 
6 
113 114 115 607 608 665 
3 
118 119 120 
3 
117 119 120 
7 
117 118 120 313 314 845 846 
5 
117 118 119 313 845 
3 
122 123 124 
4 
121 123 124 893 
4 
121 122 124 896 
3 
121 122 123 
5 
5 6 126 127 128 
4 
6 125 127 128 
4 
7 125 126 128 
6 
7 8 125 126 127 914 
4 
130 131 132 643 
3 
129 131 132 
3 
129 130 132 
3 
129 130 131 
3 
134 135 136 
3 
133 135 136 
5 
133 134 136 661 662 
4 
133 134 135 661 
3 
138 139 140 
3 
137 139 140 
3 
137 138 140 
3 
137 138 139 
5 
142 143 144 657 660 
9 
141 143 144 149 152 657 658 659 660 
6 
141 142 144 152 659 660 
5 
141 142 143 270 660 
5 
146 147 148 450 451 
3 
145 147 148 
3 
145 146 148 
4 
145 146 147 451 
5 
142 150 151 152 658 
5 
149 151 152 448 656 
3 
149 150 152 
6 
142 143 149 150 151 659 
3 
154 155 156 
3 
153 155 156 
3 
153 154 156 
3 
153 154 155 
3 
158 159 160 
4 
109 157 159 160 
5 
109 112 157 158 160 
3 
157 158 159 
5 
162 163 164 889 890 
5 
161 163 164 477 890 
7 
161 162 164 477 480 890 891 
8 
161 162 163 378 889 890 891 892 
3 
166 167 168 
3 
165 167 168 
4 
165 166 168 858 
6 
165 166 167 210 857 858 
3 
170 171 172 
3 
169 171 172 
4 
169 170 172 674 
5 
169 170 171 673 674 
3 
174 175 176 
3 
173 175 176 
3 
173 174 176 
3 
173 174 175 
3 
178 179 180 
3 
177 179 180 
3 
177 178 180 
4 
70 177 178 179 
3 
182 183 184 
3 
181 183 184 
3 
181 182 184 
3 
181 182 183 
3 
186 187 188 
3 
185 187 188 
3 
185 186 188 
3 
185 186 187 
3 
190 191 192 
4 
189 191 192 472 
3 
189 190 192 
3 
189 190 191 
5 
194 195 196 395 396 
4 
193 195 196 395 
4 
193 194 196 501 
3 
193 194 195 
5 
198 199 200 309 310 
4 
197 199 200 310 
5 
197 198 200 310 311 
7 
197 198 199 309 310 311 312 
4 
202 203 204 865 
5 
201 203 204 865 866 
7 
201 202 204 865 866 867 868 
5 
201 202 203 865 868 
3 
206 207 208 
3 
205 207 208 
3 
205 206 208 
3 
205 206 207 
6 
210 211 212 434 797 857 
8 
168 209 211 212 797 798 857 858 
12 
209 210 212 290 797 798 799 800 857 858 859 860 
11 
209 210 211 289 290 434 435 797 800 857 860 
5 
214 215 216 953 956 
7 
213 215 216 953 954 955 956 
7 
25 26 213 214 216 955 956 
5 
25 213 214 215 956 
5 
218 219 220 615 616 
4 
217 219 220 615 
3 
217 218 220 
3 
217 218 219 
8 
222 223 224 465 625 626 627 628 
9 
221 223 224 465 466 561 564 626 627 
9 
221 222 224 465 466 467 468 564 627 
7 
221 222 223 465 468 627 628 
5 
226 227 228 553 556 
9 
225 227 228 553 554 555 556 913 916 
6 
225 226 228 555 556 916 
5 
225 226 227 556 686 
4 
230 231 232 921 
5 
229 231 232 921 922 
7 
229 230 232 921 922 923 924 
5 
229 230 231 921 924 
5 
82 234 235 236 910 
3 
233 235 236 
5 
233 234 236 709 710 
7 
83 233 234 235 709 910 911 
4 
49 238 239 240 
5 
49 50 237 239 240 
9 
49 50 51 52 237 238 240 525 526 
6 
49 52 237 238 239 525 
5 
41 42 242 243 244 
4 
42 241 243 244 
5 
42 43 241 242 244 
7 
41 42 43 44 241 242 243 
3 
246 247 248 
3 
245 247 248 
3 
245 246 248 
3 
245 246 247 
5 
250 251 252 633 634 
4 
249 251 252 634 
5 
249 250 252 634 635 
8 
249 250 251 598 633 634 635 636 
7 
73 74 75 76 254 255 256 
5 
74 75 253 255 256 
4 
75 253 254 256 
5 
75 76 253 254 255 
3 
258 259 260 
3 
257 259 260 
3 
257 258 260 
3 
257 258 259 
3 
262 263 264 
3 
261 263 264 
3 
261 262 264 
3 
261 262 263 
3 
266 267 268 
3 
265 267 268 
5 
85 86 265 266 268 
4 
85 265 266 267 
4 
270 271 272 875 
5 
144 269 271 272 660 
5 
114 269 270 272 606 
7 
113 114 269 270 271 605 606 
3 
274 275 276 
3 
273 275 276 
3 
273 274 276 
3 
273 274 275 
5 
278 279 280 478 479 
3 
277 279 280 
3 
277 278 280 
5 
277 278 279 479 870 
3 
282 283 284 
3 
281 283 284 
5 
281 282 284 957 958 
4 
281 282 283 957 
5 
286 287 288 570 571 
3 
285 287 288 
3 
285 286 288 
4 
285 286 287 571 
8 
212 290 291 292 435 436 797 800 
11 
211 212 289 291 292 435 797 798 799 800 860 
8 
289 290 292 342 425 426 799 800 
7 
289 290 291 341 342 425 800 
3 
294 295 296 
3 
293 295 296 
3 
293 294 296 
3 
293 294 295 
3 
298 299 300 
5 
97 100 297 299 300 
4 
100 297 298 300 
3 
297 298 299 
3 
302 303 304 
3 
301 303 304 
3 
301 302 304 
3 
301 302 303 
3 
306 307 308 
3 
305 307 308 
3 
305 306 308 
3 
305 306 307 
5 
197 200 310 311 312 
7 
197 198 199 200 309 311 312 
5 
199 200 309 310 312 
5 
200 309 310 311 894 
9 
119 120 314 315 316 845 846 847 848 
6 
119 313 315 316 846 847 
4 
313 314 316 847 
5 
313 314 315 847 848 
3 
318 319 320 
3 
317 319 320 
3 
317 318 320 
3 
317 318 319 
4 
322 323 324 855 
3 
321 323 324 
3 
321 322 324 
3 
321 322 323 
3 
326 327 328 
4 
325 327 328 668 
3 
325 326 328 
3 
325 326 327 
4 
330 331 332 677 
5 
329 331 332 677 678 
7 
329 330 332 677 678 679 680 
5 
329 330 331 677 680 
4 
107 334 335 336 
4 
333 335 336 508 
3 
333 334 336 
3 
333 334 335 
3 
338 339 340 
3 
337 339 340 
3 
337 338 340 
3 
337 338 339 
4 
292 342 343 344 
7 
291 292 341 343 344 425 428 
4 
341 342 344 428 
3 
341 342 343 
3 
346 347 348 
4 
345 347 348 789 
4 
345 346 348 792 
3 
345 346 347 
3 
350 351 352 
3 
349 351 352 
4 
349 350 352 498 
5 
349 350 351 497 498 
7 
354 355 356 361 362 363 364 
5 
353 355 356 362 363 
4 
353 354 356 363 
5 
353 354 355 363 364 
5 
358 359 360 566 567 
4 
357 359 360 909 
5 
357 358 360 909 912 
4 
357 358 359 567 
4 
353 362 363 364 
5 
353 354 361 363 364 
7 
353 354 355 356 361 362 364 
5 
353 356 361 362 363 
3 
366 367 368 
3 
365 367 368 
3 
365 366 368 
3 
365 366 367 
3 
370 371 372 
3 
369 371 372 
3 
369 370 372 
3 
369 370 371 
3 
374 375 376 
3 
373 375 376 
3 
373 374 376 
4 
373 374 375 994 
3 
378 379 380 
5 
164 377 379 380 892 
4 
377 378 380 581 
3 
377 378 379 
4 
382 383 384 652 
5 
381 383 384 651 652 
3 
381 382 384 
3 
381 382 383 
3 
386 387 388 
3 
385 387 388 
3 
385 386 388 
3 
385 386 387 
3 
390 391 392 
3 
389 391 392 
4 
389 390 392 825 
3 
389 390 391 
3 
394 395 396 
3 
393 395 396 
5 
193 194 393 394 396 
4 
193 393 394 395 
3 
398 399 400 
3 
397 399 400 
3 
397 398 400 
3 
397 398 399 
3 
402 403 404 
3 
401 403 404 
3 
401 402 404 
3 
401 402 403 
3 
406 407 408 
3 
405 407 408 
3 
405 406 408 
3 
405 406 407 
3 
410 411 412 
3 
409 411 412 
3 
409 410 412 
3 
409 410 411 
3 
414 415 416 
3 
413 415 416 
3 
413 414 416 
3 
413 414 415 
5 
418 419 420 641 644 
7 
417 419 420 641 642 643 644 
5 
417 418 420 643 644 
4 
417 418 419 644 
5 
422 423 424 602 603 
3 
421 423 424 
3 
421 422 424 
4 
421 422 423 603 
6 
291 292 342 426 427 428 
4 
291 425 427 428 
3 
425 426 428 
5 
342 343 425 426 427 
3 
430 431 432 
3 
429 431 432 
3 
429 430 432 
3 
429 430 431 
3 
434 435 436 
8 
209 212 433 435 436 797 857 860 
9 
212 289 290 433 434 436 797 800 860 
4 
289 433 434 435 
3 
438 439 440 
3 
437 439 440 
3 
437 438 440 
3 
437 438 439 
3 
442 443 444 
3 
441 443 444 
3 
441 442 444 
3 
441 442 443 
5 
446 447 448 653 654 
5 
445 447 448 572 654 
6 
445 446 448 654 655 681 
8 
150 445 446 447 653 654 655 656 
3 
450 451 452 
4 
145 449 451 452 
5 
145 148 449 450 452 
3 
449 450 451 
3 
454 455 456 
3 
453 455 456 
3 
453 454 456 
3 
453 454 455 
3 
458 459 460 
3 
457 459 460 
3 
457 458 460 
3 
457 458 459 
4 
71 462 463 464 
3 
461 463 464 
3 
461 462 464 
3 
461 462 463 
10 
221 222 223 224 466 467 468 564 626 627 
8 
222 223 465 467 468 563 564 984 
4 
223 465 466 468 
6 
223 224 465 466 467 627 
4 
470 471 472 624 
5 
469 471 472 623 624 
3 
469 470 472 
4 
190 469 470 471 
3 
474 475 476 
3 
473 475 476 
4 
473 474 476 537 
3 
473 474 475 
7 
162 163 478 479 480 890 891 
4 
277 477 479 480 
5 
277 280 477 478 480 
5 
163 477 478 479 891 
5 
482 483 484 669 672 
7 
481 483 484 669 670 671 672 
5 
481 482 484 671 672 
4 
481 482 483 672 
3 
486 487 488 
3 
485 487 488 
3 
485 486 488 
3 
485 486 487 
4 
490 491 492 544 
5 
489 491 492 543 544 
3 
489 490 492 
3 
489 490 491 
3 
494 495 496 
3 
493 495 496 
3 
493 494 496 
3 
493 494 495 
4 
352 498 499 500 
5 
351 352 497 499 500 
3 
497 498 500 
3 
497 498 499 
4 
195 502 503 504 
3 
501 503 504 
3 
501 502 504 
3 
501 502 503 
3 
506 507 508 
3 
505 507 508 
3 
505 506 508 
4 
334 505 506 507 
3 
510 511 512 
5 
509 511 512 757 760 
4 
509 510 512 760 
3 
509 510 511 
4 
22 514 515 516 
3 
513 515 516 
3 
513 514 516 
6 
22 23 66 513 514 515 
3 
518 519 520 
3 
517 519 520 
3 
517 518 520 
3 
517 518 519 
3 
522 523 524 
4 
521 523 524 741 
5 
521 522 524 741 744 
3 
521 522 523 
9 
49 50 51 52 239 240 526 527 528 
6 
50 51 239 525 527 528 
4 
51 525 526 528 
5 
51 52 525 526 527 
5 
530 531 532 678 679 
3 
529 531 532 
3 
529 530 532 
4 
529 530 531 679 
4 
12 534 535 536 
5 
11 12 533 535 536 
4 
533 534 536 601 
3 
533 534 535 
4 
475 538 539 540 
3 
537 539 540 
3 
537 538 540 
3 
537 538 539 
3 
542 543 544 
4 
93 541 543 544 
6 
93 96 490 541 542 544 
5 
489 490 541 542 543 
5 
546 547 548 729 730 
4 
545 547 548 730 
6 
62 545 546 548 730 731 
9 
61 62 545 546 547 729 730 731 732 
3 
550 551 552 
3 
549 551 552 
3 
549 550 552 
3 
549 550 551 
5 
225 226 554 555 556 
6 
8 226 553 555 556 913 
7 
226 227 553 554 556 913 916 
7 
225 226 227 228 553 554 555 
4 
558 559 560 682 
3 
557 559 560 
3 
557 558 560 
5 
557 558 559 682 683 
6 
222 562 563 564 626 981 
5 
561 563 564 981 982 
6 
466 561 562 564 983 984 
10 
222 223 465 466 561 562 563 626 627 984 
3 
566 567 568 
4 
357 565 567 568 
5 
357 360 565 566 568 
3 
565 566 567 
3 
570 571 572 
4 
285 569 571 572 
5 
285 288 569 570 572 
5 
446 569 570 571 654 
3 
574 575 576 
3 
573 575 576 
3 
573 574 576 
3 
573 574 575 
3 
578 579 580 
3 
577 579 580 
3 
577 578 580 
3 
577 578 579 
6 
379 582 583 584 869 872 
7 
581 583 584 869 870 871 872 
5 
581 582 584 871 872 
4 
581 582 583 872 
3 
586 587 588 
3 
585 587 588 
3 
585 586 588 
3 
585 586 587 
3 
590 591 592 
3 
589 591 592 
4 
589 590 592 929 
3 
589 590 591 
6 
594 595 596 769 772 900 
10 
593 595 596 769 770 771 772 836 899 900 
5 
593 594 596 771 772 
4 
593 594 595 772 
3 
598 599 600 
5 
252 597 599 600 636 
3 
597 598 600 
3 
597 598 599 
4 
535 602 603 604 
4 
421 601 603 604 
5 
421 424 601 602 604 
4 
601 602 603 694 
5 
113 272 606 607 608 
7 
113 114 271 272 605 607 608 
8 
113 114 115 116 605 606 608 665 
5 
113 116 605 606 607 
3 
610 611 612 
3 
609 611 612 
3 
609 610 612 
3 
609 610 611 
3 
614 615 616 
3 
613 615 616 
5 
217 218 613 614 616 
4 
217 613 614 615 
3 
618 619 620 
3 
617 619 620 
3 
617 618 620 
3 
617 618 619 
3 
622 623 624 
3 
621 623 624 
4 
470 621 622 624 
5 
469 470 621 622 623 
6 
98 99 221 626 627 628 
8 
221 222 465 561 564 625 627 628 
10 
221 222 223 224 465 468 564 625 626 628 
6 
99 221 224 625 626 627 
3 
630 631 632 
3 
629 631 632 
3 
629 630 632 
3 
629 630 631 
5 
249 252 634 635 636 
7 
249 250 251 252 633 635 636 
5 
251 252 633 634 636 
5 
252 598 633 634 635 
3 
638 639 640 
3 
637 639 640 
4 
637 638 640 934 
5 
637 638 639 933 934 
5 
417 418 642 643 644 
4 
418 641 643 644 
6 
129 418 419 641 642 644 
7 
417 418 419 420 641 642 643 
8 
646 647 648 717 720 813 977 980 
13 
645 647 648 717 718 719 720 813 814 977 978 979 980 
11 
645 646 648 719 720 813 814 815 816 979 980 
7 
645 646 647 720 813 816 980 
3 
650 651 652 
3 
649 651 652 
4 
382 649 650 652 
5 
381 382 649 650 651 
5 
445 448 654 655 656 
8 
445 446 447 448 572 653 655 656 
6 
447 448 653 654 656 681 
5 
150 448 653 654 655 
5 
141 142 658 659 660 
5 
142 149 657 659 660 
6 
142 143 152 657 658 660 
8 
141 142 143 144 270 657 658 659 
5 
135 136 662 663 664 
4 
135 661 663 664 
4 
661 662 664 721 
3 
661 662 663 
6 
115 116 607 666 667 668 
4 
115 665 667 668 
3 
665 666 668 
4 
326 665 666 667 
5 
481 482 670 671 672 
5 
33 482 669 671 672 
6 
36 482 483 669 670 672 
7 
481 482 483 484 669 670 671 
4 
172 674 675 676 
5 
171 172 673 675 676 
3 
673 674 676 
3 
673 674 675 
7 
329 330 331 332 678 679 680 
6 
330 331 529 677 679 680 
6 
331 529 532 677 678 680 
5 
331 332 677 678 679 
5 
447 655 682 683 684 
5 
557 560 681 683 684 
4 
560 681 682 684 
3 
681 682 683 
3 
686 687 688 
4 
228 685 687 688 
3 
685 686 688 
3 
685 686 687 
7 
101 102 690 691 692 702 703 
4 
102 689 691 692 
5 
102 103 689 690 692 
8 
101 102 103 104 689 690 691 703 
3 
694 695 696 
4 
604 693 695 696 
5 
693 694 696 941 942 
4 
693 694 695 941 
4 
698 699 700 746 
3 
697 699 700 
4 
697 698 700 793 
5 
697 698 699 746 747 
3 
702 703 704 
5 
101 689 701 703 704 
7 
101 104 689 692 701 702 704 
3 
701 702 703 
3 
706 707 708 
3 
705 707 708 
3 
705 706 708 
3 
705 706 707 
6 
83 235 236 710 711 712 
4 
235 709 711 712 
3 
709 710 712 
3 
709 710 711 
3 
714 715 716 
3 
713 715 716 
3 
713 714 716 
3 
713 714 715 
11 
645 646 718 719 720 813 814 977 978 979 980 
9 
646 717 719 720 814 978 979 989 992 
9 
646 647 717 718 720 814 815 979 992 
13 
645 646 647 648 717 718 719 813 814 815 816 979 980 
4 
663 722 723 724 
3 
721 723 724 
3 
721 722 724 
3 
721 722 723 
3 
726 727 728 
3 
725 727 728 
3 
725 726 728 
4 
14 725 726 727 
5 
545 548 730 731 732 
7 
545 546 547 548 729 731 732 
7 
61 62 547 548 729 730 732 
5 
61 548 729 730 731 
3 
734 735 736 
3 
733 735 736 
3 
733 734 736 
3 
733 734 735 
3 
738 739 740 
3 
737 739 740 
3 
737 738 740 
4 
94 737 738 739 
5 
522 523 742 743 744 
4 
741 743 744 756 
3 
741 742 744 
4 
523 741 742 743 
3 
746 747 748 
5 
697 700 745 747 748 
4 
700 745 746 748 
3 
745 746 747 
3 
750 751 752 
3 
749 751 752 
3 
749 750 752 
3 
749 750 751 
3 
754 755 756 
3 
753 755 756 
3 
753 754 756 
4 
742 753 754 755 
4 
510 758 759 760 
3 
757 759 760 
3 
757 758 760 
5 
510 511 757 758 759 
4 
762 763 764 998 
3 
761 763 764 
3 
761 762 764 
5 
761 762 763 998 999 
3 
766 767 768 
3 
765 767 768 
3 
765 766 768 
3 
765 766 767 
6 
593 594 770 771 772 900 
7 
594 769 771 772 836 899 900 
5 
594 595 769 770 772 
7 
593 594 595 596 769 770 771 
3 
774 775 776 
3 
773 775 776 
3 
773 774 776 
3 
773 774 775 
3 
778 779 780 
3 
777 779 780 
3 
777 778 780 
3 
777 778 779 
3 
782 783 784 
3 
781 783 784 
3 
781 782 784 
3 
781 782 783 
3 
786 787 788 
3 
785 787 788 
3 
785 786 788 
3 
785 786 787 
4 
346 790 791 792 
3 
789 791 792 
3 
789 790 792 
4 
347 789 790 791 
4 
699 794 795 796 
3 
793 795 796 
3 
793 794 796 
3 
793 794 795 
13 
209 210 211 212 289 290 434 435 798 799 800 857 860 
10 
210 211 290 797 799 800 857 858 859 860 
8 
211 290 291 797 798 800 859 860 
11 
211 212 289 290 291 292 435 797 798 799 860 
3 
802 803 804 
3 
801 803 804 
3 
801 802 804 
3 
801 802 803 
3 
806 807 808 
3 
805 807 808 
3 
805 806 808 
3 
805 806 807 
3 
810 811 812 
3 
809 811 812 
3 
809 810 812 
3 
809 810 811 
10 
645 646 647 648 717 720 814 815 816 980 
11 
646 647 717 718 719 720 813 815 816 979 980 
6 
647 719 720 813 814 816 
6 
647 648 720 813 814 815 
3 
818 819 820 
3 
817 819 820 
3 
817 818 820 
3 
817 818 819 
5 
822 823 824 963 964 
6 
821 823 824 917 963 988 
5 
821 822 824 917 920 
3 
821 822 823 
4 
391 826 827 828 
3 
825 827 828 
3 
825 826 828 
3 
825 826 827 
3 
830 831 832 
3 
829 831 832 
3 
829 830 832 
3 
829 830 831 
7 
834 835 836 897 898 899 900 
5 
833 835 836 898 899 
4 
833 834 836 899 
7 
594 770 833 834 835 899 900 
3 
838 839 840 
3 
837 839 840 
3 
837 838 840 
3 
837 838 839 
3 
842 843 844 
3 
841 843 844 
3 
841 842 844 
3 
841 842 843 
6 
119 120 313 846 847 848 
6 
119 313 314 845 847 848 
7 
313 314 315 316 845 846 848 
5 
313 316 845 846 847 
3 
850 851 852 
3 
849 851 852 
3 
849 850 852 
3 
849 850 851 
4 
854 855 856 954 
3 
853 855 856 
4 
321 853 854 856 
5 
853 854 855 954 955 
11 
168 209 210 211 212 434 797 798 858 859 860 
8 
167 168 210 211 798 857 859 860 
6 
211 798 799 857 858 860 
12 
211 212 290 434 435 797 798 799 800 857 858 859 
3 
862 863 864 
3 
861 863 864 
3 
861 862 864 
3 
861 862 863 
7 
201 202 203 204 866 867 868 
5 
202 203 865 867 868 
4 
203 865 866 868 
5 
203 204 865 866 867 
5 
581 582 870 871 872 
5 
280 582 869 871 872 
5 
582 583 869 870 872 
7 
581 582 583 584 869 870 871 
3 
874 875 876 
3 
873 875 876 
4 
269 873 874 876 
3 
873 874 875 
5 
55 56 878 879 880 
4 
55 877 879 880 
3 
877 878 880 
3 
877 878 879 
3 
882 883 884 
3 
881 883 884 
3 
881 882 884 
3 
881 882 883 
3 
886 887 888 
5 
885 887 888 969 972 
4 
885 886 888 972 
3 
885 886 887 
5 
161 164 890 891 892 
8 
161 162 163 164 477 889 891 892 
7 
163 164 477 480 889 890 892 
5 
164 378 889 890 891 
4 
122 894 895 896 
4 
312 893 895 896 
3 
893 894 896 
4 
123 893 894 895 
4 
833 898 899 900 
5 
833 834 897 899 900 
9 
594 770 833 834 835 836 897 898 900 
9 
593 594 769 770 833 836 897 898 899 
5 
902 903 904 919 920 
4 
901 903 904 919 
3 
901 902 904 
3 
901 902 903 
7 
45 46 47 48 906 907 908 
7 
46 47 89 92 905 907 908 
5 
47 92 905 906 908 
5 
47 48 905 906 907 
7 
81 84 358 359 910 911 912 
9 
81 82 83 84 233 236 909 911 912 
6 
83 84 236 909 910 912 
5 
84 359 909 910 911 
7 
8 226 554 555 914 915 916 
6 
7 8 128 913 915 916 
3 
913 914 916 
6 
226 227 555 913 914 915 
7 
822 823 918 919 920 987 988 
4 
917 919 920 987 
5 
901 902 917 918 920 
5 
823 901 917 918 919 
7 
229 230 231 232 922 923 924 
5 
230 231 921 923 924 
4 
231 921 922 924 
5 
231 232 921 922 923 
3 
926 927 928 
3 
925 927 928 
3 
925 926 928 
3 
925 926 927 
4 
591 930 931 932 
3 
929 931 932 
3 
929 930 932 
3 
929 930 931 
4 
640 934 935 936 
5 
639 640 933 935 936 
3 
933 934 936 
3 
933 934 935 
3 
938 939 940 
3 
937 939 940 
3 
937 938 940 
4 
110 937 938 939 
5 
695 696 942 943 944 
4 
695 941 943 944 
3 
941 942 944 
3 
941 942 943 
3 
946 947 948 
3 
945 947 948 
3 
945 946 948 
3 
945 946 947 
3 
950 951 952 
3 
949 951 952 
3 
949 950 952 
3 
949 950 951 
5 
213 214 954 955 956 
6 
214 853 856 953 955 956 
8 
25 26 214 215 856 953 954 956 
8 
25 213 214 215 216 953 954 955 
5 
283 284 958 959 960 
4 
283 957 959 960 
3 
957 958 960 
3 
957 958 959 
3 
962 963 964 
4 
961 963 964 985 
7 
821 822 961 962 964 985 988 
4 
821 961 962 963 
5 
9 10 966 967 968 
4 
10 965 967 968 
5 
10 11 965 966 968 
7 
9 10 11 12 965 966 967 
4 
886 970 971 972 
3 
969 971 972 
3 
969 970 972 
5 
886 887 969 970 971 
3 
974 975 976 
3 
973 975 976 
4 
37 973 974 976 
3 
973 974 975 
6 
645 646 717 978 979 980 
8 
646 717 718 977 979 980 989 992 
11 
646 647 717 718 719 720 814 977 978 980 992 
11 
645 646 647 648 717 720 813 814 977 978 979 
5 
561 562 982 983 984 
4 
562 981 983 984 
4 
563 981 982 984 
6 
466 563 564 981 982 983 
5 
962 963 986 987 988 
3 
985 987 988 
5 
917 918 985 986 988 
6 
822 917 963 985 986 987 
5 
718 978 990 991 992 
3 
989 991 992 
3 
989 990 992 
7 
718 719 978 979 989 990 991 
3 
994 995 996 
4 
376 993 995 996 
3 
993 994 996 
3 
993 994 995 
3 
998 999 1000 
5 
761 764 997 999 1000 
4 
764 997 998 1000 
3 
997 998 999 