
250 
4 
3 
2 3 4 
4 
1 3 4 121 
5 
1 2 4 121 124 
3 
1 2 3 
3 
6 7 8 
5 
5 7 8 521 524 
4 
5 6 8 524 
3 
5 6 7 
3 
10 11 12 
3 
9 11 12 
4 
9 10 12 678 
5 
9 10 11 677 678 
3 
14 15 16 
3 
13 15 16 
3 
13 14 16 
3 
13 14 15 
3 
18 19 20 
3 
17 19 20 
3 
17 18 20 
3 
17 18 19 
4 
22 23 24 646 
3 
21 23 24 
3 
21 22 24 
5 
21 22 23 646 647 
11 
26 27 28 313 314 853 854 877 878 879 880 
7 
25 27 28 314 854 878 879 
7 
25 26 28 314 315 855 879 
11 
25 26 27 313 314 315 316 855 856 879 880 
6 
30 31 32 137 697 698 
6 
29 31 32 137 138 698 
9 
29 30 32 137 138 139 140 698 699 
9 
29 30 31 137 140 697 698 699 700 
3 
34 35 36 
3 
33 35 36 
3 
33 34 36 
3 
33 34 35 
5 
38 39 40 891 892 
4 
37 39 40 891 
3 
37 38 40 
3 
37 38 39 
5 
42 43 44 70 71 
3 
41 43 44 
4 
41 42 44 209 
4 
41 42 43 71 
3 
46 47 48 
4 
45 47 48 909 
6 
45 46 48 674 909 912 
5 
45 46 47 673 674 
3 
50 51 52 
3 
49 51 52 
3 
49 50 52 
3 
49 50 51 
3 
54 55 56 
3 
53 55 56 
5 
53 54 56 837 838 
5 
53 54 55 730 837 
3 
58 59 60 
3 
57 59 60 
3 
57 58 60 
3 
57 58 59 
3 
62 63 64 
5 
61 63 64 669 672 
4 
61 62 64 672 
3 
61 62 63 
3 
66 67 68 
3 
65 67 68 
3 
65 66 68 
3 
65 66 67 
3 
70 71 72 
4 
41 69 71 72 
5 
41 44 69 70 72 
3 
69 70 71 
3 
74 75 76 
3 
73 75 76 
3 
73 74 76 
3 
73 74 75 
3 
78 79 80 
5 
77 79 80 225 228 
4 
77 78 80 228 
3 
77 78 79 
3 
82 83 84 
3 
81 83 84 
4 
81 82 84 422 
5 
81 82 83 421 422 
6 
86 87 88 103 359 360 
4 
85 87 88 359 
7 
85 86 88 126 330 937 938 
8 
85 86 87 125 126 329 330 937 
4 
90 91 92 387 
3 
89 91 92 
3 
89 90 92 
3 
89 90 91 
3 
94 95 96 
3 
93 95 96 
3 
93 94 96 
3 
93 94 95 
5 
98 99 100 161 162 
4 
97 99 100 162 
5 
97 98 100 162 163 
7 
97 98 99 161 162 163 164 
5 
102 103 104 901 902 
5 
101 103 104 357 902 
8 
85 101 102 104 357 360 902 903 
7 
101 102 103 901 902 903 904 
3 
106 107 108 
3 
105 107 108 
3 
105 106 108 
3 
105 106 107 
6 
110 111 112 123 711 712 
4 
109 111 112 711 
3 
109 110 112 
3 
109 110 111 
4 
114 115 116 713 
5 
113 115 116 713 714 
7 
113 114 116 713 714 715 716 
5 
113 114 115 713 716 
5 
118 119 120 785 788 
7 
117 119 120 785 786 787 788 
5 
117 118 120 787 788 
4 
117 118 119 788 
5 
2 3 122 123 124 
5 
121 123 124 709 712 
5 
109 121 122 124 712 
4 
3 121 122 123 
5 
88 126 127 128 329 
8 
87 88 125 127 128 329 330 937 
9 
125 126 128 329 330 331 332 937 940 
5 
125 126 127 329 332 
3 
130 131 132 
3 
129 131 132 
4 
129 130 132 753 
3 
129 130 131 
4 
134 135 136 812 
5 
133 135 136 811 812 
5 
133 134 136 557 558 
4 
133 134 135 557 
9 
29 30 31 32 138 139 140 698 699 
6 
30 31 137 139 140 417 
6 
31 137 138 140 417 420 
6 
31 32 137 138 139 699 
3 
142 143 144 
3 
141 143 144 
3 
141 142 144 
3 
141 142 143 
3 
146 147 148 
3 
145 147 148 
3 
145 146 148 
3 
145 146 147 
3 
150 151 152 
3 
149 151 152 
3 
149 150 152 
3 
149 150 151 
3 
154 155 156 
3 
153 155 156 
3 
153 154 156 
3 
153 154 155 
5 
158 159 160 414 817 
5 
157 159 160 817 818 
7 
157 158 160 817 818 819 820 
7 
157 158 159 414 415 817 820 
5 
97 100 162 163 164 
7 
97 98 99 100 161 163 164 
5 
99 100 161 162 164 
4 
100 161 162 163 
3 
166 167 168 
3 
165 167 168 
3 
165 166 168 
3 
165 166 167 
3 
170 171 172 
3 
169 171 172 
3 
169 170 172 
3 
169 170 171 
3 
174 175 176 
3 
173 175 176 
3 
173 174 176 
3 
173 174 175 
4 
178 179 180 457 
5 
177 179 180 457 458 
8 
177 178 180 457 458 459 460 490 
7 
177 178 179 457 460 489 490 
5 
182 183 184 333 336 
7 
181 183 184 333 334 335 336 
5 
181 182 184 335 336 
4 
181 182 183 336 
3 
186 187 188 
3 
185 187 188 
5 
185 186 188 793 794 
4 
185 186 187 793 
3 
190 191 192 
3 
189 191 192 
3 
189 190 192 
4 
189 190 191 470 
6 
194 195 196 284 321 322 
6 
193 195 196 283 284 322 
5 
193 194 196 322 323 
8 
193 194 195 258 321 322 323 324 
3 
198 199 200 
3 
197 199 200 
3 
197 198 200 
3 
197 198 199 
7 
202 203 204 497 498 499 500 
5 
201 203 204 498 499 
5 
201 202 204 499 821 
5 
201 202 203 499 500 
3 
206 207 208 
3 
205 207 208 
3 
205 206 208 
3 
205 206 207 
5 
43 210 211 212 689 
5 
209 211 212 689 690 
5 
209 210 212 691 692 
4 
209 210 211 692 
5 
214 215 216 245 248 
8 
213 215 216 245 246 247 248 496 
6 
213 214 216 247 248 498 
6 
213 214 215 248 497 498 
10 
218 219 220 401 402 886 989 990 991 992 
6 
217 219 220 402 990 991 
6 
217 218 220 402 403 991 
11 
217 218 219 401 402 403 404 886 887 991 992 
4 
222 223 224 895 
4 
221 223 224 657 
4 
221 222 224 660 
3 
221 222 223 
6 
78 226 227 228 391 392 
4 
225 227 228 391 
3 
225 226 228 
5 
78 79 225 226 227 
4 
230 231 232 332 
6 
229 231 232 331 332 940 
3 
229 230 232 
3 
229 230 231 
6 
234 235 236 674 675 912 
4 
233 235 236 911 
4 
233 234 236 906 
6 
233 234 235 675 905 906 
4 
238 239 240 648 
5 
237 239 240 647 648 
3 
237 238 240 
3 
237 238 239 
3 
242 243 244 
3 
241 243 244 
3 
241 242 244 
3 
241 242 243 
5 
213 214 246 247 248 
5 
214 245 247 248 496 
5 
214 215 245 246 248 
7 
213 214 215 216 245 246 247 
6 
250 251 252 265 268 773 
9 
249 251 252 265 266 267 268 773 774 
9 
249 250 252 267 268 773 774 775 776 
6 
249 250 251 268 773 776 
3 
254 255 256 
3 
253 255 256 
3 
253 254 256 
3 
253 254 255 
3 
258 259 260 
6 
196 257 259 260 321 324 
4 
257 258 260 324 
3 
257 258 259 
3 
262 263 264 
3 
261 263 264 
3 
261 262 264 
3 
261 262 263 
5 
249 250 266 267 268 
4 
250 265 267 268 
7 
250 251 265 266 268 773 774 
8 
249 250 251 252 265 266 267 773 
3 
270 271 272 
3 
269 271 272 
3 
269 270 272 
3 
269 270 271 
4 
274 275 276 926 
3 
273 275 276 
6 
273 274 276 597 953 954 
6 
273 274 275 926 927 953 
3 
278 279 280 
3 
277 279 280 
3 
277 278 280 
3 
277 278 279 
3 
282 283 284 
3 
281 283 284 
4 
194 281 282 284 
6 
193 194 281 282 283 322 
3 
286 287 288 
3 
285 287 288 
3 
285 286 288 
3 
285 286 287 
9 
290 291 292 409 410 411 412 963 964 
6 
289 291 292 410 411 963 
4 
289 290 292 411 
5 
289 290 291 411 412 
3 
294 295 296 
3 
293 295 296 
3 
293 294 296 
3 
293 294 295 
3 
298 299 300 
3 
297 299 300 
3 
297 298 300 
3 
297 298 299 
4 
302 303 304 868 
6 
301 303 304 388 867 868 
4 
301 302 304 802 
5 
301 302 303 801 802 
3 
306 307 308 
3 
305 307 308 
3 
305 306 308 
3 
305 306 307 
3 
310 311 312 
3 
309 311 312 
3 
309 310 312 
3 
309 310 311 
11 
25 28 314 315 316 853 854 855 856 879 880 
10 
25 26 27 28 313 315 316 854 855 879 
6 
27 28 313 314 316 855 
6 
28 313 314 315 855 856 
3 
318 319 320 
3 
317 319 320 
3 
317 318 320 
3 
317 318 319 
6 
193 196 258 322 323 324 
8 
193 194 195 196 284 321 323 324 
5 
195 196 321 322 324 
6 
196 258 259 321 322 323 
3 
326 327 328 
3 
325 327 328 
3 
325 326 328 
3 
325 326 327 
8 
88 125 126 127 128 330 331 332 
8 
87 88 126 127 329 331 332 937 
7 
127 230 329 330 332 937 940 
7 
127 128 229 230 329 330 331 
5 
181 182 334 335 336 
5 
182 333 335 336 585 
7 
182 183 333 334 336 585 588 
7 
181 182 183 184 333 334 335 
3 
338 339 340 
4 
337 339 340 736 
3 
337 338 340 
3 
337 338 339 
3 
342 343 344 
3 
341 343 344 
3 
341 342 344 
3 
341 342 343 
4 
346 347 348 694 
3 
345 347 348 
3 
345 346 348 
5 
345 346 347 694 695 
3 
350 351 352 
3 
349 351 352 
3 
349 350 352 
3 
349 350 351 
7 
354 355 356 577 578 579 580 
5 
353 355 356 578 579 
4 
353 354 356 579 
5 
353 354 355 579 580 
7 
102 103 358 359 360 902 903 
3 
357 359 360 
5 
85 86 357 358 360 
6 
85 103 357 358 359 903 
3 
362 363 364 
3 
361 363 364 
3 
361 362 364 
3 
361 362 363 
4 
366 367 368 757 
5 
365 367 368 757 758 
7 
365 366 368 757 758 759 760 
5 
365 366 367 757 760 
4 
370 371 372 661 
5 
369 371 372 661 662 
7 
369 370 372 661 662 663 664 
5 
369 370 371 661 664 
5 
374 375 376 543 544 
4 
373 375 376 543 
3 
373 374 376 
3 
373 374 375 
5 
378 379 380 666 667 
3 
377 379 380 
3 
377 378 380 
4 
377 378 379 667 
3 
382 383 384 
3 
381 383 384 
3 
381 382 384 
3 
381 382 383 
4 
386 387 388 866 
3 
385 387 388 
4 
89 385 386 388 
5 
302 385 386 387 867 
7 
390 391 392 977 978 979 980 
5 
389 391 392 978 979 
6 
225 226 389 390 392 979 
6 
225 389 390 391 979 980 
5 
394 395 396 625 626 
4 
393 395 396 626 
5 
393 394 396 626 627 
7 
393 394 395 625 626 627 628 
3 
398 399 400 
5 
397 399 400 805 808 
4 
397 398 400 808 
3 
397 398 399 
9 
217 220 402 403 404 885 886 991 992 
9 
217 218 219 220 401 403 404 886 991 
7 
219 220 401 402 404 886 887 
8 
220 401 402 403 885 886 887 888 
3 
406 407 408 
3 
405 407 408 
3 
405 406 408 
3 
405 406 407 
5 
289 410 411 412 964 
7 
289 290 409 411 412 963 964 
7 
289 290 291 292 409 410 412 
5 
289 292 409 410 411 
3 
414 415 416 
6 
157 160 413 415 416 817 
5 
160 413 414 416 820 
3 
413 414 415 
5 
138 139 418 419 420 
3 
417 419 420 
3 
417 418 420 
4 
139 417 418 419 
4 
84 422 423 424 
5 
83 84 421 423 424 
3 
421 422 424 
3 
421 422 423 
3 
426 427 428 
3 
425 427 428 
3 
425 426 428 
3 
425 426 427 
5 
430 431 432 771 772 
4 
429 431 432 771 
4 
429 430 432 517 
3 
429 430 431 
3 
434 435 436 
3 
433 435 436 
3 
433 434 436 
3 
433 434 435 
3 
438 439 440 
3 
437 439 440 
3 
437 438 440 
3 
437 438 439 
3 
442 443 444 
3 
441 443 444 
3 
441 442 444 
3 
441 442 443 
5 
446 447 448 638 639 
3 
445 447 448 
3 
445 446 448 
4 
445 446 447 639 
3 
450 451 452 
3 
449 451 452 
4 
449 450 452 841 
3 
449 450 451 
3 
454 455 456 
4 
453 455 456 737 
5 
453 454 456 737 740 
3 
453 454 455 
7 
177 178 179 180 458 459 460 
5 
178 179 457 459 460 
4 
179 457 458 460 
6 
179 180 457 458 459 490 
3 
462 463 464 
3 
461 463 464 
3 
461 462 464 
3 
461 462 463 
3 
466 467 468 
3 
465 467 468 
3 
465 466 468 
3 
465 466 467 
3 
470 471 472 
4 
192 469 471 472 
3 
469 470 472 
3 
469 470 471 
4 
474 475 476 581 
5 
473 475 476 581 582 
7 
473 474 476 581 582 583 584 
5 
473 474 475 581 584 
3 
478 479 480 
3 
477 479 480 
3 
477 478 480 
3 
477 478 479 
5 
482 483 484 653 654 
4 
481 483 484 654 
7 
481 482 484 545 546 654 655 
8 
481 482 483 545 653 654 655 656 
3 
486 487 488 
3 
485 487 488 
4 
485 486 488 525 
3 
485 486 487 
4 
180 490 491 492 
6 
179 180 460 489 491 492 
3 
489 490 492 
3 
489 490 491 
3 
494 495 496 
3 
493 495 496 
3 
493 494 496 
5 
214 246 493 494 495 
5 
201 216 498 499 500 
7 
201 202 215 216 497 499 500 
7 
201 202 203 204 497 498 500 
5 
201 204 497 498 499 
3 
502 503 504 
3 
501 503 504 
3 
501 502 504 
3 
501 502 503 
5 
506 507 508 829 830 
4 
505 507 508 830 
5 
505 506 508 830 831 
7 
505 506 507 829 830 831 832 
3 
510 511 512 
3 
509 511 512 
3 
509 510 512 
3 
509 510 511 
6 
514 515 516 781 784 936 
9 
513 515 516 781 782 783 784 935 936 
5 
513 514 516 783 784 
4 
513 514 515 784 
4 
431 518 519 520 
3 
517 519 520 
5 
517 518 520 637 638 
4 
517 518 519 637 
6 
6 522 523 524 957 960 
7 
521 523 524 957 958 959 960 
5 
521 522 524 959 960 
6 
6 7 521 522 523 960 
4 
487 526 527 528 
3 
525 527 528 
3 
525 526 528 
3 
525 526 527 
3 
530 531 532 
3 
529 531 532 
3 
529 530 532 
3 
529 530 531 
3 
534 535 536 
3 
533 535 536 
3 
533 534 536 
3 
533 534 535 
3 
538 539 540 
3 
537 539 540 
3 
537 538 540 
3 
537 538 539 
3 
542 543 544 
3 
541 543 544 
5 
373 374 541 542 544 
4 
373 541 542 543 
7 
483 484 546 547 548 654 655 
4 
483 545 547 548 
3 
545 546 548 
4 
545 546 547 655 
3 
550 551 552 
3 
549 551 552 
3 
549 550 552 
3 
549 550 551 
3 
554 555 556 
3 
553 555 556 
3 
553 554 556 
3 
553 554 555 
5 
135 136 558 559 560 
4 
135 557 559 560 
3 
557 558 560 
3 
557 558 559 
3 
562 563 564 
3 
561 563 564 
3 
561 562 564 
3 
561 562 563 
3 
566 567 568 
3 
565 567 568 
3 
565 566 568 
3 
565 566 567 
3 
570 571 572 
3 
569 571 572 
3 
569 570 572 
3 
569 570 571 
3 
574 575 576 
3 
573 575 576 
3 
573 574 576 
3 
573 574 575 
4 
353 578 579 580 
5 
353 354 577 579 580 
7 
353 354 355 356 577 578 580 
5 
353 356 577 578 579 
7 
473 474 475 476 582 583 584 
5 
474 475 581 583 584 
4 
475 581 582 584 
5 
475 476 581 582 583 
5 
334 335 586 587 588 
3 
585 587 588 
3 
585 586 588 
4 
335 585 586 587 
3 
590 591 592 
3 
589 591 592 
3 
589 590 592 
3 
589 590 591 
3 
594 595 596 
3 
593 595 596 
3 
593 594 596 
3 
593 594 595 
6 
275 598 599 600 953 954 
4 
597 599 600 954 
4 
597 598 600 955 
5 
597 598 599 955 956 
3 
602 603 604 
3 
601 603 604 
3 
601 602 604 
3 
601 602 603 
3 
606 607 608 
3 
605 607 608 
3 
605 606 608 
3 
605 606 607 
3 
610 611 612 
3 
609 611 612 
3 
609 610 612 
3 
609 610 611 
3 
614 615 616 
5 
613 615 616 908 993 
5 
613 614 616 993 996 
3 
613 614 615 
5 
618 619 620 941 944 
7 
617 619 620 941 942 943 944 
6 
617 618 620 701 943 944 
4 
617 618 619 944 
3 
622 623 624 
3 
621 623 624 
3 
621 622 624 
3 
621 622 623 
5 
393 396 626 627 628 
7 
393 394 395 396 625 627 628 
5 
395 396 625 626 628 
4 
396 625 626 627 
3 
630 631 632 
3 
629 631 632 
3 
629 630 632 
3 
629 630 631 
3 
634 635 636 
3 
633 635 636 
3 
633 634 636 
3 
633 634 635 
5 
519 520 638 639 640 
5 
445 519 637 639 640 
5 
445 448 637 638 640 
4 
637 638 639 862 
3 
642 643 644 
3 
641 643 644 
3 
641 642 644 
3 
641 642 643 
3 
646 647 648 
5 
21 24 645 647 648 
5 
24 238 645 646 648 
5 
237 238 645 646 647 
4 
650 651 652 776 
6 
649 651 652 677 775 776 
5 
649 650 652 677 680 
3 
649 650 651 
6 
481 484 654 655 656 710 
8 
481 482 483 484 545 653 655 656 
7 
483 484 545 548 653 654 656 
6 
484 653 654 655 710 711 
4 
222 658 659 660 
3 
657 659 660 
3 
657 658 660 
4 
223 657 658 659 
7 
369 370 371 372 662 663 664 
5 
370 371 661 663 664 
4 
371 661 662 664 
5 
371 372 661 662 663 
3 
666 667 668 
4 
377 665 667 668 
5 
377 380 665 666 668 
3 
665 666 667 
4 
62 670 671 672 
3 
669 671 672 
3 
669 670 672 
5 
62 63 669 670 671 
4 
48 674 675 676 
8 
47 48 233 673 675 676 909 912 
7 
233 236 673 674 676 905 912 
3 
673 674 675 
6 
12 650 651 678 679 680 
5 
11 12 677 679 680 
5 
677 678 680 989 990 
5 
651 677 678 679 989 
3 
682 683 684 
3 
681 683 684 
3 
681 682 684 
3 
681 682 683 
3 
686 687 688 
3 
685 687 688 
3 
685 686 688 
3 
685 686 687 
5 
209 210 690 691 692 
4 
210 689 691 692 
4 
211 689 690 692 
5 
211 212 689 690 691 
3 
694 695 696 
5 
345 348 693 695 696 
4 
348 693 694 696 
3 
693 694 695 
5 
29 32 698 699 700 
8 
29 30 31 32 137 697 699 700 
7 
31 32 137 140 697 698 700 
4 
32 697 698 699 
6 
619 702 703 704 943 944 
4 
701 703 704 943 
3 
701 702 704 
3 
701 702 703 
3 
706 707 708 
3 
705 707 708 
3 
705 706 708 
3 
705 706 707 
4 
122 710 711 712 
5 
653 656 709 711 712 
6 
109 110 656 709 710 712 
6 
109 122 123 709 710 711 
7 
113 114 115 116 714 715 716 
5 
114 115 713 715 716 
4 
115 713 714 716 
5 
115 116 713 714 715 
3 
718 719 720 
3 
717 719 720 
3 
717 718 720 
4 
717 718 719 950 
11 
722 723 724 729 730 731 732 917 918 919 920 
7 
721 723 724 730 731 918 919 
5 
721 722 724 731 919 
7 
721 722 723 731 732 919 920 
3 
726 727 728 
3 
725 727 728 
3 
725 726 728 
3 
725 726 727 
6 
721 730 731 732 917 918 
7 
56 721 722 729 731 732 918 
9 
721 722 723 724 729 730 732 918 919 
9 
721 724 729 730 731 917 918 919 920 
3 
734 735 736 
3 
733 735 736 
3 
733 734 736 
4 
338 733 734 735 
5 
454 455 738 739 740 
3 
737 739 740 
3 
737 738 740 
4 
455 737 738 739 
3 
742 743 744 
3 
741 743 744 
3 
741 742 744 
3 
741 742 743 
3 
746 747 748 
3 
745 747 748 
3 
745 746 748 
3 
745 746 747 
3 
750 751 752 
3 
749 751 752 
3 
749 750 752 
3 
749 750 751 
4 
131 754 755 756 
3 
753 755 756 
3 
753 754 756 
3 
753 754 755 
7 
365 366 367 368 758 759 760 
5 
366 367 757 759 760 
4 
367 757 758 760 
5 
367 368 757 758 759 
3 
762 763 764 
3 
761 763 764 
3 
761 762 764 
3 
761 762 763 
3 
766 767 768 
3 
765 767 768 
3 
765 766 768 
3 
765 766 767 
3 
770 771 772 
3 
769 771 772 
5 
429 430 769 770 772 
4 
429 769 770 771 
9 
249 250 251 252 267 268 774 775 776 
6 
250 251 267 773 775 776 
5 
251 650 773 774 776 
7 
251 252 649 650 773 774 775 
3 
778 779 780 
3 
777 779 780 
3 
777 778 780 
3 
777 778 779 
9 
513 514 782 783 784 933 934 935 936 
6 
514 781 783 784 934 935 
7 
514 515 781 782 784 849 935 
9 
513 514 515 516 781 782 783 935 936 
5 
117 118 786 787 788 
4 
118 785 787 788 
5 
118 119 785 786 788 
7 
117 118 119 120 785 786 787 
3 
790 791 792 
3 
789 791 792 
3 
789 790 792 
3 
789 790 791 
5 
187 188 794 795 796 
4 
187 793 795 796 
3 
793 794 796 
3 
793 794 795 
3 
798 799 800 
3 
797 799 800 
3 
797 798 800 
3 
797 798 799 
4 
304 802 803 804 
5 
303 304 801 803 804 
4 
801 802 804 825 
3 
801 802 803 
4 
398 806 807 808 
3 
805 807 808 
3 
805 806 808 
5 
398 399 805 806 807 
3 
810 811 812 
3 
809 811 812 
4 
134 809 810 812 
5 
133 134 809 810 811 
3 
814 815 816 
4 
813 815 816 901 
5 
813 814 816 901 904 
3 
813 814 815 
8 
157 158 159 160 414 818 819 820 
5 
158 159 817 819 820 
4 
159 817 818 820 
6 
159 160 415 817 818 819 
5 
203 822 823 824 876 
5 
821 823 824 875 876 
3 
821 822 824 
3 
821 822 823 
4 
803 826 827 828 
3 
825 827 828 
3 
825 826 828 
3 
825 826 827 
5 
505 508 830 831 832 
7 
505 506 507 508 829 831 832 
5 
507 508 829 830 832 
4 
508 829 830 831 
3 
834 835 836 
3 
833 835 836 
3 
833 834 836 
3 
833 834 835 
5 
55 56 838 839 840 
4 
55 837 839 840 
3 
837 838 840 
3 
837 838 839 
4 
451 842 843 844 
3 
841 843 844 
3 
841 842 844 
3 
841 842 843 
3 
846 847 848 
3 
845 847 848 
3 
845 846 848 
3 
845 846 847 
4 
783 850 851 852 
3 
849 851 852 
3 
849 850 852 
3 
849 850 851 
7 
25 313 854 855 856 877 880 
11 
25 26 313 314 853 855 856 877 878 879 880 
11 
27 28 313 314 315 316 853 854 856 879 880 
7 
28 313 316 853 854 855 880 
3 
858 859 860 
3 
857 859 860 
3 
857 858 860 
3 
857 858 859 
3 
862 863 864 
4 
640 861 863 864 
3 
861 862 864 
3 
861 862 863 
3 
866 867 868 
4 
385 865 867 868 
5 
302 388 865 866 868 
5 
301 302 865 866 867 
5 
870 871 872 913 914 
5 
869 871 872 914 973 
7 
869 870 872 914 915 973 976 
7 
869 870 871 913 914 915 916 
3 
874 875 876 
3 
873 875 876 
4 
822 873 874 876 
5 
821 822 873 874 875 
6 
25 853 854 878 879 880 
6 
25 26 854 877 879 880 
11 
25 26 27 28 313 314 854 855 877 878 880 
10 
25 28 313 853 854 855 856 877 878 879 
5 
882 883 884 969 970 
4 
881 883 884 970 
5 
881 882 884 970 971 
7 
881 882 883 969 970 971 972 
6 
401 404 886 887 888 992 
11 
217 220 401 402 403 404 885 887 888 991 992 
6 
220 403 404 885 886 888 
4 
404 885 886 887 
3 
890 891 892 
3 
889 891 892 
5 
37 38 889 890 892 
4 
37 889 890 891 
3 
894 895 896 
3 
893 895 896 
4 
221 893 894 896 
3 
893 894 895 
3 
898 899 900 
3 
897 899 900 
3 
897 898 900 
3 
897 898 899 
7 
101 104 814 815 902 903 904 
8 
101 102 103 104 357 901 903 904 
7 
103 104 357 360 901 902 904 
5 
104 815 901 902 903 
5 
236 675 906 907 908 
5 
235 236 905 907 908 
3 
905 906 908 
4 
614 905 906 907 
6 
46 47 674 910 911 912 
3 
909 911 912 
4 
234 909 910 912 
7 
47 233 674 675 909 910 911 
5 
869 872 914 915 916 
8 
869 870 871 872 913 915 916 973 
6 
871 872 913 914 916 976 
4 
872 913 914 915 
6 
721 729 732 918 919 920 
9 
721 722 729 730 731 732 917 919 920 
9 
721 722 723 724 731 732 917 918 920 
6 
721 724 732 917 918 919 
3 
922 923 924 
3 
921 923 924 
3 
921 922 924 
3 
921 922 923 
3 
926 927 928 
6 
273 276 925 927 928 953 
6 
276 925 926 928 953 956 
3 
925 926 927 
3 
930 931 932 
3 
929 931 932 
3 
929 930 932 
3 
929 930 931 
4 
781 934 935 936 
5 
781 782 933 935 936 
8 
514 781 782 783 784 933 934 936 
7 
513 514 781 784 933 934 935 
9 
87 88 126 127 330 331 938 939 940 
4 
87 937 939 940 
3 
937 938 940 
6 
127 230 331 937 938 939 
5 
617 618 942 943 944 
4 
618 941 943 944 
7 
618 619 701 702 941 942 944 
8 
617 618 619 620 701 941 942 943 
3 
946 947 948 
3 
945 947 948 
3 
945 946 948 
3 
945 946 947 
3 
950 951 952 
4 
720 949 951 952 
3 
949 950 952 
3 
949 950 951 
8 
275 276 597 926 927 954 955 956 
6 
275 597 598 953 955 956 
5 
599 600 953 954 956 
5 
600 927 953 954 955 
5 
521 522 958 959 960 
4 
522 957 959 960 
5 
522 523 957 958 960 
7 
521 522 523 524 957 958 959 
3 
962 963 964 
3 
961 963 964 
6 
289 290 410 961 962 964 
6 
289 409 410 961 962 963 
3 
966 967 968 
3 
965 967 968 
3 
965 966 968 
3 
965 966 967 
5 
881 884 970 971 972 
7 
881 882 883 884 969 971 972 
5 
883 884 969 970 972 
4 
884 969 970 971 
6 
870 871 914 974 975 976 
3 
973 975 976 
3 
973 974 976 
5 
871 915 973 974 975 
4 
389 978 979 980 
5 
389 390 977 979 980 
7 
389 390 391 392 977 978 980 
5 
389 392 977 978 979 
3 
982 983 984 
3 
981 983 984 
3 
981 982 984 
3 
981 982 983 
3 
986 987 988 
3 
985 987 988 
3 
985 986 988 
3 
985 986 987 
6 
217 679 680 990 991 992 
6 
217 218 679 989 991 992 
10 
217 218 219 220 401 402 886 989 990 992 
8 
217 220 401 885 886 989 990 991 
5 
614 615 994 995 996 
3 
993 995 996 
3 
993 994 996 
4 
615 993 994 995 
3 
998 999 1000 
3 
997 999 1000 
3 
997 998 1000 
3 
997 998 999 