
250 
4 
3 
2 3 4 
3 
1 3 4 
3 
1 2 4 
3 
1 2 3 
6 
6 7 8 553 556 697 
9 
5 7 8 553 554 555 556 697 698 
9 
5 6 8 555 556 697 698 699 700 
7 
5 6 7 342 556 697 700 
4 
10 11 12 466 
3 
9 11 12 
3 
9 10 12 
4 
9 10 11 467 
3 
14 15 16 
3 
13 15 16 
3 
13 14 16 
4 
13 14 15 194 
3 
18 19 20 
3 
17 19 20 
3 
17 18 20 
3 
17 18 19 
3 
22 23 24 
5 
21 23 24 753 756 
4 
21 22 24 756 
3 
21 22 23 
7 
26 27 28 96 227 228 558 
6 
25 27 28 95 96 227 
3 
25 26 28 
5 
25 26 27 558 559 
5 
30 31 32 881 884 
8 
29 31 32 280 881 882 883 884 
5 
29 30 32 883 884 
4 
29 30 31 884 
5 
34 35 36 349 352 
7 
33 35 36 349 350 351 352 
5 
33 34 36 351 352 
4 
33 34 35 352 
3 
38 39 40 
4 
37 39 40 621 
5 
37 38 40 621 624 
3 
37 38 39 
3 
42 43 44 
3 
41 43 44 
3 
41 42 44 
4 
41 42 43 386 
3 
46 47 48 
3 
45 47 48 
3 
45 46 48 
3 
45 46 47 
8 
50 51 52 90 709 710 711 712 
5 
49 51 52 710 711 
4 
49 50 52 711 
7 
49 50 51 90 91 711 712 
7 
54 55 56 337 338 339 340 
5 
53 55 56 338 339 
4 
53 54 56 339 
5 
53 54 55 339 340 
5 
58 59 60 405 406 
4 
57 59 60 406 
5 
57 58 60 406 407 
7 
57 58 59 405 406 407 408 
7 
62 63 64 321 322 974 975 
4 
61 63 64 322 
5 
61 62 64 322 323 
9 
61 62 63 321 322 323 324 454 975 
4 
66 67 68 391 
5 
65 67 68 909 912 
5 
65 66 68 642 912 
5 
65 66 67 641 642 
5 
70 71 72 563 564 
4 
69 71 72 563 
3 
69 70 72 
3 
69 70 71 
4 
74 75 76 526 
3 
73 75 76 
3 
73 74 76 
5 
73 74 75 526 527 
3 
78 79 80 
3 
77 79 80 
3 
77 78 80 
3 
77 78 79 
3 
82 83 84 
3 
81 83 84 
3 
81 82 84 
3 
81 82 83 
3 
86 87 88 
3 
85 87 88 
3 
85 86 88 
3 
85 86 87 
5 
90 91 92 709 712 
9 
49 52 89 91 92 709 710 711 712 
6 
52 89 90 92 711 712 
4 
89 90 91 712 
5 
94 95 96 225 226 
4 
93 95 96 226 
6 
26 93 94 96 226 227 
9 
25 26 93 94 95 225 226 227 228 
3 
98 99 100 
3 
97 99 100 
3 
97 98 100 
3 
97 98 99 
6 
102 103 104 109 513 514 
6 
101 103 104 109 110 514 
9 
101 102 104 109 110 111 112 514 515 
9 
101 102 103 109 112 513 514 515 516 
5 
106 107 108 265 266 
4 
105 107 108 266 
5 
105 106 108 266 267 
7 
105 106 107 265 266 267 268 
9 
101 102 103 104 110 111 112 513 514 
6 
102 103 109 111 112 514 
7 
103 109 110 112 514 515 649 
9 
103 104 109 110 111 513 514 515 516 
4 
114 115 116 747 
3 
113 115 116 
5 
113 114 116 353 354 
5 
113 114 115 258 353 
3 
118 119 120 
3 
117 119 120 
3 
117 118 120 
3 
117 118 119 
3 
122 123 124 
4 
121 123 124 217 
6 
121 122 124 217 220 850 
6 
121 122 123 802 849 850 
3 
126 127 128 
3 
125 127 128 
3 
125 126 128 
3 
125 126 127 
3 
130 131 132 
3 
129 131 132 
4 
129 130 132 413 
3 
129 130 131 
5 
134 135 136 971 972 
4 
133 135 136 971 
3 
133 134 136 
4 
133 134 135 494 
3 
138 139 140 
3 
137 139 140 
3 
137 138 140 
3 
137 138 139 
3 
142 143 144 
3 
141 143 144 
3 
141 142 144 
3 
141 142 143 
3 
146 147 148 
3 
145 147 148 
3 
145 146 148 
3 
145 146 147 
3 
150 151 152 
3 
149 151 152 
3 
149 150 152 
3 
149 150 151 
6 
154 155 156 551 552 953 
6 
153 155 156 551 953 954 
7 
153 154 156 953 954 955 956 
5 
153 154 155 953 956 
9 
158 159 160 229 232 291 292 402 403 
8 
157 159 160 229 230 231 232 291 
5 
157 158 160 231 232 
5 
157 158 159 232 403 
3 
162 163 164 
3 
161 163 164 
3 
161 162 164 
3 
161 162 163 
7 
166 167 168 529 673 674 820 
9 
165 167 168 529 530 674 819 820 977 
9 
165 166 168 531 532 674 675 977 980 
8 
165 166 167 532 673 674 675 676 
4 
170 171 172 844 
5 
169 171 172 843 844 
4 
169 170 172 401 
3 
169 170 171 
5 
174 175 176 805 808 
7 
173 175 176 805 806 807 808 
5 
173 174 176 807 808 
4 
173 174 175 808 
3 
178 179 180 
3 
177 179 180 
3 
177 178 180 
3 
177 178 179 
3 
182 183 184 
3 
181 183 184 
3 
181 182 184 
3 
181 182 183 
3 
186 187 188 
3 
185 187 188 
3 
185 186 188 
3 
185 186 187 
3 
190 191 192 
4 
189 191 192 865 
5 
189 190 192 865 868 
4 
189 190 191 910 
3 
194 195 196 
4 
16 193 195 196 
3 
193 194 196 
3 
193 194 195 
3 
198 199 200 
3 
197 199 200 
3 
197 198 200 
3 
197 198 199 
3 
202 203 204 
3 
201 203 204 
3 
201 202 204 
3 
201 202 203 
3 
206 207 208 
3 
205 207 208 
3 
205 206 208 
3 
205 206 207 
4 
210 211 212 484 
5 
209 211 212 483 484 
3 
209 210 212 
3 
209 210 211 
3 
214 215 216 
3 
213 215 216 
4 
213 214 216 742 
5 
213 214 215 741 742 
6 
122 123 218 219 220 850 
3 
217 219 220 
3 
217 218 220 
6 
123 217 218 219 850 851 
8 
222 223 224 377 378 379 380 582 
5 
221 223 224 378 379 
4 
221 222 224 379 
7 
221 222 223 379 380 582 583 
5 
93 96 226 227 228 
7 
93 94 95 96 225 227 228 
7 
25 26 95 96 225 226 228 
5 
25 96 225 226 227 
7 
157 158 230 231 232 291 292 
5 
158 229 231 232 291 
5 
158 159 229 230 232 
7 
157 158 159 160 229 230 231 
3 
234 235 236 
3 
233 235 236 
3 
233 234 236 
3 
233 234 235 
3 
238 239 240 
3 
237 239 240 
3 
237 238 240 
3 
237 238 239 
5 
242 243 244 614 615 
4 
241 243 244 721 
5 
241 242 244 721 724 
4 
241 242 243 615 
3 
246 247 248 
3 
245 247 248 
3 
245 246 248 
3 
245 246 247 
3 
250 251 252 
3 
249 251 252 
3 
249 250 252 
3 
249 250 251 
5 
254 255 256 489 492 
7 
253 255 256 489 490 491 492 
6 
253 254 256 491 492 917 
4 
253 254 255 492 
3 
258 259 260 
4 
116 257 259 260 
3 
257 258 260 
3 
257 258 259 
4 
262 263 264 828 
5 
261 263 264 827 828 
3 
261 262 264 
3 
261 262 263 
6 
105 108 266 267 268 635 
7 
105 106 107 108 265 267 268 
5 
107 108 265 266 268 
4 
108 265 266 267 
3 
270 271 272 
3 
269 271 272 
3 
269 270 272 
3 
269 270 271 
3 
274 275 276 
3 
273 275 276 
3 
273 274 276 
3 
273 274 275 
5 
278 279 280 683 882 
4 
277 279 280 784 
3 
277 278 280 
6 
30 277 278 279 882 883 
6 
282 283 284 365 366 890 
4 
281 283 284 366 
5 
281 282 284 366 367 
9 
281 282 283 365 366 367 368 890 891 
4 
286 287 288 557 
5 
285 287 288 557 558 
7 
285 286 288 557 558 559 560 
5 
285 286 287 557 560 
3 
290 291 292 
3 
289 291 292 
7 
157 158 229 230 289 290 292 
6 
157 229 289 290 291 402 
3 
294 295 296 
3 
293 295 296 
3 
293 294 296 
3 
293 294 295 
4 
298 299 300 898 
4 
297 299 300 605 
6 
297 298 300 605 608 878 
7 
297 298 299 877 878 898 899 
3 
302 303 304 
3 
301 303 304 
3 
301 302 304 
3 
301 302 303 
6 
306 307 308 908 951 952 
6 
305 307 308 907 908 951 
3 
305 306 308 
3 
305 306 307 
5 
310 311 312 474 475 
3 
309 311 312 
3 
309 310 312 
4 
309 310 311 475 
3 
314 315 316 
3 
313 315 316 
3 
313 314 316 
3 
313 314 315 
7 
318 319 320 821 822 823 824 
5 
317 319 320 822 823 
5 
317 318 320 766 823 
7 
317 318 319 765 766 823 824 
7 
61 64 322 323 324 974 975 
7 
61 62 63 64 321 323 324 
6 
63 64 321 322 324 454 
7 
64 321 322 323 453 454 975 
3 
326 327 328 
3 
325 327 328 
5 
325 326 328 421 422 
4 
325 326 327 421 
3 
330 331 332 
3 
329 331 332 
3 
329 330 332 
3 
329 330 331 
5 
334 335 336 598 599 
3 
333 335 336 
3 
333 334 336 
4 
333 334 335 599 
4 
53 338 339 340 
5 
53 54 337 339 340 
7 
53 54 55 56 337 338 340 
5 
53 56 337 338 339 
3 
342 343 344 
5 
8 341 343 344 700 
3 
341 342 344 
4 
341 342 343 798 
3 
346 347 348 
3 
345 347 348 
3 
345 346 348 
3 
345 346 347 
5 
33 34 350 351 352 
4 
34 349 351 352 
5 
34 35 349 350 352 
7 
33 34 35 36 349 350 351 
5 
115 116 354 355 356 
4 
115 353 355 356 
3 
353 354 356 
3 
353 354 355 
3 
358 359 360 
3 
357 359 360 
3 
357 358 360 
3 
357 358 359 
4 
362 363 364 681 
5 
361 363 364 681 682 
9 
361 362 364 681 682 683 684 881 882 
6 
361 362 363 681 684 881 
6 
281 284 366 367 368 890 
7 
281 282 283 284 365 367 368 
5 
283 284 365 366 368 
6 
284 365 366 367 890 891 
4 
370 371 372 983 
4 
369 371 372 672 
4 
369 370 372 438 
5 
369 370 371 437 438 
3 
374 375 376 
3 
373 375 376 
3 
373 374 376 
3 
373 374 375 
5 
221 378 379 380 579 
5 
221 222 377 379 380 
7 
221 222 223 224 377 378 380 
6 
221 224 377 378 379 582 
3 
382 383 384 
3 
381 383 384 
3 
381 382 384 
3 
381 382 383 
3 
386 387 388 
4 
44 385 387 388 
3 
385 386 388 
3 
385 386 387 
3 
390 391 392 
3 
389 391 392 
4 
65 389 390 392 
3 
389 390 391 
3 
394 395 396 
4 
393 395 396 665 
5 
393 394 396 665 668 
3 
393 394 395 
7 
398 399 400 677 678 679 680 
5 
397 399 400 678 679 
4 
397 398 400 679 
5 
397 398 399 679 680 
4 
171 402 403 404 
5 
157 292 401 403 404 
5 
157 160 401 402 404 
3 
401 402 403 
5 
57 60 406 407 408 
7 
57 58 59 60 405 407 408 
5 
59 60 405 406 408 
4 
60 405 406 407 
6 
410 411 412 538 539 566 
3 
409 411 412 
3 
409 410 412 
6 
409 410 411 539 566 567 
5 
131 414 415 416 989 
5 
413 415 416 989 990 
7 
413 414 416 989 990 991 992 
5 
413 414 415 989 992 
5 
418 419 420 604 736 
7 
417 419 420 603 604 735 736 
3 
417 418 420 
3 
417 418 419 
5 
327 328 422 423 424 
4 
327 421 423 424 
3 
421 422 424 
3 
421 422 423 
5 
426 427 428 569 572 
7 
425 427 428 569 570 571 572 
5 
425 426 428 571 572 
4 
425 426 427 572 
3 
430 431 432 
3 
429 431 432 
3 
429 430 432 
3 
429 430 431 
4 
434 435 436 481 
4 
433 435 436 482 
5 
433 434 436 482 483 
5 
433 434 435 481 484 
5 
372 438 439 440 502 
5 
371 372 437 439 440 
3 
437 438 440 
5 
437 438 439 502 503 
5 
442 443 444 478 479 
3 
441 443 444 
3 
441 442 444 
4 
441 442 443 479 
3 
446 447 448 
3 
445 447 448 
3 
445 446 448 
3 
445 446 447 
3 
450 451 452 
3 
449 451 452 
3 
449 450 452 
3 
449 450 451 
6 
324 454 455 456 975 976 
7 
64 323 324 453 455 456 975 
3 
453 454 456 
3 
453 454 455 
3 
458 459 460 
3 
457 459 460 
3 
457 458 460 
3 
457 458 459 
3 
462 463 464 
3 
461 463 464 
3 
461 462 464 
3 
461 462 463 
3 
466 467 468 
4 
9 465 467 468 
4 
12 465 466 468 
3 
465 466 467 
3 
470 471 472 
3 
469 471 472 
3 
469 470 472 
3 
469 470 471 
4 
474 475 476 755 
4 
309 473 475 476 
5 
309 312 473 474 476 
3 
473 474 475 
3 
478 479 480 
4 
441 477 479 480 
5 
441 444 477 478 480 
3 
477 478 479 
5 
433 436 482 483 484 
5 
434 435 481 483 484 
5 
210 435 481 482 484 
6 
209 210 436 481 482 483 
3 
486 487 488 
3 
485 487 488 
3 
485 486 488 
3 
485 486 487 
5 
253 254 490 491 492 
4 
254 489 491 492 
6 
254 255 489 490 492 917 
7 
253 254 255 256 489 490 491 
3 
494 495 496 
4 
136 493 495 496 
3 
493 494 496 
3 
493 494 495 
4 
498 499 500 722 
5 
497 499 500 609 612 
4 
497 498 500 612 
5 
497 498 499 722 723 
3 
502 503 504 
5 
437 440 501 503 504 
4 
440 501 502 504 
3 
501 502 503 
3 
506 507 508 
3 
505 507 508 
3 
505 506 508 
3 
505 506 507 
3 
510 511 512 
3 
509 511 512 
3 
509 510 512 
3 
509 510 511 
7 
101 104 109 112 514 515 516 
11 
101 102 103 104 109 110 111 112 513 515 516 
8 
103 104 111 112 513 514 516 649 
6 
104 112 513 514 515 970 
3 
518 519 520 
3 
517 519 520 
3 
517 518 520 
3 
517 518 519 
5 
522 523 524 606 607 
3 
521 523 524 
3 
521 522 524 
4 
521 522 523 607 
3 
526 527 528 
5 
73 76 525 527 528 
4 
76 525 526 528 
3 
525 526 527 
8 
165 166 530 531 532 673 674 820 
8 
166 529 531 532 674 819 820 977 
8 
167 529 530 532 674 675 977 980 
9 
167 168 529 530 531 673 674 675 676 
4 
534 535 536 862 
3 
533 535 536 
3 
533 534 536 
5 
533 534 535 862 863 
5 
538 539 540 565 566 
5 
409 537 539 540 566 
7 
409 412 537 538 540 566 567 
7 
537 538 539 565 566 567 568 
5 
542 543 544 702 774 
3 
541 543 544 
3 
541 542 544 
7 
541 542 543 702 703 774 775 
3 
546 547 548 
4 
545 547 548 945 
5 
545 546 548 945 948 
3 
545 546 547 
3 
550 551 552 
4 
549 551 552 904 
6 
153 154 549 550 552 953 
4 
153 549 550 551 
5 
5 6 554 555 556 
4 
6 553 555 556 
7 
6 7 553 554 556 697 698 
8 
5 6 7 8 553 554 555 697 
7 
285 286 287 288 558 559 560 
7 
25 28 286 287 557 559 560 
5 
28 287 557 558 560 
5 
287 288 557 558 559 
3 
562 563 564 
3 
561 563 564 
5 
69 70 561 562 564 
4 
69 561 562 563 
5 
537 540 566 567 568 
9 
409 412 537 538 539 540 565 567 568 
6 
412 539 540 565 566 568 
4 
540 565 566 567 
5 
425 426 570 571 572 
4 
426 569 571 572 
5 
426 427 569 570 572 
7 
425 426 427 428 569 570 571 
3 
574 575 576 
3 
573 575 576 
3 
573 574 576 
3 
573 574 575 
3 
578 579 580 
3 
577 579 580 
4 
377 577 578 580 
4 
577 578 579 738 
3 
582 583 584 
6 
221 224 380 581 583 584 
4 
224 581 582 584 
3 
581 582 583 
3 
586 587 588 
3 
585 587 588 
3 
585 586 588 
3 
585 586 587 
3 
590 591 592 
3 
589 591 592 
3 
589 590 592 
3 
589 590 591 
5 
594 595 596 639 640 
4 
593 595 596 639 
3 
593 594 596 
3 
593 594 595 
3 
598 599 600 
4 
333 597 599 600 
5 
333 336 597 598 600 
3 
597 598 599 
5 
602 603 604 733 734 
6 
601 603 604 689 692 734 
7 
418 601 602 604 692 734 735 
9 
417 418 601 602 603 733 734 735 736 
5 
298 299 606 607 608 
4 
521 605 607 608 
6 
521 524 605 606 608 714 
7 
299 605 606 607 713 714 878 
4 
498 610 611 612 
5 
609 611 612 893 896 
4 
609 610 612 896 
5 
498 499 609 610 611 
3 
614 615 616 
4 
241 613 615 616 
5 
241 244 613 614 616 
3 
613 614 615 
4 
618 619 620 895 
3 
617 619 620 
3 
617 618 620 
3 
617 618 619 
5 
38 39 622 623 624 
3 
621 623 624 
3 
621 622 624 
4 
39 621 622 623 
3 
626 627 628 
3 
625 627 628 
3 
625 626 628 
4 
625 626 627 746 
3 
630 631 632 
3 
629 631 632 
3 
629 630 632 
3 
629 630 631 
3 
634 635 636 
3 
633 635 636 
4 
265 633 634 636 
3 
633 634 635 
3 
638 639 640 
4 
637 639 640 892 
5 
593 594 637 638 640 
4 
593 637 638 639 
4 
68 642 643 644 
6 
67 68 641 643 644 912 
5 
641 642 644 777 874 
5 
641 642 643 873 874 
3 
646 647 648 
3 
645 647 648 
3 
645 646 648 
3 
645 646 647 
5 
111 515 650 651 652 
3 
649 651 652 
3 
649 650 652 
3 
649 650 651 
3 
654 655 656 
3 
653 655 656 
3 
653 654 656 
3 
653 654 655 
3 
658 659 660 
3 
657 659 660 
3 
657 658 660 
3 
657 658 659 
5 
662 663 664 787 788 
4 
661 663 664 787 
3 
661 662 664 
3 
661 662 663 
5 
394 395 666 667 668 
3 
665 667 668 
3 
665 666 668 
4 
395 665 666 667 
3 
670 671 672 
3 
669 671 672 
3 
669 670 672 
4 
370 669 670 671 
7 
165 168 529 532 674 675 676 
12 
165 166 167 168 529 530 531 532 673 675 676 977 
9 
167 168 531 532 673 674 676 977 980 
5 
168 532 673 674 675 
4 
397 678 679 680 
5 
397 398 677 679 680 
7 
397 398 399 400 677 678 680 
5 
397 400 677 678 679 
7 
361 362 363 364 682 683 684 
5 
362 363 681 683 684 
7 
277 363 681 682 684 881 882 
6 
363 364 681 682 683 881 
3 
686 687 688 
3 
685 687 688 
3 
685 686 688 
3 
685 686 687 
4 
602 690 691 692 
3 
689 691 692 
3 
689 690 692 
6 
602 603 689 690 691 734 
3 
694 695 696 
3 
693 695 696 
3 
693 694 696 
3 
693 694 695 
9 
5 6 7 8 555 556 698 699 700 
6 
6 7 555 697 699 700 
4 
7 697 698 700 
6 
7 8 342 697 698 699 
5 
702 703 704 773 776 
9 
541 544 701 703 704 773 774 775 776 
6 
544 701 702 704 775 776 
4 
701 702 703 776 
3 
706 707 708 
4 
705 707 708 949 
5 
705 706 708 949 952 
3 
705 706 707 
6 
49 89 90 710 711 712 
6 
49 50 90 709 711 712 
9 
49 50 51 52 90 91 709 710 712 
9 
49 52 89 90 91 92 709 710 711 
9 
608 714 715 716 877 878 879 880 899 
7 
607 608 713 715 716 878 879 
4 
713 714 716 879 
5 
713 714 715 879 880 
3 
718 719 720 
3 
717 719 720 
3 
717 718 720 
3 
717 718 719 
5 
242 243 722 723 724 
5 
497 500 721 723 724 
4 
500 721 722 724 
4 
243 721 722 723 
3 
726 727 728 
3 
725 727 728 
3 
725 726 728 
3 
725 726 727 
3 
730 731 732 
3 
729 731 732 
3 
729 730 732 
3 
729 730 731 
5 
601 604 734 735 736 
8 
601 602 603 604 692 733 735 736 
6 
418 603 604 733 734 736 
6 
417 418 604 733 734 735 
3 
738 739 740 
4 
580 737 739 740 
3 
737 738 740 
3 
737 738 739 
4 
216 742 743 744 
5 
215 216 741 743 744 
3 
741 742 744 
3 
741 742 743 
3 
746 747 748 
4 
628 745 747 748 
4 
113 745 746 748 
3 
745 746 747 
3 
750 751 752 
3 
749 751 752 
3 
749 750 752 
3 
749 750 751 
4 
22 754 755 756 
3 
753 755 756 
4 
473 753 754 756 
5 
22 23 753 754 755 
3 
758 759 760 
3 
757 759 760 
3 
757 758 760 
3 
757 758 759 
3 
762 763 764 
3 
761 763 764 
3 
761 762 764 
3 
761 762 763 
6 
320 766 767 768 823 824 
6 
319 320 765 767 768 823 
3 
765 766 768 
3 
765 766 767 
3 
770 771 772 
3 
769 771 772 
3 
769 770 772 
3 
769 770 771 
5 
701 702 774 775 776 
6 
541 544 702 773 775 776 
6 
544 702 703 773 774 776 
7 
701 702 703 704 773 774 775 
4 
643 778 779 780 
3 
777 779 780 
3 
777 778 780 
3 
777 778 779 
3 
782 783 784 
3 
781 783 784 
3 
781 782 784 
4 
278 781 782 783 
3 
786 787 788 
3 
785 787 788 
5 
661 662 785 786 788 
4 
661 785 786 787 
3 
790 791 792 
3 
789 791 792 
3 
789 790 792 
3 
789 790 791 
3 
794 795 796 
3 
793 795 796 
3 
793 794 796 
3 
793 794 795 
3 
798 799 800 
4 
344 797 799 800 
3 
797 798 800 
3 
797 798 799 
5 
802 803 804 849 852 
8 
124 801 803 804 849 850 851 852 
5 
801 802 804 851 852 
4 
801 802 803 852 
5 
173 174 806 807 808 
4 
174 805 807 808 
5 
174 175 805 806 808 
7 
173 174 175 176 805 806 807 
3 
810 811 812 
3 
809 811 812 
3 
809 810 812 
3 
809 810 811 
3 
814 815 816 
3 
813 815 816 
5 
813 814 816 973 974 
4 
813 814 815 973 
3 
818 819 820 
3 
817 819 820 
5 
166 530 817 818 820 
7 
165 166 529 530 817 818 819 
4 
317 822 823 824 
5 
317 318 821 823 824 
9 
317 318 319 320 765 766 821 822 824 
6 
317 320 765 821 822 823 
3 
826 827 828 
3 
825 827 828 
4 
262 825 826 828 
5 
261 262 825 826 827 
3 
830 831 832 
3 
829 831 832 
3 
829 830 832 
3 
829 830 831 
3 
834 835 836 
3 
833 835 836 
3 
833 834 836 
3 
833 834 835 
3 
838 839 840 
3 
837 839 840 
3 
837 838 840 
3 
837 838 839 
3 
842 843 844 
3 
841 843 844 
4 
170 841 842 844 
5 
169 170 841 842 843 
3 
846 847 848 
3 
845 847 848 
3 
845 846 848 
3 
845 846 847 
6 
124 801 802 850 851 852 
8 
123 124 217 220 802 849 851 852 
7 
220 802 803 849 850 852 997 
7 
801 802 803 804 849 850 851 
3 
854 855 856 
3 
853 855 856 
3 
853 854 856 
3 
853 854 855 
3 
858 859 860 
3 
857 859 860 
3 
857 858 860 
3 
857 858 859 
3 
862 863 864 
5 
533 536 861 863 864 
4 
536 861 862 864 
3 
861 862 863 
6 
190 191 866 867 868 933 
5 
865 867 868 933 934 
7 
865 866 868 933 934 935 936 
6 
191 865 866 867 933 936 
3 
870 871 872 
3 
869 871 872 
3 
869 870 872 
3 
869 870 871 
4 
644 874 875 876 
5 
643 644 873 875 876 
3 
873 874 876 
3 
873 874 875 
7 
300 713 878 879 880 899 900 
9 
299 300 608 713 714 877 879 880 899 
7 
713 714 715 716 877 878 880 
5 
713 716 877 878 879 
9 
29 30 363 364 683 684 882 883 884 
8 
30 277 280 363 683 881 883 884 
6 
30 31 280 881 882 884 
7 
29 30 31 32 881 882 883 
3 
886 887 888 
5 
885 887 888 921 924 
4 
885 886 888 924 
3 
885 886 887 
3 
890 891 892 
7 
281 284 365 368 889 891 892 
5 
284 368 889 890 892 
4 
638 889 890 891 
4 
610 894 895 896 
3 
893 895 896 
4 
617 893 894 896 
5 
610 611 893 894 895 
3 
898 899 900 
5 
297 300 897 899 900 
7 
300 713 877 878 897 898 900 
4 
877 897 898 899 
3 
902 903 904 
3 
901 903 904 
3 
901 902 904 
4 
550 901 902 903 
4 
906 907 908 950 
3 
905 907 908 
4 
306 905 906 908 
7 
305 306 905 906 907 950 951 
4 
66 910 911 912 
4 
192 909 911 912 
3 
909 910 912 
6 
66 67 642 909 910 911 
3 
914 915 916 
3 
913 915 916 
3 
913 914 916 
3 
913 914 915 
5 
255 491 918 919 920 
3 
917 919 920 
3 
917 918 920 
3 
917 918 919 
4 
886 922 923 924 
3 
921 923 924 
3 
921 922 924 
5 
886 887 921 922 923 
3 
926 927 928 
3 
925 927 928 
3 
925 926 928 
3 
925 926 927 
3 
930 931 932 
3 
929 931 932 
3 
929 930 932 
3 
929 930 931 
7 
865 866 867 868 934 935 936 
5 
866 867 933 935 936 
4 
867 933 934 936 
5 
867 868 933 934 935 
3 
938 939 940 
3 
937 939 940 
3 
937 938 940 
3 
937 938 939 
3 
942 943 944 
3 
941 943 944 
3 
941 942 944 
3 
941 942 943 
5 
546 547 946 947 948 
3 
945 947 948 
3 
945 946 948 
4 
547 945 946 947 
5 
706 707 950 951 952 
5 
905 908 949 951 952 
6 
305 306 908 949 950 952 
5 
305 707 949 950 951 
8 
153 154 155 156 551 954 955 956 
5 
154 155 953 955 956 
4 
155 953 954 956 
5 
155 156 953 954 955 
3 
958 959 960 
3 
957 959 960 
3 
957 958 960 
3 
957 958 959 
3 
962 963 964 
3 
961 963 964 
3 
961 962 964 
3 
961 962 963 
3 
966 967 968 
3 
965 967 968 
3 
965 966 968 
3 
965 966 967 
3 
970 971 972 
4 
516 969 971 972 
5 
133 134 969 970 972 
4 
133 969 970 971 
5 
815 816 974 975 976 
6 
61 321 815 973 975 976 
9 
61 64 321 324 453 454 973 974 976 
4 
453 973 974 975 
9 
166 167 530 531 674 675 978 979 980 
3 
977 979 980 
3 
977 978 980 
6 
167 531 675 977 978 979 
3 
982 983 984 
3 
981 983 984 
4 
369 981 982 984 
3 
981 982 983 
3 
986 987 988 
3 
985 987 988 
3 
985 986 988 
3 
985 986 987 
7 
413 414 415 416 990 991 992 
5 
414 415 989 991 992 
4 
415 989 990 992 
5 
415 416 989 990 991 
3 
994 995 996 
3 
993 995 996 
3 
993 994 996 
3 
993 994 995 
4 
851 998 999 1000 
3 
997 999 1000 
3 
997 998 1000 
3 
997 998 999 