
250 
4 
3 
2 3 4 
3 
1 3 4 
3 
1 2 4 
3 
1 2 3 
3 
6 7 8 
3 
5 7 8 
3 
5 6 8 
3 
5 6 7 
3 
10 11 12 
3 
9 11 12 
3 
9 10 12 
3 
9 10 11 
4 
14 15 16 555 
3 
13 15 16 
3 
13 14 16 
3 
13 14 15 
5 
18 19 20 328 908 
7 
17 19 20 327 328 907 908 
3 
17 18 20 
3 
17 18 19 
4 
22 23 24 245 
5 
21 23 24 245 246 
7 
21 22 24 245 246 247 248 
5 
21 22 23 245 248 
3 
26 27 28 
4 
25 27 28 473 
4 
25 26 28 476 
3 
25 26 27 
3 
30 31 32 
4 
29 31 32 125 
4 
29 30 32 128 
3 
29 30 31 
5 
34 35 36 781 782 
4 
33 35 36 782 
5 
33 34 36 782 783 
7 
33 34 35 781 782 783 784 
4 
38 39 40 420 
5 
37 39 40 419 420 
3 
37 38 40 
3 
37 38 39 
4 
42 43 44 52 
5 
41 43 44 51 52 
3 
41 42 44 
3 
41 42 43 
3 
46 47 48 
3 
45 47 48 
3 
45 46 48 
3 
45 46 47 
3 
50 51 52 
3 
49 51 52 
4 
42 49 50 52 
5 
41 42 49 50 51 
5 
54 55 56 211 212 
4 
53 55 56 211 
3 
53 54 56 
3 
53 54 55 
6 
58 59 60 101 689 692 
9 
57 59 60 101 102 689 690 691 692 
9 
57 58 60 101 102 103 104 691 692 
6 
57 58 59 101 104 692 
5 
62 63 64 399 400 
4 
61 63 64 399 
3 
61 62 64 
3 
61 62 63 
3 
66 67 68 
3 
65 67 68 
5 
65 66 68 725 726 
4 
65 66 67 725 
3 
70 71 72 
3 
69 71 72 
3 
69 70 72 
3 
69 70 71 
3 
74 75 76 
4 
73 75 76 944 
3 
73 74 76 
3 
73 74 75 
3 
78 79 80 
3 
77 79 80 
3 
77 78 80 
3 
77 78 79 
3 
82 83 84 
3 
81 83 84 
3 
81 82 84 
3 
81 82 83 
3 
86 87 88 
3 
85 87 88 
3 
85 86 88 
3 
85 86 87 
9 
90 91 92 651 652 861 864 885 886 
9 
89 91 92 651 861 862 863 864 886 
7 
89 90 92 863 864 886 887 
8 
89 90 91 864 885 886 887 888 
8 
94 95 96 189 190 191 192 736 
8 
93 95 96 190 191 735 736 853 
6 
93 94 96 191 853 856 
5 
93 94 95 191 192 
3 
98 99 100 
3 
97 99 100 
4 
97 98 100 670 
5 
97 98 99 669 670 
9 
57 58 59 60 102 103 104 689 692 
9 
58 59 101 103 104 689 690 691 692 
6 
59 101 102 104 691 692 
6 
59 60 101 102 103 692 
3 
106 107 108 
3 
105 107 108 
4 
105 106 108 498 
5 
105 106 107 497 498 
8 
110 111 112 421 422 423 424 640 
8 
109 111 112 422 423 452 639 640 
4 
109 110 112 423 
5 
109 110 111 423 424 
4 
114 115 116 238 
3 
113 115 116 
3 
113 114 116 
5 
113 114 115 238 239 
5 
118 119 120 961 962 
4 
117 119 120 962 
5 
117 118 120 962 963 
7 
117 118 119 961 962 963 964 
8 
122 123 124 525 526 527 528 581 
7 
121 123 124 526 527 581 582 
8 
121 122 124 527 581 582 583 584 
7 
121 122 123 527 528 581 584 
4 
30 126 127 128 
3 
125 127 128 
3 
125 126 128 
4 
31 125 126 127 
4 
130 131 132 333 
5 
129 131 132 333 334 
7 
129 130 132 333 334 335 336 
5 
129 130 131 333 336 
3 
134 135 136 
3 
133 135 136 
3 
133 134 136 
3 
133 134 135 
5 
138 139 140 590 591 
3 
137 139 140 
3 
137 138 140 
4 
137 138 139 591 
5 
142 143 144 265 266 
4 
141 143 144 266 
5 
141 142 144 266 267 
7 
141 142 143 265 266 267 268 
5 
146 147 148 351 352 
4 
145 147 148 351 
3 
145 146 148 
3 
145 146 147 
5 
150 151 152 641 642 
4 
149 151 152 642 
7 
149 150 152 629 642 643 682 
9 
149 150 151 641 642 643 644 681 682 
3 
154 155 156 
4 
153 155 156 253 
5 
153 154 156 253 256 
3 
153 154 155 
4 
158 159 160 221 
7 
157 159 160 221 222 685 688 
9 
157 158 160 221 222 223 224 434 688 
7 
157 158 159 221 224 433 434 
3 
162 163 164 
3 
161 163 164 
3 
161 162 164 
3 
161 162 163 
4 
166 167 168 589 
5 
165 167 168 589 590 
7 
165 166 168 589 590 591 592 
5 
165 166 167 589 592 
3 
170 171 172 
3 
169 171 172 
3 
169 170 172 
4 
169 170 171 754 
9 
174 175 176 215 216 355 356 791 792 
8 
173 175 176 215 305 308 355 791 
4 
173 174 176 308 
3 
173 174 175 
4 
178 179 180 182 
3 
177 179 180 
3 
177 178 180 
6 
177 178 179 182 183 954 
5 
182 183 184 953 954 
6 
177 180 181 183 184 954 
6 
180 181 182 184 954 955 
7 
181 182 183 953 954 955 956 
4 
186 187 188 273 
5 
185 187 188 273 274 
9 
185 186 188 275 276 541 542 889 890 
6 
185 186 187 276 541 889 
7 
93 190 191 192 418 419 736 
7 
93 94 189 191 192 735 736 
7 
93 94 95 96 189 190 192 
6 
93 96 189 190 191 419 
3 
194 195 196 
3 
193 195 196 
3 
193 194 196 
3 
193 194 195 
3 
198 199 200 
3 
197 199 200 
3 
197 198 200 
3 
197 198 199 
4 
202 203 204 259 
3 
201 203 204 
3 
201 202 204 
3 
201 202 203 
3 
206 207 208 
3 
205 207 208 
3 
205 206 208 
3 
205 206 207 
3 
210 211 212 
3 
209 211 212 
5 
53 54 209 210 212 
4 
53 209 210 211 
7 
214 215 216 353 354 789 790 
5 
213 215 216 354 790 
9 
173 174 213 214 216 305 354 355 791 
10 
173 213 214 215 353 354 355 356 791 792 
3 
218 219 220 
3 
217 219 220 
3 
217 218 220 
4 
217 218 219 446 
9 
157 158 159 160 222 223 224 685 688 
9 
158 159 221 223 224 685 686 687 688 
6 
159 221 222 224 687 688 
7 
159 160 221 222 223 434 688 
4 
226 227 228 809 
5 
225 227 228 809 810 
7 
225 226 228 809 810 811 812 
6 
225 226 227 809 812 934 
3 
230 231 232 
4 
229 231 232 696 
3 
229 230 232 
3 
229 230 231 
4 
234 235 236 247 
5 
233 235 236 285 288 
4 
233 234 236 288 
3 
233 234 235 
3 
238 239 240 
5 
113 116 237 239 240 
4 
116 237 238 240 
3 
237 238 239 
4 
242 243 244 321 
5 
241 243 244 321 322 
7 
241 242 244 321 322 323 324 
5 
241 242 243 321 324 
7 
21 22 23 24 246 247 248 
5 
22 23 245 247 248 
5 
23 233 245 246 248 
5 
23 24 245 246 247 
5 
250 251 252 342 343 
3 
249 251 252 
3 
249 250 252 
4 
249 250 251 343 
5 
154 155 254 255 256 
5 
253 255 256 312 981 
5 
253 254 256 981 984 
4 
155 253 254 255 
3 
258 259 260 
3 
257 259 260 
4 
201 257 258 260 
3 
257 258 259 
4 
262 263 264 841 
5 
261 263 264 841 842 
7 
261 262 264 841 842 843 844 
5 
261 262 263 841 844 
5 
141 144 266 267 268 
7 
141 142 143 144 265 267 268 
5 
143 144 265 266 268 
4 
144 265 266 267 
5 
270 271 272 480 761 
7 
269 271 272 479 480 761 762 
5 
269 270 272 763 764 
4 
269 270 271 764 
5 
185 186 274 275 276 
4 
186 273 275 276 
6 
187 273 274 276 541 542 
6 
187 188 273 274 275 541 
7 
278 279 280 289 290 291 292 
5 
277 279 280 290 291 
4 
277 278 280 291 
5 
277 278 279 291 292 
6 
282 283 284 329 332 755 
7 
281 283 284 329 330 331 332 
5 
281 282 284 331 332 
4 
281 282 283 332 
4 
234 286 287 288 
3 
285 287 288 
3 
285 286 288 
5 
234 235 285 286 287 
4 
277 290 291 292 
5 
277 278 289 291 292 
7 
277 278 279 280 289 290 292 
5 
277 280 289 290 291 
7 
294 295 296 443 444 930 931 
4 
293 295 296 443 
3 
293 294 296 
4 
293 294 295 931 
3 
298 299 300 
3 
297 299 300 
3 
297 298 300 
3 
297 298 299 
8 
302 303 304 543 544 614 891 892 
5 
301 303 304 543 891 
3 
301 302 304 
5 
301 302 303 614 615 
5 
174 215 306 307 308 
3 
305 307 308 
3 
305 306 308 
5 
174 175 305 306 307 
3 
310 311 312 
3 
309 311 312 
5 
309 310 312 981 982 
5 
254 309 310 311 981 
3 
314 315 316 
3 
313 315 316 
3 
313 314 316 
3 
313 314 315 
3 
318 319 320 
3 
317 319 320 
3 
317 318 320 
3 
317 318 319 
7 
241 242 243 244 322 323 324 
5 
242 243 321 323 324 
4 
243 321 322 324 
5 
243 244 321 322 323 
7 
326 327 328 905 906 907 908 
5 
325 327 328 906 907 
5 
18 325 326 328 907 
7 
17 18 325 326 327 907 908 
5 
281 282 330 331 332 
4 
282 329 331 332 
5 
282 283 329 330 332 
7 
281 282 283 284 329 330 331 
7 
129 130 131 132 334 335 336 
7 
130 131 333 335 336 445 448 
5 
131 333 334 336 448 
5 
131 132 333 334 335 
3 
338 339 340 
3 
337 339 340 
3 
337 338 340 
3 
337 338 339 
3 
342 343 344 
4 
249 341 343 344 
5 
249 252 341 342 344 
3 
341 342 343 
4 
346 347 348 409 
4 
345 347 348 410 
5 
345 346 348 410 411 
5 
345 346 347 409 412 
3 
350 351 352 
3 
349 351 352 
5 
145 146 349 350 352 
4 
145 349 350 351 
7 
213 216 354 355 356 789 792 
11 
213 214 215 216 353 355 356 789 790 791 792 
9 
173 174 215 216 353 354 356 791 792 
6 
173 216 353 354 355 792 
3 
358 359 360 
3 
357 359 360 
3 
357 358 360 
3 
357 358 359 
3 
362 363 364 
3 
361 363 364 
3 
361 362 364 
3 
361 362 363 
5 
366 367 368 603 604 
4 
365 367 368 603 
3 
365 366 368 
3 
365 366 367 
3 
370 371 372 
4 
369 371 372 856 
3 
369 370 372 
3 
369 370 371 
5 
374 375 376 623 624 
4 
373 375 376 623 
3 
373 374 376 
3 
373 374 375 
5 
378 379 380 751 752 
4 
377 379 380 751 
3 
377 378 380 
3 
377 378 379 
3 
382 383 384 
3 
381 383 384 
3 
381 382 384 
3 
381 382 383 
3 
386 387 388 
5 
385 387 388 437 440 
4 
385 386 388 440 
3 
385 386 387 
3 
390 391 392 
5 
389 391 392 617 620 
4 
389 390 392 620 
3 
389 390 391 
4 
394 395 396 848 
5 
393 395 396 847 848 
3 
393 394 396 
3 
393 394 395 
3 
398 399 400 
3 
397 399 400 
5 
61 62 397 398 400 
4 
61 397 398 399 
3 
402 403 404 
4 
401 403 404 537 
5 
401 402 404 537 540 
3 
401 402 403 
3 
406 407 408 
3 
405 407 408 
3 
405 406 408 
3 
405 406 407 
5 
345 348 410 411 412 
5 
346 347 409 411 412 
4 
347 409 410 412 
4 
348 409 410 411 
4 
414 415 416 938 
3 
413 415 416 
5 
413 414 416 593 594 
6 
413 414 415 593 938 939 
3 
418 419 420 
4 
189 417 419 420 
6 
38 189 192 417 418 420 
5 
37 38 417 418 419 
4 
109 422 423 424 
8 
109 110 421 423 424 449 452 640 
8 
109 110 111 112 421 422 424 452 
5 
109 112 421 422 423 
3 
426 427 428 
3 
425 427 428 
3 
425 426 428 
3 
425 426 427 
3 
430 431 432 
3 
429 431 432 
3 
429 430 432 
3 
429 430 431 
4 
160 434 435 436 
6 
159 160 224 433 435 436 
3 
433 434 436 
3 
433 434 435 
5 
386 438 439 440 501 
7 
437 439 440 501 502 748 749 
7 
437 438 440 503 504 749 752 
6 
386 387 437 438 439 504 
3 
442 443 444 
3 
441 443 444 
5 
293 294 441 442 444 
5 
293 441 442 443 930 
4 
334 446 447 448 
4 
220 445 447 448 
5 
445 446 448 829 830 
6 
334 335 445 446 447 829 
8 
422 450 451 452 637 638 639 640 
5 
449 451 452 638 639 
4 
449 450 452 639 
8 
110 422 423 449 450 451 639 640 
3 
454 455 456 
3 
453 455 456 
3 
453 454 456 
3 
453 454 455 
3 
458 459 460 
3 
457 459 460 
3 
457 458 460 
3 
457 458 459 
4 
462 463 464 794 
3 
461 463 464 
3 
461 462 464 
5 
461 462 463 794 795 
3 
466 467 468 
3 
465 467 468 
3 
465 466 468 
3 
465 466 467 
3 
470 471 472 
3 
469 471 472 
3 
469 470 472 
3 
469 470 471 
4 
26 474 475 476 
3 
473 475 476 
3 
473 474 476 
4 
27 473 474 475 
3 
478 479 480 
3 
477 479 480 
5 
270 477 478 480 762 
7 
269 270 477 478 479 761 762 
3 
482 483 484 
6 
481 483 484 524 777 780 
4 
481 482 484 780 
3 
481 482 483 
5 
486 487 488 973 976 
7 
485 487 488 973 974 975 976 
5 
485 486 488 975 976 
4 
485 486 487 976 
3 
490 491 492 
3 
489 491 492 
3 
489 490 492 
3 
489 490 491 
5 
494 495 496 914 915 
3 
493 495 496 
3 
493 494 496 
4 
493 494 495 915 
4 
108 498 499 500 
5 
107 108 497 499 500 
3 
497 498 500 
3 
497 498 499 
7 
437 438 502 503 504 748 749 
8 
438 501 503 504 747 748 749 750 
8 
439 501 502 504 749 750 751 752 
7 
439 440 501 502 503 749 752 
3 
506 507 508 
4 
505 507 508 565 
4 
505 506 508 568 
3 
505 506 507 
3 
510 511 512 
3 
509 511 512 
3 
509 510 512 
3 
509 510 511 
3 
514 515 516 
3 
513 515 516 
3 
513 514 516 
4 
513 514 515 634 
3 
518 519 520 
3 
517 519 520 
3 
517 518 520 
3 
517 518 519 
4 
522 523 524 777 
5 
521 523 524 777 778 
7 
521 522 524 777 778 779 780 
6 
482 521 522 523 777 780 
4 
121 526 527 528 
5 
121 122 525 527 528 
9 
121 122 123 124 525 526 528 581 582 
6 
121 124 525 526 527 581 
3 
530 531 532 
3 
529 531 532 
3 
529 530 532 
3 
529 530 531 
4 
534 535 536 673 
5 
533 535 536 673 674 
7 
533 534 536 673 674 675 676 
5 
533 534 535 673 676 
5 
402 403 538 539 540 
3 
537 539 540 
3 
537 538 540 
4 
403 537 538 539 
9 
187 188 275 276 542 543 544 889 890 
6 
187 275 541 543 544 890 
7 
301 302 541 542 544 890 891 
8 
301 541 542 543 889 890 891 892 
3 
546 547 548 
3 
545 547 548 
3 
545 546 548 
3 
545 546 547 
4 
550 551 552 816 
5 
549 551 552 815 816 
3 
549 550 552 
3 
549 550 551 
3 
554 555 556 
3 
553 555 556 
4 
13 553 554 556 
3 
553 554 555 
3 
558 559 560 
3 
557 559 560 
3 
557 558 560 
3 
557 558 559 
3 
562 563 564 
3 
561 563 564 
3 
561 562 564 
3 
561 562 563 
4 
506 566 567 568 
3 
565 567 568 
4 
565 566 568 641 
4 
507 565 566 567 
3 
570 571 572 
3 
569 571 572 
3 
569 570 572 
3 
569 570 571 
3 
574 575 576 
3 
573 575 576 
3 
573 574 576 
4 
573 574 575 710 
3 
578 579 580 
5 
577 579 580 969 972 
4 
577 578 580 972 
3 
577 578 579 
9 
121 122 123 124 527 528 582 583 584 
6 
122 123 527 581 583 584 
4 
123 581 582 584 
5 
123 124 581 582 583 
3 
586 587 588 
3 
585 587 588 
4 
585 586 588 933 
4 
585 586 587 882 
7 
165 166 167 168 590 591 592 
6 
137 166 167 589 591 592 
6 
137 140 167 589 590 592 
5 
167 168 589 590 591 
7 
415 416 594 595 596 938 939 
4 
415 593 595 596 
3 
593 594 596 
4 
593 594 595 939 
4 
598 599 600 740 
4 
597 599 600 739 
3 
597 598 600 
3 
597 598 599 
5 
602 603 604 823 824 
4 
601 603 604 823 
5 
365 366 601 602 604 
4 
365 601 602 603 
3 
606 607 608 
4 
605 607 608 957 
5 
605 606 608 957 960 
3 
605 606 607 
7 
610 611 612 949 950 951 952 
5 
609 611 612 950 951 
4 
609 610 612 951 
5 
609 610 611 951 952 
3 
614 615 616 
5 
301 304 613 615 616 
4 
304 613 614 616 
3 
613 614 615 
4 
390 618 619 620 
3 
617 619 620 
3 
617 618 620 
5 
390 391 617 618 619 
4 
622 623 624 902 
3 
621 623 624 
5 
373 374 621 622 624 
6 
373 621 622 623 902 903 
5 
626 627 628 650 898 
3 
625 627 628 
4 
625 626 628 862 
9 
625 626 627 650 651 861 862 898 899 
7 
151 630 631 632 642 643 682 
3 
629 631 632 
3 
629 630 632 
6 
629 630 631 643 682 683 
3 
634 635 636 
4 
516 633 635 636 
3 
633 634 636 
3 
633 634 635 
4 
449 638 639 640 
5 
449 450 637 639 640 
8 
110 449 450 451 452 637 638 640 
8 
109 110 422 449 452 637 638 639 
7 
149 152 567 642 643 644 681 
10 
149 150 151 152 629 641 643 644 681 682 
11 
151 152 629 632 641 642 644 681 682 683 684 
6 
152 641 642 643 681 684 
5 
646 647 648 721 724 
7 
645 647 648 721 722 723 724 
6 
645 646 648 677 723 724 
4 
645 646 647 724 
7 
650 651 652 897 898 899 900 
7 
625 628 649 651 652 898 899 
9 
89 90 628 649 650 652 861 886 899 
8 
89 649 650 651 885 886 899 900 
3 
654 655 656 
3 
653 655 656 
3 
653 654 656 
3 
653 654 655 
3 
658 659 660 
3 
657 659 660 
3 
657 658 660 
3 
657 658 659 
3 
662 663 664 
3 
661 663 664 
3 
661 662 664 
3 
661 662 663 
3 
666 667 668 
3 
665 667 668 
3 
665 666 668 
4 
665 666 667 758 
4 
100 670 671 672 
5 
99 100 669 671 672 
3 
669 670 672 
3 
669 670 671 
7 
533 534 535 536 674 675 676 
5 
534 535 673 675 676 
4 
535 673 674 676 
5 
535 536 673 674 675 
4 
647 678 679 680 
3 
677 679 680 
3 
677 678 680 
3 
677 678 679 
8 
152 641 642 643 644 682 683 684 
9 
151 152 629 632 642 643 681 683 684 
5 
632 643 681 682 684 
5 
643 644 681 682 683 
6 
158 221 222 686 687 688 
4 
222 685 687 688 
5 
222 223 685 686 688 
9 
158 159 221 222 223 224 685 686 687 
7 
57 58 101 102 690 691 692 
5 
58 102 689 691 692 
7 
58 59 102 103 689 690 692 
11 
57 58 59 60 101 102 103 104 689 690 691 
3 
694 695 696 
3 
693 695 696 
3 
693 694 696 
4 
230 693 694 695 
3 
698 699 700 
3 
697 699 700 
3 
697 698 700 
3 
697 698 699 
5 
702 703 704 783 784 
4 
701 703 704 783 
3 
701 702 704 
3 
701 702 703 
3 
706 707 708 
3 
705 707 708 
3 
705 706 708 
3 
705 706 707 
3 
710 711 712 
4 
576 709 711 712 
3 
709 710 712 
3 
709 710 711 
5 
714 715 716 798 799 
3 
713 715 716 
3 
713 714 716 
4 
713 714 715 799 
3 
718 719 720 
3 
717 719 720 
3 
717 718 720 
3 
717 718 719 
5 
645 646 722 723 724 
4 
646 721 723 724 
5 
646 647 721 722 724 
7 
645 646 647 648 721 722 723 
5 
67 68 726 727 728 
4 
67 725 727 728 
4 
725 726 728 985 
3 
725 726 727 
3 
730 731 732 
3 
729 731 732 
3 
729 730 732 
3 
729 730 731 
3 
734 735 736 
3 
733 735 736 
5 
94 190 733 734 736 
7 
93 94 189 190 733 734 735 
3 
738 739 740 
3 
737 739 740 
4 
598 737 738 740 
4 
597 737 738 739 
5 
742 743 744 874 875 
3 
741 743 744 
3 
741 742 744 
4 
741 742 743 875 
3 
746 747 748 
3 
745 747 748 
5 
502 745 746 748 750 
7 
438 501 502 745 746 747 749 
10 
438 439 501 502 503 504 748 750 751 752 
6 
502 503 747 749 751 752 
6 
377 378 503 749 750 752 
7 
377 439 503 504 749 750 751 
3 
754 755 756 
4 
172 753 755 756 
4 
281 753 754 756 
4 
753 754 755 806 
3 
758 759 760 
4 
668 757 759 760 
3 
757 758 760 
3 
757 758 759 
6 
269 270 480 762 763 764 
6 
270 479 480 761 763 764 
4 
271 761 762 764 
5 
271 272 761 762 763 
3 
766 767 768 
3 
765 767 768 
3 
765 766 768 
3 
765 766 767 
3 
770 771 772 
3 
769 771 772 
3 
769 770 772 
3 
769 770 771 
3 
774 775 776 
3 
773 775 776 
3 
773 774 776 
3 
773 774 775 
8 
482 521 522 523 524 778 779 780 
5 
522 523 777 779 780 
4 
523 777 778 780 
7 
482 483 523 524 777 778 779 
5 
33 36 782 783 784 
7 
33 34 35 36 781 783 784 
7 
35 36 701 702 781 782 784 
5 
36 701 781 782 783 
3 
786 787 788 
3 
785 787 788 
3 
785 786 788 
3 
785 786 787 
6 
213 353 354 790 791 792 
6 
213 214 354 789 791 792 
9 
173 174 215 216 354 355 789 790 792 
9 
173 216 353 354 355 356 789 790 791 
3 
794 795 796 
5 
461 464 793 795 796 
4 
464 793 794 796 
3 
793 794 795 
3 
798 799 800 
4 
713 797 799 800 
5 
713 716 797 798 800 
3 
797 798 799 
3 
802 803 804 
3 
801 803 804 
3 
801 802 804 
3 
801 802 803 
3 
806 807 808 
4 
756 805 807 808 
3 
805 806 808 
3 
805 806 807 
7 
225 226 227 228 810 811 812 
5 
226 227 809 811 812 
4 
227 809 810 812 
6 
227 228 809 810 811 934 
3 
814 815 816 
3 
813 815 816 
4 
550 813 814 816 
5 
549 550 813 814 815 
3 
818 819 820 
3 
817 819 820 
3 
817 818 820 
3 
817 818 819 
3 
822 823 824 
3 
821 823 824 
5 
601 602 821 822 824 
4 
601 821 822 823 
3 
826 827 828 
3 
825 827 828 
3 
825 826 828 
3 
825 826 827 
5 
447 448 830 831 832 
4 
447 829 831 832 
3 
829 830 832 
3 
829 830 831 
3 
834 835 836 
3 
833 835 836 
3 
833 834 836 
3 
833 834 835 
3 
838 839 840 
3 
837 839 840 
3 
837 838 840 
3 
837 838 839 
7 
261 262 263 264 842 843 844 
5 
262 263 841 843 844 
4 
263 841 842 844 
5 
263 264 841 842 843 
3 
846 847 848 
3 
845 847 848 
4 
394 845 846 848 
5 
393 394 845 846 847 
3 
850 851 852 
3 
849 851 852 
3 
849 850 852 
3 
849 850 851 
5 
94 95 854 855 856 
3 
853 855 856 
3 
853 854 856 
5 
95 370 853 854 855 
3 
858 859 860 
3 
857 859 860 
3 
857 858 860 
3 
857 858 859 
9 
89 90 628 651 862 863 864 886 899 
6 
90 627 628 861 863 864 
5 
90 91 861 862 864 
9 
89 90 91 92 861 862 863 886 887 
3 
866 867 868 
3 
865 867 868 
3 
865 866 868 
3 
865 866 867 
3 
870 871 872 
3 
869 871 872 
3 
869 870 872 
3 
869 870 871 
3 
874 875 876 
4 
741 873 875 876 
5 
741 744 873 874 876 
3 
873 874 875 
3 
878 879 880 
3 
877 879 880 
3 
877 878 880 
3 
877 878 879 
3 
882 883 884 
4 
588 881 883 884 
3 
881 882 884 
3 
881 882 883 
6 
89 92 652 886 887 888 
11 
89 90 91 92 651 652 861 864 885 887 888 
6 
91 92 864 885 886 888 
4 
92 885 886 887 
7 
187 188 541 544 890 891 892 
8 
187 541 542 543 544 889 891 892 
7 
301 302 543 544 889 890 892 
5 
301 544 889 890 891 
3 
894 895 896 
3 
893 895 896 
3 
893 894 896 
3 
893 894 895 
4 
649 898 899 900 
7 
625 628 649 650 897 899 900 
9 
628 649 650 651 652 861 897 898 900 
5 
649 652 897 898 899 
3 
902 903 904 
5 
621 624 901 903 904 
4 
624 901 902 904 
3 
901 902 903 
4 
325 906 907 908 
5 
325 326 905 907 908 
8 
18 325 326 327 328 905 906 908 
7 
17 18 325 328 905 906 907 
3 
910 911 912 
3 
909 911 912 
3 
909 910 912 
3 
909 910 911 
3 
914 915 916 
4 
493 913 915 916 
5 
493 496 913 914 916 
3 
913 914 915 
3 
918 919 920 
3 
917 919 920 
3 
917 918 920 
3 
917 918 919 
3 
922 923 924 
3 
921 923 924 
3 
921 922 924 
3 
921 922 923 
3 
926 927 928 
3 
925 927 928 
3 
925 926 928 
3 
925 926 927 
3 
930 931 932 
5 
293 444 929 931 932 
5 
293 296 929 930 932 
3 
929 930 931 
4 
587 934 935 936 
5 
228 812 933 935 936 
3 
933 934 936 
3 
933 934 935 
3 
938 939 940 
6 
413 416 593 937 939 940 
6 
416 593 596 937 938 940 
3 
937 938 939 
3 
942 943 944 
3 
941 943 944 
3 
941 942 944 
4 
74 941 942 943 
3 
946 947 948 
3 
945 947 948 
3 
945 946 948 
3 
945 946 947 
4 
609 950 951 952 
5 
609 610 949 951 952 
7 
609 610 611 612 949 950 952 
5 
609 612 949 950 951 
5 
181 184 954 955 956 
8 
180 181 182 183 184 953 955 956 
5 
183 184 953 954 956 
4 
184 953 954 955 
5 
606 607 958 959 960 
3 
957 959 960 
3 
957 958 960 
4 
607 957 958 959 
5 
117 120 962 963 964 
7 
117 118 119 120 961 963 964 
5 
119 120 961 962 964 
4 
120 961 962 963 
3 
966 967 968 
3 
965 967 968 
3 
965 966 968 
3 
965 966 967 
4 
578 970 971 972 
3 
969 971 972 
3 
969 970 972 
5 
578 579 969 970 971 
5 
485 486 974 975 976 
4 
486 973 975 976 
5 
486 487 973 974 976 
7 
485 486 487 488 973 974 975 
3 
978 979 980 
3 
977 979 980 
3 
977 978 980 
3 
977 978 979 
7 
254 255 311 312 982 983 984 
4 
311 981 983 984 
3 
981 982 984 
4 
255 981 982 983 
4 
727 986 987 988 
3 
985 987 988 
3 
985 986 988 
3 
985 986 987 
3 
990 991 992 
3 
989 991 992 
3 
989 990 992 
3 
989 990 991 
3 
994 995 996 
3 
993 995 996 
3 
993 994 996 
3 
993 994 995 
3 
998 999 1000 
3 
997 999 1000 
3 
997 998 1000 
3 
997 998 999 