
250 
4 
3 
2 3 4 
3 
1 3 4 
3 
1 2 4 
3 
1 2 3 
3 
6 7 8 
4 
5 7 8 560 
3 
5 6 8 
3 
5 6 7 
3 
10 11 12 
3 
9 11 12 
3 
9 10 12 
3 
9 10 11 
3 
14 15 16 
3 
13 15 16 
3 
13 14 16 
3 
13 14 15 
5 
18 19 20 71 394 
3 
17 19 20 
3 
17 18 20 
5 
17 18 19 394 395 
3 
22 23 24 
3 
21 23 24 
3 
21 22 24 
3 
21 22 23 
5 
26 27 28 106 107 
3 
25 27 28 
3 
25 26 28 
4 
25 26 27 107 
7 
30 31 32 321 793 796 988 
13 
29 31 32 321 322 793 794 795 796 945 948 987 988 
10 
29 30 32 321 322 323 324 795 796 948 
6 
29 30 31 321 324 796 
3 
34 35 36 
3 
33 35 36 
3 
33 34 36 
4 
33 34 35 50 
4 
38 39 40 378 
3 
37 39 40 
5 
37 38 40 885 886 
6 
37 38 39 378 379 885 
4 
42 43 44 618 
3 
41 43 44 
4 
41 42 44 658 
7 
41 42 43 618 619 657 658 
3 
46 47 48 
3 
45 47 48 
3 
45 46 48 
3 
45 46 47 
3 
50 51 52 
4 
36 49 51 52 
3 
49 50 52 
3 
49 50 51 
5 
54 55 56 237 240 
9 
53 55 56 237 238 239 240 717 720 
6 
53 54 56 239 240 720 
4 
53 54 55 240 
3 
58 59 60 
3 
57 59 60 
3 
57 58 60 
3 
57 58 59 
3 
62 63 64 
3 
61 63 64 
3 
61 62 64 
3 
61 62 63 
7 
66 67 68 589 590 591 592 
5 
65 67 68 590 591 
5 
65 66 68 591 998 
7 
65 66 67 591 592 997 998 
3 
70 71 72 
3 
69 71 72 
5 
17 69 70 72 394 
5 
69 70 71 393 394 
5 
74 75 76 389 390 
6 
73 75 76 390 425 428 
6 
73 74 76 390 391 428 
7 
73 74 75 389 390 391 392 
3 
78 79 80 
3 
77 79 80 
3 
77 78 80 
3 
77 78 79 
3 
82 83 84 
4 
81 83 84 445 
5 
81 82 84 445 448 
3 
81 82 83 
4 
86 87 88 208 
6 
85 87 88 207 208 436 
3 
85 86 88 
3 
85 86 87 
3 
90 91 92 
3 
89 91 92 
3 
89 90 92 
4 
89 90 91 522 
3 
94 95 96 
3 
93 95 96 
3 
93 94 96 
3 
93 94 95 
3 
98 99 100 
4 
97 99 100 221 
5 
97 98 100 221 224 
3 
97 98 99 
4 
102 103 104 485 
7 
101 103 104 485 486 897 900 
8 
101 102 104 485 486 487 488 900 
5 
101 102 103 485 488 
3 
106 107 108 
4 
25 105 107 108 
5 
25 28 105 106 108 
3 
105 106 107 
5 
110 111 112 329 332 
7 
109 111 112 329 330 331 332 
5 
109 110 112 331 332 
4 
109 110 111 332 
5 
114 115 116 758 759 
4 
113 115 116 216 
3 
113 114 116 
4 
113 114 115 759 
4 
118 119 120 275 
3 
117 119 120 
3 
117 118 120 
3 
117 118 119 
5 
122 123 124 357 360 
8 
121 123 124 277 357 358 359 360 
7 
121 122 124 277 280 359 360 
4 
121 122 123 360 
4 
126 127 128 388 
5 
125 127 128 387 388 
3 
125 126 128 
3 
125 126 127 
3 
130 131 132 
3 
129 131 132 
3 
129 130 132 
3 
129 130 131 
3 
134 135 136 
3 
133 135 136 
3 
133 134 136 
3 
133 134 135 
3 
138 139 140 
3 
137 139 140 
3 
137 138 140 
3 
137 138 139 
4 
142 143 144 570 
4 
141 143 144 193 
6 
141 142 144 193 196 661 
5 
141 142 143 570 571 
3 
146 147 148 
3 
145 147 148 
3 
145 146 148 
3 
145 146 147 
3 
150 151 152 
3 
149 151 152 
3 
149 150 152 
3 
149 150 151 
3 
154 155 156 
3 
153 155 156 
4 
153 154 156 565 
3 
153 154 155 
4 
158 159 160 478 
3 
157 159 160 
3 
157 158 160 
5 
157 158 159 478 479 
3 
162 163 164 
3 
161 163 164 
3 
161 162 164 
3 
161 162 163 
3 
166 167 168 
3 
165 167 168 
3 
165 166 168 
3 
165 166 167 
4 
170 171 172 533 
7 
169 171 172 481 484 533 534 
9 
169 170 172 181 484 533 534 535 536 
5 
169 170 171 533 536 
4 
174 175 176 582 
4 
173 175 176 385 
5 
173 174 176 385 388 
4 
173 174 175 583 
6 
178 179 180 384 902 956 
7 
177 179 180 383 384 955 956 
3 
177 178 180 
5 
177 178 179 902 903 
8 
171 182 183 184 483 484 534 535 
4 
181 183 184 483 
4 
181 182 184 226 
6 
181 182 183 225 226 535 
3 
186 187 188 
3 
185 187 188 
4 
185 186 188 450 
5 
185 186 187 449 450 
4 
190 191 192 700 
5 
189 191 192 699 700 
3 
189 190 192 
3 
189 190 191 
5 
142 143 194 195 196 
3 
193 195 196 
4 
193 194 196 662 
6 
143 193 194 195 661 662 
3 
198 199 200 
3 
197 199 200 
3 
197 198 200 
3 
197 198 199 
7 
202 203 204 585 586 587 588 
5 
201 203 204 586 587 
5 
201 202 204 587 909 
5 
201 202 203 587 588 
4 
206 207 208 433 
7 
205 207 208 433 434 729 732 
9 
86 205 206 208 433 434 435 436 732 
7 
85 86 205 206 207 433 436 
3 
210 211 212 
3 
209 211 212 
3 
209 210 212 
3 
209 210 211 
3 
214 215 216 
4 
213 215 216 232 
3 
213 214 216 
4 
114 213 214 215 
4 
218 219 220 367 
3 
217 219 220 
3 
217 218 220 
3 
217 218 219 
5 
98 99 222 223 224 
4 
221 223 224 701 
5 
221 222 224 701 704 
4 
99 221 222 223 
4 
184 226 227 228 
5 
183 184 225 227 228 
4 
225 226 228 537 
3 
225 226 227 
5 
230 231 232 527 528 
4 
229 231 232 527 
3 
229 230 232 
4 
214 229 230 231 
3 
234 235 236 
3 
233 235 236 
3 
233 234 236 
3 
233 234 235 
7 
53 54 238 239 240 717 720 
8 
54 237 239 240 717 718 719 720 
7 
54 55 237 238 240 719 720 
8 
53 54 55 56 237 238 239 720 
5 
242 243 244 409 410 
4 
241 243 244 410 
5 
241 242 244 410 411 
7 
241 242 243 409 410 411 412 
3 
246 247 248 
3 
245 247 248 
4 
245 246 248 525 
3 
245 246 247 
4 
250 251 252 891 
3 
249 251 252 
3 
249 250 252 
3 
249 250 251 
3 
254 255 256 
3 
253 255 256 
3 
253 254 256 
3 
253 254 255 
3 
258 259 260 
3 
257 259 260 
3 
257 258 260 
3 
257 258 259 
9 
262 263 264 289 290 291 292 293 296 
9 
261 263 264 290 291 293 294 295 296 
6 
261 262 264 291 295 296 
6 
261 262 263 291 292 296 
4 
266 267 268 550 
3 
265 267 268 
3 
265 266 268 
5 
265 266 267 550 551 
5 
270 271 272 753 754 
4 
269 271 272 754 
6 
269 270 272 318 754 755 
9 
269 270 271 317 318 753 754 755 756 
3 
274 275 276 
3 
273 275 276 
4 
117 273 274 276 
3 
273 274 275 
9 
122 123 278 279 280 357 358 359 360 
5 
277 279 280 358 359 
4 
277 278 280 359 
6 
123 277 278 279 359 360 
5 
282 283 284 995 996 
4 
281 283 284 995 
3 
281 282 284 
3 
281 282 283 
3 
286 287 288 
3 
285 287 288 
3 
285 286 288 
4 
285 286 287 598 
5 
261 290 291 292 293 
7 
261 262 289 291 292 293 294 
9 
261 262 263 264 289 290 292 295 296 
6 
261 264 289 290 291 296 
7 
261 262 289 290 294 295 296 
5 
262 290 293 295 296 
6 
262 263 291 293 294 296 
9 
261 262 263 264 291 292 293 294 295 
4 
298 299 300 782 
3 
297 299 300 
3 
297 298 300 
5 
297 298 299 782 783 
3 
302 303 304 
3 
301 303 304 
3 
301 302 304 
3 
301 302 303 
3 
306 307 308 
3 
305 307 308 
3 
305 306 308 
3 
305 306 307 
4 
310 311 312 916 
5 
309 311 312 915 916 
3 
309 310 312 
3 
309 310 311 
3 
314 315 316 
3 
313 315 316 
3 
313 314 316 
3 
313 314 315 
5 
272 318 319 320 756 
7 
271 272 317 319 320 755 756 
3 
317 318 320 
4 
317 318 319 786 
9 
29 30 31 32 322 323 324 795 796 
7 
30 31 321 323 324 795 948 
4 
31 321 322 324 
5 
31 32 321 322 323 
3 
326 327 328 
3 
325 327 328 
3 
325 326 328 
3 
325 326 327 
5 
109 110 330 331 332 
4 
110 329 331 332 
5 
110 111 329 330 332 
7 
109 110 111 112 329 330 331 
3 
334 335 336 
3 
333 335 336 
3 
333 334 336 
4 
333 334 335 622 
3 
338 339 340 
3 
337 339 340 
3 
337 338 340 
3 
337 338 339 
4 
342 343 344 529 
5 
341 343 344 529 530 
7 
341 342 344 529 530 531 532 
5 
341 342 343 529 532 
3 
346 347 348 
6 
345 347 348 516 817 820 
4 
345 346 348 820 
3 
345 346 347 
3 
350 351 352 
3 
349 351 352 
3 
349 350 352 
3 
349 350 351 
3 
354 355 356 
3 
353 355 356 
3 
353 354 356 
3 
353 354 355 
6 
121 122 277 358 359 360 
6 
122 277 278 357 359 360 
9 
122 123 277 278 279 280 357 358 360 
9 
121 122 123 124 277 280 357 358 359 
3 
362 363 364 
3 
361 363 364 
3 
361 362 364 
3 
361 362 363 
3 
366 367 368 
3 
365 367 368 
4 
217 365 366 368 
3 
365 366 367 
3 
370 371 372 
3 
369 371 372 
3 
369 370 372 
3 
369 370 371 
3 
374 375 376 
3 
373 375 376 
3 
373 374 376 
3 
373 374 375 
3 
378 379 380 
6 
37 40 377 379 380 885 
6 
40 377 378 380 885 888 
3 
377 378 379 
5 
382 383 384 684 953 
7 
381 383 384 683 684 953 954 
8 
178 381 382 384 953 954 955 956 
8 
177 178 381 382 383 902 953 956 
5 
174 175 386 387 388 
3 
385 387 388 
4 
126 385 386 388 
6 
125 126 175 385 386 387 
5 
73 76 390 391 392 
9 
73 74 75 76 389 391 392 425 428 
8 
75 76 389 390 392 428 993 994 
5 
76 389 390 391 993 
6 
72 394 395 396 942 943 
7 
17 20 71 72 393 395 396 
4 
20 393 394 396 
4 
393 394 395 943 
3 
398 399 400 
3 
397 399 400 
3 
397 398 400 
3 
397 398 399 
3 
402 403 404 
3 
401 403 404 
3 
401 402 404 
3 
401 402 403 
3 
406 407 408 
3 
405 407 408 
3 
405 406 408 
3 
405 406 407 
5 
241 244 410 411 412 
7 
241 242 243 244 409 411 412 
5 
243 244 409 410 412 
4 
244 409 410 411 
3 
414 415 416 
3 
413 415 416 
3 
413 414 416 
3 
413 414 415 
3 
418 419 420 
3 
417 419 420 
3 
417 418 420 
3 
417 418 419 
3 
422 423 424 
3 
421 423 424 
3 
421 422 424 
3 
421 422 423 
5 
74 390 426 427 428 
3 
425 427 428 
3 
425 426 428 
7 
74 75 390 391 425 426 427 
3 
430 431 432 
3 
429 431 432 
4 
429 430 432 677 
3 
429 430 431 
9 
205 206 207 208 434 435 436 729 732 
9 
206 207 433 435 436 729 730 731 732 
6 
207 433 434 436 731 732 
7 
86 207 208 433 434 435 732 
3 
438 439 440 
3 
437 439 440 
3 
437 438 440 
4 
437 438 439 898 
3 
442 443 444 
4 
441 443 444 965 
5 
441 442 444 965 968 
3 
441 442 443 
5 
82 83 446 447 448 
3 
445 447 448 
3 
445 446 448 
4 
83 445 446 447 
4 
188 450 451 452 
5 
187 188 449 451 452 
3 
449 450 452 
3 
449 450 451 
3 
454 455 456 
3 
453 455 456 
3 
453 454 456 
3 
453 454 455 
3 
458 459 460 
3 
457 459 460 
3 
457 458 460 
3 
457 458 459 
3 
462 463 464 
3 
461 463 464 
3 
461 462 464 
3 
461 462 463 
3 
466 467 468 
3 
465 467 468 
3 
465 466 468 
3 
465 466 467 
3 
470 471 472 
3 
469 471 472 
3 
469 470 472 
3 
469 470 471 
3 
474 475 476 
3 
473 475 476 
3 
473 474 476 
3 
473 474 475 
3 
478 479 480 
5 
157 160 477 479 480 
4 
160 477 478 480 
3 
477 478 479 
6 
170 482 483 484 533 534 
4 
481 483 484 534 
7 
181 182 481 482 484 534 535 
10 
170 171 181 481 482 483 533 534 535 536 
7 
101 102 103 104 486 487 488 
7 
102 103 485 487 488 897 900 
5 
103 485 486 488 900 
5 
103 104 485 486 487 
4 
490 491 492 833 
5 
489 491 492 833 834 
7 
489 490 492 833 834 835 836 
5 
489 490 491 833 836 
3 
494 495 496 
5 
493 495 496 825 828 
4 
493 494 496 828 
3 
493 494 495 
3 
498 499 500 
3 
497 499 500 
3 
497 498 500 
3 
497 498 499 
4 
502 503 504 969 
7 
501 503 504 645 648 969 970 
8 
501 502 504 648 969 970 971 972 
5 
501 502 503 969 972 
3 
506 507 508 
3 
505 507 508 
3 
505 506 508 
3 
505 506 507 
4 
510 511 512 695 
3 
509 511 512 
3 
509 510 512 
3 
509 510 511 
3 
514 515 516 
3 
513 515 516 
4 
513 514 516 818 
6 
346 513 514 515 817 818 
3 
518 519 520 
3 
517 519 520 
3 
517 518 520 
3 
517 518 519 
3 
522 523 524 
4 
92 521 523 524 
3 
521 522 524 
3 
521 522 523 
4 
247 526 527 528 
3 
525 527 528 
5 
229 230 525 526 528 
4 
229 525 526 527 
7 
341 342 343 344 530 531 532 
5 
342 343 529 531 532 
4 
343 529 530 532 
5 
343 344 529 530 531 
9 
169 170 171 172 481 484 534 535 536 
10 
170 171 181 481 482 483 484 533 535 536 
8 
171 181 184 483 484 533 534 536 
6 
171 172 484 533 534 535 
4 
227 538 539 540 
3 
537 539 540 
3 
537 538 540 
3 
537 538 539 
4 
542 543 544 892 
5 
541 543 544 891 892 
3 
541 542 544 
3 
541 542 543 
4 
546 547 548 805 
4 
545 547 548 806 
7 
545 546 548 773 774 806 807 
6 
545 546 547 773 805 808 
3 
550 551 552 
5 
265 268 549 551 552 
4 
268 549 550 552 
3 
549 550 551 
3 
554 555 556 
3 
553 555 556 
3 
553 554 556 
3 
553 554 555 
3 
558 559 560 
3 
557 559 560 
3 
557 558 560 
4 
6 557 558 559 
3 
562 563 564 
4 
561 563 564 696 
3 
561 562 564 
3 
561 562 563 
4 
155 566 567 568 
3 
565 567 568 
3 
565 566 568 
3 
565 566 567 
3 
570 571 572 
5 
141 144 569 571 572 
4 
144 569 570 572 
3 
569 570 571 
3 
574 575 576 
3 
573 575 576 
3 
573 574 576 
3 
573 574 575 
3 
578 579 580 
3 
577 579 580 
5 
577 578 580 705 706 
4 
577 578 579 705 
3 
582 583 584 
4 
173 581 583 584 
4 
176 581 582 584 
3 
581 582 583 
4 
201 586 587 588 
5 
201 202 585 587 588 
7 
201 202 203 204 585 586 588 
5 
201 204 585 586 587 
4 
65 590 591 592 
5 
65 66 589 591 592 
7 
65 66 67 68 589 590 592 
5 
65 68 589 590 591 
3 
594 595 596 
3 
593 595 596 
3 
593 594 596 
3 
593 594 595 
3 
598 599 600 
4 
288 597 599 600 
3 
597 598 600 
3 
597 598 599 
3 
602 603 604 
3 
601 603 604 
3 
601 602 604 
3 
601 602 603 
5 
606 607 608 906 907 
3 
605 607 608 
3 
605 606 608 
4 
605 606 607 907 
5 
610 611 612 933 936 
7 
609 611 612 933 934 935 936 
5 
609 610 612 935 936 
4 
609 610 611 936 
3 
614 615 616 
3 
613 615 616 
3 
613 614 616 
3 
613 614 615 
3 
618 619 620 
6 
41 44 617 619 620 657 
6 
44 617 618 620 657 660 
3 
617 618 619 
3 
622 623 624 
4 
336 621 623 624 
3 
621 622 624 
3 
621 622 623 
3 
626 627 628 
3 
625 627 628 
3 
625 626 628 
3 
625 626 627 
4 
630 631 632 844 
5 
629 631 632 843 844 
3 
629 630 632 
3 
629 630 631 
6 
634 635 636 701 702 961 
6 
633 635 636 702 961 962 
9 
633 634 636 702 703 961 962 963 964 
9 
633 634 635 701 702 703 704 961 964 
3 
638 639 640 
3 
637 639 640 
3 
637 638 640 
3 
637 638 639 
3 
642 643 644 
3 
641 643 644 
3 
641 642 644 
3 
641 642 643 
6 
502 646 647 648 969 970 
4 
645 647 648 970 
5 
645 646 648 970 971 
9 
502 503 645 646 647 969 970 971 972 
3 
650 651 652 
3 
649 651 652 
3 
649 650 652 
3 
649 650 651 
3 
654 655 656 
3 
653 655 656 
3 
653 654 656 
3 
653 654 655 
6 
44 618 619 658 659 660 
5 
43 44 657 659 660 
3 
657 658 660 
4 
619 657 658 659 
5 
143 196 662 663 664 
5 
195 196 661 663 664 
3 
661 662 664 
3 
661 662 663 
3 
666 667 668 
3 
665 667 668 
3 
665 666 668 
3 
665 666 667 
3 
670 671 672 
3 
669 671 672 
3 
669 670 672 
3 
669 670 671 
6 
674 675 676 711 712 852 
6 
673 675 676 711 851 852 
3 
673 674 676 
3 
673 674 675 
4 
431 678 679 680 
3 
677 679 680 
3 
677 678 680 
3 
677 678 679 
3 
682 683 684 
3 
681 683 684 
5 
382 681 682 684 954 
7 
381 382 681 682 683 953 954 
6 
686 687 688 723 724 878 
4 
685 687 688 723 
3 
685 686 688 
5 
685 686 687 878 879 
3 
690 691 692 
3 
689 691 692 
3 
689 690 692 
3 
689 690 691 
3 
694 695 696 
3 
693 695 696 
4 
509 693 694 696 
4 
562 693 694 695 
3 
698 699 700 
3 
697 699 700 
4 
190 697 698 700 
5 
189 190 697 698 699 
7 
222 223 633 636 702 703 704 
9 
633 634 635 636 701 703 704 961 964 
6 
635 636 701 702 704 964 
5 
223 636 701 702 703 
5 
579 580 706 707 708 
4 
579 705 707 708 
3 
705 706 708 
3 
705 706 707 
3 
710 711 712 
4 
709 711 712 849 
7 
673 674 709 710 712 849 852 
4 
673 709 710 711 
3 
714 715 716 
4 
713 715 716 741 
5 
713 714 716 741 744 
3 
713 714 715 
6 
54 237 238 718 719 720 
4 
238 717 719 720 
5 
238 239 717 718 720 
9 
54 55 237 238 239 240 717 718 719 
3 
722 723 724 
3 
721 723 724 
6 
685 686 721 722 724 878 
6 
685 721 722 723 877 878 
3 
726 727 728 
3 
725 727 728 
4 
725 726 728 830 
5 
725 726 727 829 830 
6 
206 433 434 730 731 732 
4 
434 729 731 732 
5 
434 435 729 730 732 
9 
206 207 433 434 435 436 729 730 731 
3 
734 735 736 
3 
733 735 736 
3 
733 734 736 
3 
733 734 735 
3 
738 739 740 
3 
737 739 740 
3 
737 738 740 
3 
737 738 739 
5 
714 715 742 743 744 
3 
741 743 744 
3 
741 742 744 
4 
715 741 742 743 
3 
746 747 748 
3 
745 747 748 
3 
745 746 748 
3 
745 746 747 
5 
750 751 752 901 904 
7 
749 751 752 901 902 903 904 
5 
749 750 752 903 904 
4 
749 750 751 904 
5 
269 272 754 755 756 
7 
269 270 271 272 753 755 756 
6 
271 272 318 753 754 756 
6 
272 317 318 753 754 755 
3 
758 759 760 
4 
113 757 759 760 
5 
113 116 757 758 760 
4 
757 758 759 914 
3 
762 763 764 
3 
761 763 764 
3 
761 762 764 
4 
761 762 763 946 
5 
766 767 768 785 788 
7 
765 767 768 785 786 787 788 
6 
765 766 768 769 787 788 
4 
765 766 767 788 
4 
767 770 771 772 
3 
769 771 772 
3 
769 770 772 
3 
769 770 771 
9 
547 548 774 775 776 805 806 807 808 
6 
547 773 775 776 806 807 
4 
773 774 776 807 
5 
773 774 775 807 808 
3 
778 779 780 
3 
777 779 780 
3 
777 778 780 
3 
777 778 779 
3 
782 783 784 
5 
297 300 781 783 784 
4 
300 781 782 784 
3 
781 782 783 
5 
765 766 786 787 788 
5 
320 766 785 787 788 
5 
766 767 785 786 788 
7 
765 766 767 768 785 786 787 
3 
790 791 792 
3 
789 791 792 
3 
789 790 792 
3 
789 790 791 
6 
29 30 794 795 796 988 
8 
30 793 795 796 945 948 987 988 
8 
30 31 321 322 793 794 796 948 
8 
29 30 31 32 321 793 794 795 
4 
798 799 800 989 
5 
797 799 800 989 990 
7 
797 798 800 989 990 991 992 
5 
797 798 799 989 992 
3 
802 803 804 
3 
801 803 804 
3 
801 802 804 
3 
801 802 803 
6 
545 548 773 806 807 808 
7 
546 547 773 774 805 807 808 
8 
547 773 774 775 776 805 806 808 
6 
548 773 776 805 806 807 
3 
810 811 812 
3 
809 811 812 
3 
809 810 812 
3 
809 810 811 
4 
814 815 816 835 
3 
813 815 816 
3 
813 814 816 
3 
813 814 815 
5 
346 516 818 819 820 
5 
515 516 817 819 820 
3 
817 818 820 
5 
346 347 817 818 819 
4 
822 823 824 871 
3 
821 823 824 
3 
821 822 824 
3 
821 822 823 
4 
494 826 827 828 
3 
825 827 828 
3 
825 826 828 
5 
494 495 825 826 827 
4 
728 830 831 832 
5 
727 728 829 831 832 
3 
829 830 832 
3 
829 830 831 
7 
489 490 491 492 834 835 836 
5 
490 491 833 835 836 
5 
491 813 833 834 836 
5 
491 492 833 834 835 
3 
838 839 840 
3 
837 839 840 
3 
837 838 840 
3 
837 838 839 
5 
842 843 844 887 888 
4 
841 843 844 887 
4 
630 841 842 844 
5 
629 630 841 842 843 
3 
846 847 848 
3 
845 847 848 
3 
845 846 848 
3 
845 846 847 
5 
710 711 850 851 852 
3 
849 851 852 
4 
674 849 850 852 
6 
673 674 711 849 850 851 
3 
854 855 856 
3 
853 855 856 
3 
853 854 856 
3 
853 854 855 
4 
858 859 860 865 
5 
857 859 860 865 866 
7 
857 858 860 865 866 867 868 
5 
857 858 859 865 868 
3 
862 863 864 
3 
861 863 864 
4 
861 862 864 870 
5 
861 862 863 869 870 
7 
857 858 859 860 866 867 868 
5 
858 859 865 867 868 
4 
859 865 866 868 
5 
859 860 865 866 867 
4 
864 870 871 872 
5 
863 864 869 871 872 
4 
821 869 870 872 
3 
869 870 871 
3 
874 875 876 
3 
873 875 876 
3 
873 874 876 
3 
873 874 875 
4 
724 878 879 880 
7 
685 688 723 724 877 879 880 
4 
688 877 878 880 
3 
877 878 879 
4 
882 883 884 952 
5 
881 883 884 951 952 
3 
881 882 884 
3 
881 882 883 
7 
39 40 378 379 886 887 888 
4 
39 885 887 888 
5 
841 842 885 886 888 
5 
379 841 885 886 887 
3 
890 891 892 
3 
889 891 892 
5 
249 542 889 890 892 
5 
541 542 889 890 891 
3 
894 895 896 
3 
893 895 896 
3 
893 894 896 
3 
893 894 895 
5 
102 486 898 899 900 
4 
440 897 899 900 
3 
897 898 900 
7 
102 103 486 487 897 898 899 
5 
749 750 902 903 904 
8 
177 180 384 750 901 903 904 956 
6 
180 750 751 901 902 904 
7 
749 750 751 752 901 902 903 
3 
906 907 908 
4 
605 905 907 908 
5 
605 608 905 906 908 
3 
905 906 907 
4 
203 910 911 912 
3 
909 911 912 
3 
909 910 912 
3 
909 910 911 
3 
914 915 916 
4 
760 913 915 916 
4 
310 913 914 916 
5 
309 310 913 914 915 
3 
918 919 920 
3 
917 919 920 
3 
917 918 920 
3 
917 918 919 
3 
922 923 924 
3 
921 923 924 
3 
921 922 924 
3 
921 922 923 
3 
926 927 928 
3 
925 927 928 
3 
925 926 928 
3 
925 926 927 
4 
930 931 932 979 
3 
929 931 932 
3 
929 930 932 
3 
929 930 931 
5 
609 610 934 935 936 
4 
610 933 935 936 
5 
610 611 933 934 936 
7 
609 610 611 612 933 934 935 
3 
938 939 940 
3 
937 939 940 
3 
937 938 940 
3 
937 938 939 
3 
942 943 944 
4 
393 941 943 944 
5 
393 396 941 942 944 
3 
941 942 943 
6 
30 794 946 947 948 987 
4 
764 945 947 948 
3 
945 946 948 
8 
30 31 322 794 795 945 946 947 
3 
950 951 952 
3 
949 951 952 
4 
882 949 950 952 
5 
881 882 949 950 951 
8 
381 382 383 384 684 954 955 956 
7 
382 383 683 684 953 955 956 
5 
178 383 953 954 956 
8 
177 178 383 384 902 953 954 955 
3 
958 959 960 
3 
957 959 960 
3 
957 958 960 
3 
957 958 959 
8 
633 634 635 636 702 962 963 964 
5 
634 635 961 963 964 
4 
635 961 962 964 
7 
635 636 702 703 961 962 963 
5 
442 443 966 967 968 
3 
965 967 968 
3 
965 966 968 
4 
443 965 966 967 
9 
501 502 503 504 645 648 970 971 972 
9 
502 503 645 646 647 648 969 971 972 
6 
503 647 648 969 970 972 
6 
503 504 648 969 970 971 
3 
974 975 976 
3 
973 975 976 
3 
973 974 976 
3 
973 974 975 
3 
978 979 980 
3 
977 979 980 
4 
929 977 978 980 
3 
977 978 979 
3 
982 983 984 
3 
981 983 984 
3 
981 982 984 
3 
981 982 983 
3 
986 987 988 
3 
985 987 988 
6 
30 794 945 985 986 988 
7 
29 30 793 794 985 986 987 
7 
797 798 799 800 990 991 992 
5 
798 799 989 991 992 
4 
799 989 990 992 
5 
799 800 989 990 991 
5 
391 392 994 995 996 
4 
391 993 995 996 
5 
281 282 993 994 996 
4 
281 993 994 995 
4 
68 998 999 1000 
5 
67 68 997 999 1000 
3 
997 998 1000 
3 
997 998 999 