
250 
4 
7 
2 3 4 5 6 7 8 
5 
1 3 4 6 7 
4 
1 2 4 7 
5 
1 2 3 7 8 
4 
1 6 7 8 
5 
1 2 5 7 8 
7 
1 2 3 4 5 6 8 
5 
1 4 5 6 7 
3 
10 11 12 
5 
9 11 12 885 888 
6 
9 10 12 157 158 888 
4 
9 10 11 157 
4 
14 15 16 28 
5 
13 15 16 27 28 
3 
13 14 16 
4 
13 14 15 438 
5 
18 19 20 703 704 
7 
17 19 20 633 636 703 733 
6 
17 18 20 636 733 736 
3 
17 18 19 
4 
22 23 24 188 
5 
21 23 24 187 188 
3 
21 22 24 
3 
21 22 23 
3 
26 27 28 
3 
25 27 28 
4 
14 25 26 28 
5 
13 14 25 26 27 
3 
30 31 32 
3 
29 31 32 
3 
29 30 32 
3 
29 30 31 
7 
34 35 36 841 842 843 844 
5 
33 35 36 842 843 
4 
33 34 36 843 
5 
33 34 35 843 844 
3 
38 39 40 
3 
37 39 40 
3 
37 38 40 
3 
37 38 39 
5 
42 43 44 354 472 
5 
41 43 44 471 472 
3 
41 42 44 
5 
41 42 43 354 355 
4 
46 47 48 852 
7 
45 47 48 851 852 937 940 
4 
45 46 48 940 
3 
45 46 47 
3 
50 51 52 
3 
49 51 52 
3 
49 50 52 
3 
49 50 51 
3 
54 55 56 
3 
53 55 56 
5 
53 54 56 861 862 
4 
53 54 55 861 
5 
58 59 60 663 664 
6 
57 59 60 663 933 936 
4 
57 58 60 936 
3 
57 58 59 
3 
62 63 64 
3 
61 63 64 
3 
61 62 64 
3 
61 62 63 
4 
66 67 68 965 
5 
65 67 68 965 966 
5 
65 66 68 967 968 
4 
65 66 67 968 
5 
70 71 72 245 248 
7 
69 71 72 245 246 247 248 
5 
69 70 72 247 248 
4 
69 70 71 248 
3 
74 75 76 
5 
73 75 76 493 496 
5 
73 74 76 496 822 
6 
73 74 75 426 821 822 
3 
78 79 80 
3 
77 79 80 
3 
77 78 80 
3 
77 78 79 
5 
82 83 84 909 912 
7 
81 83 84 909 910 911 912 
5 
81 82 84 911 912 
4 
81 82 83 912 
3 
86 87 88 
3 
85 87 88 
3 
85 86 88 
3 
85 86 87 
5 
90 91 92 649 652 
7 
89 91 92 649 650 651 652 
5 
89 90 92 651 652 
4 
89 90 91 652 
3 
94 95 96 
3 
93 95 96 
3 
93 94 96 
3 
93 94 95 
3 
98 99 100 
4 
97 99 100 360 
4 
97 98 100 761 
3 
97 98 99 
3 
102 103 104 
4 
101 103 104 741 
5 
101 102 104 741 744 
3 
101 102 103 
5 
106 107 108 301 304 
7 
105 107 108 301 302 303 304 
5 
105 106 108 303 304 
4 
105 106 107 304 
10 
110 111 112 361 364 419 723 724 997 998 
9 
109 111 112 361 362 363 364 723 998 
6 
109 110 112 363 364 999 
6 
109 110 111 364 999 1000 
3 
114 115 116 
4 
113 115 116 845 
4 
113 114 116 848 
3 
113 114 115 
5 
118 119 120 794 795 
3 
117 119 120 
3 
117 118 120 
4 
117 118 119 795 
3 
122 123 124 
3 
121 123 124 
3 
121 122 124 
3 
121 122 123 
3 
126 127 128 
3 
125 127 128 
3 
125 126 128 
3 
125 126 127 
5 
130 131 132 441 442 
4 
129 131 132 442 
5 
129 130 132 442 443 
7 
129 130 131 441 442 443 444 
3 
134 135 136 
3 
133 135 136 
3 
133 134 136 
3 
133 134 135 
3 
138 139 140 
3 
137 139 140 
3 
137 138 140 
3 
137 138 139 
3 
142 143 144 
3 
141 143 144 
5 
141 142 144 402 645 
5 
141 142 143 401 402 
3 
146 147 148 
3 
145 147 148 
4 
145 146 148 589 
3 
145 146 147 
3 
150 151 152 
3 
149 151 152 
3 
149 150 152 
3 
149 150 151 
3 
154 155 156 
3 
153 155 156 
3 
153 154 156 
4 
153 154 155 846 
5 
11 12 158 159 160 
4 
11 157 159 160 
3 
157 158 160 
3 
157 158 159 
5 
162 163 164 353 356 
7 
161 163 164 353 354 355 356 
5 
161 162 164 355 356 
5 
161 162 163 356 642 
3 
166 167 168 
5 
165 167 168 325 328 
4 
165 166 168 328 
3 
165 166 167 
5 
170 171 172 223 224 
4 
169 171 172 223 
3 
169 170 172 
4 
169 170 171 326 
3 
174 175 176 
4 
173 175 176 985 
5 
173 174 176 985 988 
3 
173 174 175 
8 
178 179 180 182 183 640 758 759 
5 
177 179 180 639 640 
3 
177 178 180 
5 
177 178 179 183 759 
5 
182 183 184 757 758 
6 
177 181 183 184 640 758 
7 
177 180 181 182 184 758 759 
7 
181 182 183 757 758 759 760 
3 
186 187 188 
3 
185 187 188 
4 
22 185 186 188 
5 
21 22 185 186 187 
3 
190 191 192 
5 
189 191 192 453 917 
7 
189 190 192 453 456 917 920 
3 
189 190 191 
3 
194 195 196 
3 
193 195 196 
3 
193 194 196 
4 
193 194 195 234 
3 
198 199 200 
3 
197 199 200 
3 
197 198 200 
4 
197 198 199 986 
3 
202 203 204 
3 
201 203 204 
3 
201 202 204 
3 
201 202 203 
5 
206 207 208 819 820 
4 
205 207 208 819 
3 
205 206 208 
3 
205 206 207 
3 
210 211 212 
3 
209 211 212 
3 
209 210 212 
3 
209 210 211 
5 
214 215 216 869 872 
6 
213 215 216 796 870 871 
5 
213 214 216 314 871 
6 
213 214 215 313 314 872 
5 
218 219 220 973 974 
4 
217 219 220 974 
5 
217 218 220 974 975 
7 
217 218 219 973 974 975 976 
3 
222 223 224 
3 
221 223 224 
5 
169 170 221 222 224 
4 
169 221 222 223 
3 
226 227 228 
3 
225 227 228 
3 
225 226 228 
3 
225 226 227 
3 
230 231 232 
4 
229 231 232 924 
4 
229 230 232 338 
5 
229 230 231 337 338 
3 
234 235 236 
4 
196 233 235 236 
4 
233 234 236 242 
5 
233 234 235 241 242 
5 
238 239 240 319 320 
4 
237 239 240 319 
3 
237 238 240 
3 
237 238 239 
4 
236 242 243 244 
5 
235 236 241 243 244 
3 
241 242 244 
3 
241 242 243 
5 
69 70 246 247 248 
5 
70 245 247 248 596 
6 
70 71 245 246 248 705 
7 
69 70 71 72 245 246 247 
3 
250 251 252 
3 
249 251 252 
3 
249 250 252 
3 
249 250 251 
3 
254 255 256 
3 
253 255 256 
3 
253 254 256 
3 
253 254 255 
7 
258 259 260 866 867 930 931 
3 
257 259 260 
3 
257 258 260 
5 
257 258 259 867 931 
3 
262 263 264 
3 
261 263 264 
5 
261 262 264 877 878 
4 
261 262 263 877 
3 
266 267 268 
4 
265 267 268 524 
3 
265 266 268 
3 
265 266 267 
7 
270 271 272 685 686 687 688 
5 
269 271 272 686 687 
4 
269 270 272 687 
5 
269 270 271 687 688 
4 
274 275 276 746 
3 
273 275 276 
3 
273 274 276 
5 
273 274 275 746 747 
5 
278 279 280 285 288 
7 
277 279 280 285 286 287 288 
5 
277 278 280 287 288 
4 
277 278 279 288 
5 
282 283 284 782 783 
3 
281 283 284 
3 
281 282 284 
4 
281 282 283 783 
5 
277 278 286 287 288 
4 
278 285 287 288 
5 
278 279 285 286 288 
7 
277 278 279 280 285 286 287 
3 
290 291 292 
3 
289 291 292 
3 
289 290 292 
3 
289 290 291 
3 
294 295 296 
3 
293 295 296 
3 
293 294 296 
3 
293 294 295 
6 
298 299 300 569 572 599 
8 
297 299 300 569 570 571 572 945 
7 
297 298 300 571 572 945 948 
5 
297 298 299 370 572 
5 
105 106 302 303 304 
4 
106 301 303 304 
5 
106 107 301 302 304 
7 
105 106 107 108 301 302 303 
8 
306 307 308 348 614 765 766 984 
8 
305 307 308 347 348 766 983 984 
5 
305 306 308 766 767 
9 
305 306 307 614 615 765 766 767 768 
3 
310 311 312 
4 
309 311 312 745 
7 
309 310 312 745 748 825 826 
4 
309 310 311 825 
4 
216 314 315 316 
6 
215 216 313 315 316 749 
7 
313 314 316 553 554 749 752 
4 
313 314 315 553 
3 
318 319 320 
3 
317 319 320 
5 
237 238 317 318 320 
4 
237 317 318 319 
4 
322 323 324 567 
3 
321 323 324 
3 
321 322 324 
3 
321 322 323 
4 
166 326 327 328 
4 
172 325 327 328 
3 
325 326 328 
5 
166 167 325 326 327 
3 
330 331 332 
3 
329 331 332 
3 
329 330 332 
3 
329 330 331 
5 
334 335 336 682 683 
3 
333 335 336 
4 
333 334 336 526 
6 
333 334 335 525 526 683 
4 
232 338 339 340 
5 
231 232 337 339 340 
3 
337 338 340 
3 
337 338 339 
3 
342 343 344 
3 
341 343 344 
3 
341 342 344 
3 
341 342 343 
5 
346 347 348 981 982 
4 
345 347 348 982 
6 
306 345 346 348 982 983 
9 
305 306 345 346 347 981 982 983 984 
5 
350 351 352 787 788 
4 
349 351 352 787 
3 
349 350 352 
3 
349 350 351 
5 
161 162 354 355 356 
6 
41 44 162 353 355 356 
6 
44 162 163 353 354 356 
7 
161 162 163 164 353 354 355 
3 
358 359 360 
3 
357 359 360 
3 
357 358 360 
4 
98 357 358 359 
12 
109 110 362 363 364 419 721 722 723 724 997 998 
7 
110 361 363 364 722 723 998 
8 
110 111 361 362 364 723 998 999 
13 
109 110 111 112 361 362 363 723 724 997 998 999 1000 
5 
366 367 368 433 434 
4 
365 367 368 434 
6 
365 366 368 434 435 562 
9 
365 366 367 433 434 435 436 561 562 
3 
370 371 372 
4 
300 369 371 372 
3 
369 370 372 
3 
369 370 371 
3 
374 375 376 
3 
373 375 376 
3 
373 374 376 
3 
373 374 375 
5 
378 379 380 422 423 
3 
377 379 380 
3 
377 378 380 
4 
377 378 379 423 
3 
382 383 384 
3 
381 383 384 
3 
381 382 384 
3 
381 382 383 
3 
386 387 388 
3 
385 387 388 
3 
385 386 388 
3 
385 386 387 
3 
390 391 392 
3 
389 391 392 
3 
389 390 392 
3 
389 390 391 
4 
394 395 396 714 
3 
393 395 396 
3 
393 394 396 
5 
393 394 395 714 715 
3 
398 399 400 
4 
397 399 400 797 
7 
397 398 400 797 800 809 810 
4 
397 398 399 809 
4 
144 402 403 404 
5 
143 144 401 403 404 
3 
401 402 404 
3 
401 402 403 
7 
406 407 408 881 882 883 884 
5 
405 407 408 882 883 
4 
405 406 408 883 
5 
405 406 407 883 884 
9 
410 411 412 865 868 875 932 978 979 
9 
409 411 412 865 866 867 868 931 932 
5 
409 410 412 867 868 
5 
409 410 411 868 979 
5 
414 415 416 939 940 
4 
413 415 416 939 
3 
413 414 416 
3 
413 414 415 
3 
418 419 420 
4 
417 419 420 721 
9 
109 361 417 418 420 721 724 910 997 
5 
417 418 419 909 910 
3 
422 423 424 
4 
377 421 423 424 
5 
377 380 421 422 424 
3 
421 422 423 
7 
426 427 428 450 451 821 824 
8 
76 425 427 428 821 822 823 824 
5 
425 426 428 823 824 
5 
425 426 427 451 824 
3 
430 431 432 
4 
429 431 432 592 
4 
429 430 432 666 
5 
429 430 431 665 666 
7 
365 368 434 435 436 561 562 
8 
365 366 367 368 433 435 436 562 
7 
367 368 433 434 436 562 563 
8 
368 433 434 435 561 562 563 564 
3 
438 439 440 
4 
16 437 439 440 
3 
437 438 440 
3 
437 438 439 
5 
129 132 442 443 444 
7 
129 130 131 132 441 443 444 
5 
131 132 441 442 444 
4 
132 441 442 443 
3 
446 447 448 
3 
445 447 448 
4 
445 446 448 769 
3 
445 446 447 
3 
450 451 452 
4 
425 449 451 452 
5 
425 428 449 450 452 
3 
449 450 451 
9 
190 191 454 455 456 917 918 919 920 
5 
453 455 456 918 919 
5 
453 454 456 919 954 
8 
191 453 454 455 919 920 953 954 
3 
458 459 460 
3 
457 459 460 
3 
457 458 460 
3 
457 458 459 
3 
462 463 464 
3 
461 463 464 
3 
461 462 464 
3 
461 462 463 
3 
466 467 468 
3 
465 467 468 
3 
465 466 468 
3 
465 466 467 
4 
470 471 472 504 
5 
469 471 472 503 504 
4 
42 469 470 472 
5 
41 42 469 470 471 
3 
474 475 476 
3 
473 475 476 
3 
473 474 476 
4 
473 474 475 878 
5 
478 479 480 731 732 
4 
477 479 480 731 
3 
477 478 480 
3 
477 478 479 
3 
482 483 484 
3 
481 483 484 
3 
481 482 484 
3 
481 482 483 
7 
486 487 488 833 834 835 836 
5 
485 487 488 834 835 
4 
485 486 488 835 
5 
485 486 487 835 836 
3 
490 491 492 
3 
489 491 492 
3 
489 490 492 
3 
489 490 491 
4 
74 494 495 496 
3 
493 495 496 
4 
493 494 496 925 
6 
74 75 493 494 495 822 
7 
498 499 500 689 690 691 692 
5 
497 499 500 690 691 
4 
497 498 500 691 
5 
497 498 499 691 692 
3 
502 503 504 
3 
501 503 504 
4 
470 501 502 504 
5 
469 470 501 502 503 
3 
506 507 508 
3 
505 507 508 
3 
505 506 508 
3 
505 506 507 
5 
510 511 512 585 586 
4 
509 511 512 586 
5 
509 510 512 586 587 
7 
509 510 511 585 586 587 588 
6 
514 515 516 615 767 768 
4 
513 515 516 767 
3 
513 514 516 
3 
513 514 515 
5 
518 519 520 989 992 
7 
517 519 520 989 990 991 992 
6 
517 518 520 789 991 992 
4 
517 518 519 992 
3 
522 523 524 
3 
521 523 524 
3 
521 522 524 
4 
266 521 522 523 
4 
336 526 527 528 
5 
335 336 525 527 528 
3 
525 526 528 
3 
525 526 527 
4 
530 531 532 555 
3 
529 531 532 
3 
529 530 532 
3 
529 530 531 
3 
534 535 536 
3 
533 535 536 
3 
533 534 536 
3 
533 534 535 
5 
538 539 540 993 994 
4 
537 539 540 994 
5 
537 538 540 994 995 
7 
537 538 539 993 994 995 996 
3 
542 543 544 
3 
541 543 544 
5 
541 542 544 626 858 
7 
541 542 543 625 626 857 858 
3 
546 547 548 
3 
545 547 548 
3 
545 546 548 
3 
545 546 547 
3 
550 551 552 
4 
549 551 552 860 
3 
549 550 552 
3 
549 550 551 
5 
315 316 554 555 556 
6 
315 553 555 556 749 752 
5 
529 553 554 556 752 
3 
553 554 555 
3 
558 559 560 
3 
557 559 560 
3 
557 558 560 
3 
557 558 559 
6 
368 433 436 562 563 564 
9 
367 368 433 434 435 436 561 563 564 
5 
435 436 561 562 564 
4 
436 561 562 563 
3 
566 567 568 
3 
565 567 568 
4 
321 565 566 568 
3 
565 566 567 
5 
297 298 570 571 572 
4 
298 569 571 572 
7 
298 299 569 570 572 945 946 
8 
297 298 299 300 569 570 571 945 
6 
574 575 576 737 738 780 
6 
573 575 576 738 779 780 
5 
573 574 576 738 739 
7 
573 574 575 737 738 739 740 
3 
578 579 580 
5 
577 579 580 841 844 
4 
577 578 580 844 
3 
577 578 579 
3 
582 583 584 
3 
581 583 584 
3 
581 582 584 
3 
581 582 583 
5 
509 512 586 587 588 
7 
509 510 511 512 585 587 588 
5 
511 512 585 586 588 
4 
512 585 586 587 
4 
147 590 591 592 
5 
589 591 592 817 820 
4 
589 590 592 820 
4 
430 589 590 591 
3 
594 595 596 
3 
593 595 596 
3 
593 594 596 
4 
246 593 594 595 
3 
598 599 600 
3 
597 599 600 
4 
297 597 598 600 
3 
597 598 599 
5 
602 603 604 710 711 
3 
601 603 604 
3 
601 602 604 
4 
601 602 603 711 
3 
606 607 608 
3 
605 607 608 
3 
605 606 608 
3 
605 606 607 
3 
610 611 612 
3 
609 611 612 
3 
609 610 612 
3 
609 610 611 
3 
614 615 616 
6 
305 308 613 615 616 765 
6 
308 513 613 614 616 768 
3 
613 614 615 
3 
618 619 620 
3 
617 619 620 
3 
617 618 620 
3 
617 618 619 
3 
622 623 624 
3 
621 623 624 
4 
621 622 624 725 
3 
621 622 623 
6 
544 626 627 628 859 860 
6 
543 544 625 627 628 859 
3 
625 626 628 
3 
625 626 627 
3 
630 631 632 
3 
629 631 632 
3 
629 630 632 
3 
629 630 631 
6 
18 634 635 636 703 733 
5 
633 635 636 733 734 
7 
633 634 636 733 734 735 736 
7 
18 19 633 634 635 733 736 
3 
638 639 640 
3 
637 639 640 
4 
178 637 638 640 
7 
177 178 182 637 638 639 758 
3 
642 643 644 
4 
164 641 643 644 
3 
641 642 644 
3 
641 642 643 
4 
143 646 647 648 
3 
645 647 648 
3 
645 646 648 
3 
645 646 647 
5 
89 90 650 651 652 
4 
90 649 651 652 
5 
90 91 649 650 652 
7 
89 90 91 92 649 650 651 
3 
654 655 656 
3 
653 655 656 
3 
653 654 656 
3 
653 654 655 
5 
658 659 660 805 806 
4 
657 659 660 806 
5 
657 658 660 806 807 
7 
657 658 659 805 806 807 808 
3 
662 663 664 
3 
661 663 664 
5 
57 58 661 662 664 
4 
57 661 662 663 
4 
432 666 667 668 
5 
431 432 665 667 668 
3 
665 666 668 
3 
665 666 667 
3 
670 671 672 
3 
669 671 672 
3 
669 670 672 
3 
669 670 671 
3 
674 675 676 
3 
673 675 676 
3 
673 674 676 
3 
673 674 675 
3 
678 679 680 
3 
677 679 680 
3 
677 678 680 
3 
677 678 679 
3 
682 683 684 
4 
333 681 683 684 
5 
333 336 681 682 684 
3 
681 682 683 
4 
269 686 687 688 
5 
269 270 685 687 688 
7 
269 270 271 272 685 686 688 
5 
269 272 685 686 687 
4 
497 690 691 692 
5 
497 498 689 691 692 
7 
497 498 499 500 689 690 692 
5 
497 500 689 690 691 
3 
694 695 696 
3 
693 695 696 
3 
693 694 696 
3 
693 694 695 
3 
698 699 700 
3 
697 699 700 
3 
697 698 700 
3 
697 698 699 
3 
702 703 704 
3 
701 703 704 
6 
17 18 633 701 702 704 
4 
17 701 702 703 
4 
247 706 707 708 
3 
705 707 708 
3 
705 706 708 
3 
705 706 707 
3 
710 711 712 
4 
601 709 711 712 
5 
601 604 709 710 712 
3 
709 710 711 
3 
714 715 716 
5 
393 396 713 715 716 
4 
396 713 714 716 
3 
713 714 715 
4 
718 719 720 988 
5 
717 719 720 987 988 
3 
717 718 720 
3 
717 718 719 
6 
361 418 419 722 723 724 
5 
361 362 721 723 724 
10 
109 110 361 362 363 364 721 722 724 998 
10 
109 361 364 419 721 722 723 910 997 998 
4 
623 726 727 728 
3 
725 727 728 
3 
725 726 728 
3 
725 726 727 
3 
730 731 732 
3 
729 731 732 
5 
477 478 729 730 732 
4 
477 729 730 731 
9 
18 19 633 634 635 636 734 735 736 
5 
634 635 733 735 736 
4 
635 733 734 736 
6 
19 635 636 733 734 735 
6 
573 576 738 739 740 780 
9 
573 574 575 576 737 739 740 779 780 
5 
575 576 737 738 740 
4 
576 737 738 739 
5 
102 103 742 743 744 
3 
741 743 744 
3 
741 742 744 
4 
103 741 742 743 
5 
310 311 746 747 748 
5 
273 276 745 747 748 
5 
276 745 746 748 826 
6 
311 745 746 747 825 826 
6 
314 315 554 750 751 752 
3 
749 751 752 
3 
749 750 752 
6 
315 554 555 749 750 751 
3 
754 755 756 
3 
753 755 756 
3 
753 754 756 
3 
753 754 755 
5 
181 184 758 759 760 
9 
177 181 182 183 184 640 757 759 760 
7 
177 180 183 184 757 758 760 
4 
184 757 758 759 
4 
99 762 763 764 
3 
761 763 764 
3 
761 762 764 
3 
761 762 763 
7 
305 308 614 766 767 768 984 
9 
305 306 307 308 765 767 768 983 984 
7 
307 308 513 514 765 766 768 
6 
308 513 615 765 766 767 
4 
447 770 771 772 
3 
769 771 772 
3 
769 770 772 
3 
769 770 771 
3 
774 775 776 
3 
773 775 776 
3 
773 774 776 
3 
773 774 775 
3 
778 779 780 
3 
777 779 780 
5 
574 738 777 778 780 
7 
573 574 737 738 777 778 779 
4 
782 783 784 890 
4 
281 781 783 784 
5 
281 284 781 782 784 
5 
781 782 783 890 891 
3 
786 787 788 
3 
785 787 788 
5 
349 350 785 786 788 
4 
349 785 786 787 
4 
519 790 791 792 
3 
789 791 792 
4 
789 790 792 970 
5 
789 790 791 969 970 
4 
794 795 796 870 
4 
117 793 795 796 
5 
117 120 793 794 796 
6 
214 793 794 795 870 871 
5 
398 399 798 799 800 
3 
797 799 800 
3 
797 798 800 
5 
399 797 798 799 810 
3 
802 803 804 
3 
801 803 804 
3 
801 802 804 
3 
801 802 803 
5 
657 660 806 807 808 
7 
657 658 659 660 805 807 808 
5 
659 660 805 806 808 
4 
660 805 806 807 
5 
399 400 810 811 812 
5 
399 800 809 811 812 
3 
809 810 812 
3 
809 810 811 
3 
814 815 816 
3 
813 815 816 
3 
813 814 816 
3 
813 814 815 
4 
590 818 819 820 
3 
817 819 820 
5 
205 206 817 818 820 
6 
205 590 591 817 818 819 
6 
76 425 426 822 823 824 
7 
75 76 426 496 821 823 824 
5 
426 427 821 822 824 
7 
425 426 427 428 821 822 823 
6 
311 312 748 826 827 828 
6 
311 747 748 825 827 828 
3 
825 826 828 
3 
825 826 827 
3 
830 831 832 
3 
829 831 832 
3 
829 830 832 
3 
829 830 831 
4 
485 834 835 836 
5 
485 486 833 835 836 
7 
485 486 487 488 833 834 836 
5 
485 488 833 834 835 
3 
838 839 840 
3 
837 839 840 
3 
837 838 840 
3 
837 838 839 
5 
33 578 842 843 844 
5 
33 34 841 843 844 
7 
33 34 35 36 841 842 844 
7 
33 36 578 579 841 842 843 
4 
114 846 847 848 
4 
156 845 847 848 
3 
845 846 848 
4 
115 845 846 847 
3 
850 851 852 
4 
849 851 852 937 
6 
46 849 850 852 937 940 
5 
45 46 849 850 851 
3 
854 855 856 
3 
853 855 856 
3 
853 854 856 
3 
853 854 855 
4 
544 858 859 860 
5 
543 544 857 859 860 
5 
625 626 857 858 860 
5 
550 625 857 858 859 
5 
55 56 862 863 864 
4 
55 861 863 864 
3 
861 862 864 
3 
861 862 863 
10 
409 410 866 867 868 874 875 929 932 978 
7 
257 410 865 867 868 930 931 
8 
257 260 410 411 865 866 868 931 
11 
409 410 411 412 865 866 867 875 932 978 979 
4 
213 870 871 872 
6 
214 793 796 869 871 872 
6 
214 215 796 869 870 872 
5 
213 216 869 870 871 
5 
874 875 876 977 978 
7 
865 873 875 876 929 932 978 
9 
409 865 868 873 874 876 932 978 979 
7 
873 874 875 977 978 979 980 
5 
263 264 878 879 880 
5 
263 476 877 879 880 
3 
877 878 880 
3 
877 878 879 
4 
405 882 883 884 
5 
405 406 881 883 884 
7 
405 406 407 408 881 882 884 
5 
405 408 881 882 883 
4 
10 886 887 888 
3 
885 887 888 
3 
885 886 888 
5 
10 11 885 886 887 
3 
890 891 892 
5 
781 784 889 891 892 
4 
784 889 890 892 
3 
889 890 891 
3 
894 895 896 
3 
893 895 896 
3 
893 894 896 
3 
893 894 895 
3 
898 899 900 
3 
897 899 900 
3 
897 898 900 
3 
897 898 899 
3 
902 903 904 
3 
901 903 904 
3 
901 902 904 
3 
901 902 903 
3 
906 907 908 
3 
905 907 908 
3 
905 906 908 
3 
905 906 907 
6 
81 82 420 910 911 912 
8 
82 419 420 724 909 911 912 997 
6 
82 83 909 910 912 1000 
7 
81 82 83 84 909 910 911 
3 
914 915 916 
3 
913 915 916 
3 
913 914 916 
3 
913 914 915 
6 
190 191 453 918 919 920 
5 
453 454 917 919 920 
7 
453 454 455 456 917 918 920 
6 
191 453 456 917 918 919 
3 
922 923 924 
3 
921 923 924 
3 
921 922 924 
4 
230 921 922 923 
4 
495 926 927 928 
3 
925 927 928 
3 
925 926 928 
3 
925 926 927 
6 
865 874 930 931 932 978 
5 
257 866 929 931 932 
8 
257 260 410 866 867 929 930 932 
11 
409 410 865 868 874 875 929 930 931 978 979 
4 
58 934 935 936 
3 
933 935 936 
3 
933 934 936 
5 
58 59 933 934 935 
6 
46 850 851 938 939 940 
3 
937 939 940 
5 
413 414 937 938 940 
7 
46 47 413 851 937 938 939 
3 
942 943 944 
3 
941 943 944 
3 
941 942 944 
3 
941 942 943 
7 
298 299 571 572 946 947 948 
4 
571 945 947 948 
3 
945 946 948 
4 
299 945 946 947 
3 
950 951 952 
3 
949 951 952 
3 
949 950 952 
3 
949 950 951 
4 
456 954 955 956 
5 
455 456 953 955 956 
3 
953 954 956 
3 
953 954 955 
3 
958 959 960 
3 
957 959 960 
3 
957 958 960 
3 
957 958 959 
3 
962 963 964 
3 
961 963 964 
3 
961 962 964 
3 
961 962 963 
5 
65 66 966 967 968 
4 
66 965 967 968 
4 
67 965 966 968 
5 
67 68 965 966 967 
4 
792 970 971 972 
5 
791 792 969 971 972 
3 
969 970 972 
3 
969 970 971 
5 
217 220 974 975 976 
7 
217 218 219 220 973 975 976 
5 
219 220 973 974 976 
4 
220 973 974 975 
5 
873 876 978 979 980 
12 
409 865 868 873 874 875 876 929 932 977 979 980 
9 
409 412 868 875 876 932 977 978 980 
4 
876 977 978 979 
5 
345 348 982 983 984 
7 
345 346 347 348 981 983 984 
7 
306 347 348 766 981 982 984 
8 
305 306 348 765 766 981 982 983 
5 
174 175 986 987 988 
4 
200 985 987 988 
4 
718 985 986 988 
6 
175 717 718 985 986 987 
5 
517 518 990 991 992 
4 
518 989 991 992 
5 
518 519 989 990 992 
7 
517 518 519 520 989 990 991 
5 
537 540 994 995 996 
7 
537 538 539 540 993 995 996 
5 
539 540 993 994 996 
4 
540 993 994 995 
9 
109 361 364 419 724 910 998 999 1000 
11 
109 110 361 362 363 364 723 724 997 999 1000 
7 
111 112 363 364 997 998 1000 
6 
112 364 911 997 998 999 