
250 
4 
6 
2 3 4 605 606 869 
7 
1 3 4 224 606 869 870 
9 
1 2 4 606 607 869 870 871 872 
9 
1 2 3 605 606 607 608 869 872 
3 
6 7 8 
3 
5 7 8 
3 
5 6 8 
3 
5 6 7 
6 
10 11 12 437 593 596 
9 
9 11 12 437 438 593 594 595 596 
9 
9 10 12 437 438 439 440 595 596 
6 
9 10 11 437 440 596 
5 
14 15 16 175 176 
5 
13 15 16 175 552 
3 
13 14 16 
3 
13 14 15 
4 
18 19 20 980 
6 
17 19 20 369 979 980 
5 
17 18 20 369 372 
3 
17 18 19 
3 
22 23 24 
3 
21 23 24 
4 
21 22 24 793 
3 
21 22 23 
7 
26 27 28 117 118 119 120 
5 
25 27 28 118 119 
4 
25 26 28 119 
5 
25 26 27 119 120 
3 
30 31 32 
3 
29 31 32 
3 
29 30 32 
3 
29 30 31 
3 
34 35 36 
3 
33 35 36 
3 
33 34 36 
3 
33 34 35 
5 
38 39 40 657 660 
7 
37 39 40 657 658 659 660 
5 
37 38 40 659 660 
4 
37 38 39 660 
3 
42 43 44 
3 
41 43 44 
3 
41 42 44 
3 
41 42 43 
3 
46 47 48 
3 
45 47 48 
4 
45 46 48 786 
5 
45 46 47 785 786 
6 
50 51 52 357 358 766 
7 
49 51 52 358 821 824 944 
7 
49 50 52 125 358 359 824 
10 
49 50 51 114 357 358 359 360 766 767 
5 
54 55 56 285 288 
7 
53 55 56 285 286 287 288 
5 
53 54 56 287 288 
4 
53 54 55 288 
5 
58 59 60 837 840 
7 
57 59 60 837 838 839 840 
5 
57 58 60 839 840 
4 
57 58 59 840 
4 
62 63 64 145 
5 
61 63 64 145 146 
8 
61 62 64 145 146 147 148 374 
7 
61 62 63 145 148 373 374 
4 
66 67 68 963 
3 
65 67 68 
3 
65 66 68 
3 
65 66 67 
5 
70 71 72 197 200 
7 
69 71 72 197 198 199 200 
5 
69 70 72 199 200 
4 
69 70 71 200 
5 
74 75 76 903 904 
4 
73 75 76 903 
3 
73 74 76 
3 
73 74 75 
3 
78 79 80 
3 
77 79 80 
3 
77 78 80 
3 
77 78 79 
4 
82 83 84 632 
5 
81 83 84 631 632 
3 
81 82 84 
3 
81 82 83 
3 
86 87 88 
3 
85 87 88 
3 
85 86 88 
3 
85 86 87 
3 
90 91 92 
4 
89 91 92 528 
3 
89 90 92 
3 
89 90 91 
3 
94 95 96 
3 
93 95 96 
3 
93 94 96 
3 
93 94 95 
5 
98 99 100 213 377 
7 
97 99 100 213 214 377 378 
9 
97 98 100 215 216 377 378 379 380 
7 
97 98 99 216 377 380 430 
5 
102 103 104 529 532 
7 
101 103 104 529 530 531 532 
8 
101 102 104 305 306 531 532 850 
7 
101 102 103 305 532 849 850 
5 
106 107 108 241 242 
4 
105 107 108 242 
7 
105 106 108 221 222 242 243 
8 
105 106 107 221 241 242 243 244 
3 
110 111 112 
3 
109 111 112 
3 
109 110 112 
3 
109 110 111 
10 
114 115 116 357 360 765 766 767 768 846 
10 
52 113 115 116 357 358 359 360 766 767 
6 
113 114 116 359 360 767 
8 
113 114 115 360 767 768 846 847 
6 
25 118 119 120 191 192 
6 
25 26 117 119 120 191 
7 
25 26 27 28 117 118 120 
5 
25 28 117 118 119 
5 
122 123 124 397 398 
6 
121 123 124 398 613 741 
8 
121 122 124 398 399 616 741 744 
7 
121 122 123 397 398 399 400 
8 
51 126 127 128 313 645 823 824 
8 
125 127 128 313 314 645 646 823 
11 
125 126 128 313 314 315 316 645 646 647 648 
7 
125 126 127 313 316 645 648 
5 
130 131 132 247 248 
4 
129 131 132 247 
3 
129 130 132 
5 
129 130 131 154 830 
5 
134 135 136 875 876 
4 
133 135 136 875 
3 
133 134 136 
3 
133 134 135 
4 
138 139 140 684 
5 
137 139 140 683 684 
3 
137 138 140 
3 
137 138 139 
4 
142 143 144 497 
7 
141 143 144 497 498 805 808 
8 
141 142 144 497 498 499 500 808 
5 
141 142 143 497 500 
7 
61 62 63 64 146 147 148 
5 
62 63 145 147 148 
5 
63 145 146 148 374 
7 
63 64 145 146 147 373 374 
3 
150 151 152 
3 
149 151 152 
3 
149 150 152 
3 
149 150 151 
8 
154 155 156 227 829 830 831 832 
6 
132 153 155 156 830 831 
4 
153 154 156 831 
5 
153 154 155 831 832 
4 
158 159 160 490 
3 
157 159 160 
3 
157 158 160 
6 
157 158 159 490 491 918 
3 
162 163 164 
3 
161 163 164 
5 
161 162 164 805 806 
4 
161 162 163 805 
3 
166 167 168 
3 
165 167 168 
3 
165 166 168 
3 
165 166 167 
3 
170 171 172 
3 
169 171 172 
3 
169 170 172 
3 
169 170 171 
3 
174 175 176 
4 
173 175 176 549 
7 
13 14 173 174 176 549 552 
4 
13 173 174 175 
7 
178 179 180 733 734 735 736 
5 
177 179 180 734 735 
4 
177 178 180 735 
5 
177 178 179 735 736 
5 
182 183 184 561 562 
4 
181 183 184 562 
5 
181 182 184 562 563 
7 
181 182 183 561 562 563 564 
3 
186 187 188 
3 
185 187 188 
3 
185 186 188 
3 
185 186 187 
3 
190 191 192 
3 
189 191 192 
5 
117 118 189 190 192 
4 
117 189 190 191 
3 
194 195 196 
3 
193 195 196 
3 
193 194 196 
3 
193 194 195 
5 
69 70 198 199 200 
4 
70 197 199 200 
5 
70 71 197 198 200 
7 
69 70 71 72 197 198 199 
3 
202 203 204 
3 
201 203 204 
3 
201 202 204 
3 
201 202 203 
3 
206 207 208 
3 
205 207 208 
3 
205 206 208 
3 
205 206 207 
4 
210 211 212 630 
3 
209 211 212 
3 
209 210 212 
5 
209 210 211 630 631 
6 
97 98 214 215 216 377 
6 
98 213 215 216 377 378 
8 
99 213 214 216 377 378 379 380 
7 
99 100 213 214 215 377 380 
3 
218 219 220 
3 
217 219 220 
4 
217 218 220 898 
5 
217 218 219 897 898 
7 
107 108 222 223 224 243 244 
5 
107 221 223 224 243 
4 
221 222 224 870 
7 
2 221 222 223 606 869 870 
3 
226 227 228 
3 
225 227 228 
5 
153 225 226 228 829 
3 
225 226 227 
4 
230 231 232 325 
5 
229 231 232 325 326 
7 
229 230 232 325 326 327 328 
5 
229 230 231 325 328 
3 
234 235 236 
4 
233 235 236 493 
5 
233 234 236 493 496 
3 
233 234 235 
4 
238 239 240 585 
8 
237 239 240 273 561 564 585 586 
12 
237 238 240 273 276 564 585 586 587 588 969 970 
6 
237 238 239 585 588 969 
5 
105 108 242 243 244 
7 
105 106 107 108 241 243 244 
7 
107 108 221 222 241 242 244 
5 
108 221 241 242 243 
5 
246 247 248 478 479 
3 
245 247 248 
5 
129 130 245 246 248 
5 
129 245 246 247 479 
3 
250 251 252 
4 
249 251 252 628 
6 
249 250 252 461 462 578 
6 
249 250 251 461 577 578 
5 
254 255 256 753 756 
7 
253 255 256 753 754 755 756 
6 
253 254 256 755 756 978 
5 
253 254 255 756 977 
3 
258 259 260 
3 
257 259 260 
3 
257 258 260 
3 
257 258 259 
3 
262 263 264 
3 
261 263 264 
3 
261 262 264 
3 
261 262 263 
3 
266 267 268 
3 
265 267 268 
3 
265 266 268 
3 
265 266 267 
7 
270 271 272 365 368 694 695 
8 
269 271 272 320 365 366 367 368 
5 
269 270 272 367 368 
5 
269 270 271 368 695 
9 
238 239 274 275 276 564 585 586 970 
6 
273 275 276 563 564 586 
5 
273 274 276 586 587 
11 
239 273 274 275 585 586 587 588 670 970 971 
5 
278 279 280 458 459 
3 
277 279 280 
4 
277 278 280 629 
4 
277 278 279 459 
3 
282 283 284 
3 
281 283 284 
3 
281 282 284 
3 
281 282 283 
5 
53 54 286 287 288 
4 
54 285 287 288 
5 
54 55 285 286 288 
7 
53 54 55 56 285 286 287 
5 
290 291 292 522 523 
3 
289 291 292 
3 
289 290 292 
4 
289 290 291 523 
3 
294 295 296 
4 
293 295 296 452 
3 
293 294 296 
3 
293 294 295 
9 
298 299 300 422 423 573 574 575 576 
5 
297 299 300 574 575 
4 
297 298 300 575 
6 
297 298 299 423 575 576 
5 
302 303 304 989 990 
4 
301 303 304 990 
5 
301 302 304 990 991 
7 
301 302 303 989 990 991 992 
7 
103 104 306 307 308 850 851 
4 
103 305 307 308 
3 
305 306 308 
4 
305 306 307 851 
4 
310 311 312 405 
5 
309 311 312 405 406 
7 
309 310 312 405 406 407 408 
5 
309 310 311 405 408 
11 
125 126 127 128 314 315 316 645 648 823 824 
10 
126 127 313 315 316 645 646 647 648 823 
6 
127 313 314 316 647 648 
6 
127 128 313 314 315 648 
7 
318 319 320 513 514 515 516 
6 
317 319 320 514 515 984 
5 
317 318 320 366 515 
8 
270 317 318 319 365 366 515 516 
4 
322 323 324 960 
5 
321 323 324 959 960 
4 
321 322 324 473 
3 
321 322 323 
7 
229 230 231 232 326 327 328 
5 
230 231 325 327 328 
5 
231 325 326 328 833 
5 
231 232 325 326 327 
3 
330 331 332 
3 
329 331 332 
3 
329 330 332 
3 
329 330 331 
3 
334 335 336 
6 
333 335 336 701 704 913 
6 
333 334 336 704 913 916 
3 
333 334 335 
3 
338 339 340 
3 
337 339 340 
3 
337 338 340 
3 
337 338 339 
3 
342 343 344 
3 
341 343 344 
4 
341 342 344 713 
3 
341 342 343 
3 
346 347 348 
3 
345 347 348 
3 
345 346 348 
3 
345 346 347 
5 
350 351 352 671 672 
4 
349 351 352 671 
3 
349 350 352 
3 
349 350 351 
6 
354 355 356 777 780 996 
9 
353 355 356 777 778 779 780 995 996 
5 
353 354 356 779 780 
4 
353 354 355 780 
9 
49 52 113 114 358 359 360 766 767 
8 
49 50 51 52 114 357 359 360 
7 
51 52 114 115 357 358 360 
9 
52 113 114 115 116 357 358 359 767 
3 
362 363 364 
3 
361 363 364 
3 
361 362 364 
3 
361 362 363 
9 
269 270 320 366 367 368 515 516 694 
7 
270 319 320 365 367 368 515 
5 
270 271 365 366 368 
8 
269 270 271 272 365 366 367 695 
6 
18 19 370 371 372 979 
3 
369 371 372 
3 
369 370 372 
4 
19 369 370 371 
5 
64 148 374 375 376 
7 
63 64 147 148 373 375 376 
3 
373 374 376 
3 
373 374 375 
11 
97 98 99 100 213 214 215 216 378 379 380 
7 
98 99 214 215 377 379 380 
5 
99 215 377 378 380 
7 
99 100 215 216 377 378 379 
3 
382 383 384 
3 
381 383 384 
3 
381 382 384 
3 
381 382 383 
5 
386 387 388 450 451 
3 
385 387 388 
3 
385 386 388 
4 
385 386 387 451 
3 
390 391 392 
3 
389 391 392 
3 
389 390 392 
3 
389 390 391 
3 
394 395 396 
3 
393 395 396 
3 
393 394 396 
3 
393 394 395 
5 
121 124 398 399 400 
7 
121 122 123 124 397 399 400 
5 
123 124 397 398 400 
4 
124 397 398 399 
3 
402 403 404 
4 
401 403 404 757 
5 
401 402 404 757 760 
3 
401 402 403 
7 
309 310 311 312 406 407 408 
5 
310 311 405 407 408 
4 
311 405 406 408 
5 
311 312 405 406 407 
4 
410 411 412 975 
3 
409 411 412 
3 
409 410 412 
3 
409 410 411 
3 
414 415 416 
3 
413 415 416 
3 
413 414 416 
3 
413 414 415 
3 
418 419 420 
3 
417 419 420 
3 
417 418 420 
3 
417 418 419 
4 
422 423 424 573 
6 
297 421 423 424 573 574 
9 
297 300 421 422 424 573 574 575 576 
5 
421 422 423 573 576 
4 
426 427 428 889 
6 
425 427 428 885 889 890 
9 
425 426 428 885 888 889 890 891 892 
5 
425 426 427 889 892 
3 
430 431 432 
4 
100 429 431 432 
3 
429 430 432 
3 
429 430 431 
3 
434 435 436 
3 
433 435 436 
3 
433 434 436 
3 
433 434 435 
11 
9 10 11 12 438 439 440 593 594 595 596 
7 
10 11 437 439 440 594 595 
5 
11 437 438 440 595 
7 
11 12 437 438 439 595 596 
3 
442 443 444 
3 
441 443 444 
3 
441 442 444 
3 
441 442 443 
3 
446 447 448 
3 
445 447 448 
3 
445 446 448 
3 
445 446 447 
4 
450 451 452 827 
4 
385 449 451 452 
5 
385 388 449 450 452 
4 
294 449 450 451 
3 
454 455 456 
4 
453 455 456 736 
3 
453 454 456 
3 
453 454 455 
3 
458 459 460 
4 
277 457 459 460 
5 
277 280 457 458 460 
3 
457 458 459 
8 
251 252 462 463 464 578 589 590 
5 
251 461 463 464 590 
5 
461 462 464 590 591 
9 
461 462 463 578 579 589 590 591 592 
9 
466 467 468 885 886 887 888 890 891 
5 
465 467 468 886 887 
4 
465 466 468 887 
7 
465 466 467 518 887 888 891 
4 
470 471 472 864 
5 
469 471 472 863 864 
4 
469 470 472 625 
3 
469 470 471 
4 
323 474 475 476 
3 
473 475 476 
3 
473 474 476 
3 
473 474 475 
3 
478 479 480 
5 
245 477 479 480 792 
5 
245 248 477 478 480 
3 
477 478 479 
4 
482 483 484 949 
5 
481 483 484 949 950 
7 
481 482 484 949 950 951 952 
5 
481 482 483 949 952 
3 
486 487 488 
3 
485 487 488 
3 
485 486 488 
3 
485 486 487 
5 
490 491 492 917 918 
6 
157 160 489 491 492 918 
6 
160 489 490 492 918 919 
7 
489 490 491 917 918 919 920 
5 
234 235 494 495 496 
3 
493 495 496 
3 
493 494 496 
4 
235 493 494 495 
7 
141 142 143 144 498 499 500 
6 
142 143 497 499 500 808 
4 
143 497 498 500 
5 
143 144 497 498 499 
3 
502 503 504 
3 
501 503 504 
3 
501 502 504 
3 
501 502 503 
3 
506 507 508 
3 
505 507 508 
3 
505 506 508 
3 
505 506 507 
4 
510 511 512 848 
5 
509 511 512 847 848 
3 
509 510 512 
3 
509 510 511 
4 
317 514 515 516 
5 
317 318 513 515 516 
9 
317 318 319 320 365 366 513 514 516 
7 
317 320 365 513 514 515 694 
6 
518 519 520 888 891 892 
7 
468 517 519 520 887 888 891 
5 
517 518 520 901 902 
4 
517 518 519 901 
3 
522 523 524 
4 
289 521 523 524 
5 
289 292 521 522 524 
3 
521 522 523 
3 
526 527 528 
3 
525 527 528 
3 
525 526 528 
4 
90 525 526 527 
5 
101 102 530 531 532 
4 
102 529 531 532 
5 
102 103 529 530 532 
8 
101 102 103 104 529 530 531 850 
3 
534 535 536 
3 
533 535 536 
3 
533 534 536 
4 
533 534 535 554 
3 
538 539 540 
3 
537 539 540 
3 
537 538 540 
3 
537 538 539 
3 
542 543 544 
3 
541 543 544 
3 
541 542 544 
3 
541 542 543 
3 
546 547 548 
3 
545 547 548 
5 
545 546 548 653 654 
4 
545 546 547 653 
5 
174 175 550 551 552 
3 
549 551 552 
3 
549 550 552 
5 
14 175 549 550 551 
5 
554 555 556 746 906 
4 
536 553 555 556 
3 
553 554 556 
7 
553 554 555 746 747 906 907 
3 
558 559 560 
3 
557 559 560 
3 
557 558 560 
3 
557 558 559 
6 
181 184 238 562 563 564 
7 
181 182 183 184 561 563 564 
6 
183 184 274 561 562 564 
10 
184 238 239 273 274 561 562 563 586 970 
5 
566 567 568 581 584 
5 
565 567 568 582 583 
4 
565 566 568 583 
4 
565 566 567 584 
5 
570 571 572 680 965 
7 
569 571 572 679 680 965 966 
5 
569 570 572 967 968 
4 
569 570 571 968 
8 
297 421 422 423 424 574 575 576 
7 
297 298 422 423 573 575 576 
8 
297 298 299 300 423 573 574 576 
7 
297 300 423 424 573 574 575 
4 
252 578 579 580 
8 
251 252 461 464 577 579 580 589 
6 
464 577 578 580 589 592 
3 
577 578 579 
4 
565 582 583 584 
4 
566 581 583 584 
5 
566 567 581 582 584 
5 
565 568 581 582 583 
11 
237 238 239 240 273 276 586 587 588 969 970 
11 
238 239 273 274 275 276 564 585 587 588 970 
9 
239 275 276 585 586 588 670 970 971 
12 
239 240 276 585 586 587 669 670 969 970 971 972 
7 
461 464 578 579 590 591 592 
7 
461 462 463 464 589 591 592 
5 
463 464 589 590 592 
5 
464 579 589 590 591 
6 
9 10 437 594 595 596 
6 
10 437 438 593 595 596 
9 
10 11 437 438 439 440 593 594 596 
9 
9 10 11 12 437 440 593 594 595 
3 
598 599 600 
3 
597 599 600 
3 
597 598 600 
3 
597 598 599 
3 
602 603 604 
3 
601 603 604 
3 
601 602 604 
3 
601 602 603 
6 
1 4 606 607 608 869 
10 
1 2 3 4 224 605 607 608 869 870 
9 
3 4 605 606 608 869 870 871 872 
6 
4 605 606 607 869 872 
3 
610 611 612 
3 
609 611 612 
3 
609 610 612 
3 
609 610 611 
6 
122 614 615 616 741 742 
4 
613 615 616 742 
5 
613 614 616 742 743 
8 
123 613 614 615 741 742 743 744 
5 
618 619 620 937 938 
4 
617 619 620 938 
6 
617 618 620 858 938 939 
9 
617 618 619 857 858 937 938 939 940 
3 
622 623 624 
3 
621 623 624 
3 
621 622 624 
3 
621 622 623 
4 
471 626 627 628 
3 
625 627 628 
3 
625 626 628 
4 
250 625 626 627 
4 
279 630 631 632 
5 
209 212 629 631 632 
5 
82 212 629 630 632 
5 
81 82 629 630 631 
3 
634 635 636 
3 
633 635 636 
3 
633 634 636 
3 
633 634 635 
3 
638 639 640 
3 
637 639 640 
3 
637 638 640 
4 
637 638 639 682 
3 
642 643 644 
3 
641 643 644 
3 
641 642 644 
3 
641 642 643 
10 
125 126 127 128 313 314 646 647 648 823 
6 
126 127 314 645 647 648 
6 
127 314 315 645 646 648 
9 
127 128 313 314 315 316 645 646 647 
3 
650 651 652 
3 
649 651 652 
3 
649 650 652 
3 
649 650 651 
5 
547 548 654 655 656 
4 
547 653 655 656 
3 
653 654 656 
3 
653 654 655 
5 
37 38 658 659 660 
4 
38 657 659 660 
5 
38 39 657 658 660 
7 
37 38 39 40 657 658 659 
3 
662 663 664 
4 
661 663 664 665 
5 
661 662 664 665 668 
4 
661 662 663 798 
5 
662 663 666 667 668 
3 
665 667 668 
3 
665 666 668 
4 
663 665 666 667 
5 
588 670 671 672 972 
8 
276 587 588 669 671 672 971 972 
5 
349 350 669 670 672 
4 
349 669 670 671 
3 
674 675 676 
3 
673 675 676 
3 
673 674 676 
3 
673 674 675 
3 
678 679 680 
4 
677 679 680 813 
8 
570 677 678 680 813 816 965 966 
6 
569 570 677 678 679 965 
3 
682 683 684 
4 
640 681 683 684 
4 
138 681 682 684 
5 
137 138 681 682 683 
3 
686 687 688 
3 
685 687 688 
3 
685 686 688 
3 
685 686 687 
3 
690 691 692 
3 
689 691 692 
3 
689 690 692 
3 
689 690 691 
3 
694 695 696 
6 
269 365 516 693 695 696 
6 
269 272 368 693 694 696 
3 
693 694 695 
3 
698 699 700 
4 
697 699 700 921 
4 
697 698 700 924 
3 
697 698 699 
4 
334 702 703 704 
3 
701 703 704 
5 
701 702 704 913 914 
6 
334 335 701 702 703 913 
3 
706 707 708 
3 
705 707 708 
3 
705 706 708 
3 
705 706 707 
3 
710 711 712 
3 
709 711 712 
3 
709 710 712 
3 
709 710 711 
4 
343 714 715 716 
3 
713 715 716 
3 
713 714 716 
3 
713 714 715 
3 
718 719 720 
3 
717 719 720 
3 
717 718 720 
3 
717 718 719 
3 
722 723 724 
3 
721 723 724 
3 
721 722 724 
3 
721 722 723 
3 
726 727 728 
3 
725 727 728 
3 
725 726 728 
3 
725 726 727 
3 
730 731 732 
3 
729 731 732 
3 
729 730 732 
3 
729 730 731 
4 
177 734 735 736 
5 
177 178 733 735 736 
7 
177 178 179 180 733 734 736 
6 
177 180 454 733 734 735 
3 
738 739 740 
3 
737 739 740 
3 
737 738 740 
3 
737 738 739 
7 
122 123 613 616 742 743 744 
7 
613 614 615 616 741 743 744 
5 
615 616 741 742 744 
5 
123 616 741 742 743 
5 
746 747 748 905 908 
9 
553 556 745 747 748 905 906 907 908 
6 
556 745 746 748 907 908 
4 
745 746 747 908 
3 
750 751 752 
3 
749 751 752 
3 
749 750 752 
3 
749 750 751 
5 
253 254 754 755 756 
4 
254 753 755 756 
5 
254 255 753 754 756 
7 
253 254 255 256 753 754 755 
7 
402 403 758 759 760 781 784 
7 
757 759 760 781 782 783 784 
5 
757 758 760 783 784 
5 
403 757 758 759 784 
3 
762 763 764 
3 
761 763 764 
3 
761 762 764 
3 
761 762 763 
4 
113 766 767 768 
8 
49 52 113 114 357 765 767 768 
11 
52 113 114 115 116 357 360 765 766 768 846 
7 
113 116 765 766 767 845 846 
3 
770 771 772 
3 
769 771 772 
3 
769 770 772 
3 
769 770 771 
3 
774 775 776 
3 
773 775 776 
3 
773 774 776 
3 
773 774 775 
7 
353 354 778 779 780 995 996 
5 
354 777 779 780 995 
5 
354 355 777 778 780 
7 
353 354 355 356 777 778 779 
5 
757 758 782 783 784 
4 
758 781 783 784 
5 
758 759 781 782 784 
7 
757 758 759 760 781 782 783 
4 
48 786 787 788 
5 
47 48 785 787 788 
3 
785 786 788 
3 
785 786 787 
3 
790 791 792 
3 
789 791 792 
3 
789 790 792 
4 
478 789 790 791 
4 
23 794 795 796 
3 
793 795 796 
3 
793 794 796 
3 
793 794 795 
3 
798 799 800 
4 
664 797 799 800 
3 
797 798 800 
3 
797 798 799 
3 
802 803 804 
3 
801 803 804 
3 
801 802 804 
3 
801 802 803 
6 
142 163 164 806 807 808 
4 
163 805 807 808 
3 
805 806 808 
6 
142 143 498 805 806 807 
3 
810 811 812 
3 
809 811 812 
3 
809 810 812 
3 
809 810 811 
6 
678 679 814 815 816 966 
3 
813 815 816 
3 
813 814 816 
6 
679 813 814 815 966 967 
5 
818 819 820 921 922 
4 
817 819 820 922 
5 
817 818 820 922 923 
7 
817 818 819 921 922 923 924 
6 
50 822 823 824 943 944 
4 
821 823 824 943 
8 
125 126 313 314 645 821 822 824 
7 
50 51 125 313 821 822 823 
3 
826 827 828 
3 
825 827 828 
4 
449 825 826 828 
3 
825 826 827 
5 
153 227 830 831 832 
6 
132 153 154 829 831 832 
7 
153 154 155 156 829 830 832 
5 
153 156 829 830 831 
4 
327 834 835 836 
3 
833 835 836 
3 
833 834 836 
3 
833 834 835 
5 
57 58 838 839 840 
4 
58 837 839 840 
5 
58 59 837 838 840 
7 
57 58 59 60 837 838 839 
3 
842 843 844 
3 
841 843 844 
3 
841 842 844 
3 
841 842 843 
4 
768 846 847 848 
7 
113 116 767 768 845 847 848 
5 
116 510 845 846 848 
5 
509 510 845 846 847 
4 
104 850 851 852 
7 
103 104 305 532 849 851 852 
5 
305 308 849 850 852 
3 
849 850 851 
3 
854 855 856 
3 
853 855 856 
3 
853 854 856 
3 
853 854 855 
5 
620 858 859 860 940 
7 
619 620 857 859 860 939 940 
3 
857 858 860 
3 
857 858 859 
3 
862 863 864 
3 
861 863 864 
4 
470 861 862 864 
5 
469 470 861 862 863 
3 
866 867 868 
3 
865 867 868 
3 
865 866 868 
3 
865 866 867 
12 
1 2 3 4 224 605 606 607 608 870 871 872 
9 
2 3 223 224 606 607 869 871 872 
5 
3 607 869 870 872 
7 
3 4 607 608 869 870 871 
3 
874 875 876 
3 
873 875 876 
5 
133 134 873 874 876 
4 
133 873 874 875 
3 
878 879 880 
3 
877 879 880 
3 
877 878 880 
3 
877 878 879 
3 
882 883 884 
3 
881 883 884 
3 
881 882 884 
3 
881 882 883 
10 
426 427 465 886 887 888 889 890 891 892 
7 
465 466 885 887 888 890 891 
9 
465 466 467 468 518 885 886 888 891 
10 
427 465 468 517 518 885 886 887 891 892 
8 
425 426 427 428 885 890 891 892 
8 
426 427 465 885 886 889 891 892 
12 
427 465 468 517 518 885 886 887 888 889 890 892 
8 
427 428 517 885 888 889 890 891 
3 
894 895 896 
3 
893 895 896 
3 
893 894 896 
3 
893 894 895 
4 
220 898 899 900 
5 
219 220 897 899 900 
3 
897 898 900 
3 
897 898 899 
5 
519 520 902 903 904 
4 
519 901 903 904 
5 
73 74 901 902 904 
4 
73 901 902 903 
5 
745 746 906 907 908 
6 
553 556 746 905 907 908 
6 
556 746 747 905 906 908 
7 
745 746 747 748 905 906 907 
3 
910 911 912 
3 
909 911 912 
3 
909 910 912 
3 
909 910 911 
7 
334 335 703 704 914 915 916 
4 
703 913 915 916 
3 
913 914 916 
4 
335 913 914 915 
5 
489 492 918 919 920 
8 
160 489 490 491 492 917 919 920 
5 
491 492 917 918 920 
4 
492 917 918 919 
6 
698 817 820 922 923 924 
7 
817 818 819 820 921 923 924 
5 
819 820 921 922 924 
5 
699 820 921 922 923 
3 
926 927 928 
3 
925 927 928 
3 
925 926 928 
3 
925 926 927 
3 
930 931 932 
3 
929 931 932 
3 
929 930 932 
3 
929 930 931 
3 
934 935 936 
3 
933 935 936 
3 
933 934 936 
3 
933 934 935 
5 
617 620 938 939 940 
7 
617 618 619 620 937 939 940 
6 
619 620 858 937 938 940 
6 
620 857 858 937 938 939 
3 
942 943 944 
3 
941 943 944 
5 
821 822 941 942 944 
5 
50 821 941 942 943 
3 
946 947 948 
3 
945 947 948 
3 
945 946 948 
3 
945 946 947 
7 
481 482 483 484 950 951 952 
5 
482 483 949 951 952 
4 
483 949 950 952 
5 
483 484 949 950 951 
3 
954 955 956 
3 
953 955 956 
3 
953 954 956 
3 
953 954 955 
3 
958 959 960 
3 
957 959 960 
4 
322 957 958 960 
5 
321 322 957 958 959 
3 
962 963 964 
3 
961 963 964 
4 
65 961 962 964 
3 
961 962 963 
7 
569 570 679 680 966 967 968 
7 
570 679 813 816 965 967 968 
5 
571 816 965 966 968 
5 
571 572 965 966 967 
7 
239 240 585 588 970 971 972 
11 
239 273 276 564 585 586 587 588 969 971 972 
7 
276 587 588 670 969 970 972 
6 
588 669 670 969 970 971 
3 
974 975 976 
3 
973 975 976 
4 
409 973 974 976 
3 
973 974 975 
4 
256 978 979 980 
4 
255 977 979 980 
5 
18 369 977 978 980 
5 
17 18 977 978 979 
3 
982 983 984 
3 
981 983 984 
3 
981 982 984 
4 
318 981 982 983 
3 
986 987 988 
3 
985 987 988 
3 
985 986 988 
3 
985 986 987 
5 
301 304 990 991 992 
7 
301 302 303 304 989 991 992 
5 
303 304 989 990 992 
4 
304 989 990 991 
3 
994 995 996 
3 
993 995 996 
6 
354 777 778 993 994 996 
6 
353 354 777 993 994 995 
3 
998 999 1000 
3 
997 999 1000 
3 
997 998 1000 
3 
997 998 999 