
250 
4 
3 
2 3 4 
5 
1 3 4 529 532 
4 
1 2 4 532 
3 
1 2 3 
3 
6 7 8 
3 
5 7 8 
3 
5 6 8 
3 
5 6 7 
3 
10 11 12 
3 
9 11 12 
3 
9 10 12 
3 
9 10 11 
5 
14 15 16 545 548 
7 
13 15 16 545 546 547 548 
5 
13 14 16 547 548 
4 
13 14 15 548 
3 
18 19 20 
3 
17 19 20 
3 
17 18 20 
3 
17 18 19 
7 
22 23 24 773 774 775 776 
5 
21 23 24 774 775 
4 
21 22 24 775 
5 
21 22 23 775 776 
3 
26 27 28 
3 
25 27 28 
3 
25 26 28 
3 
25 26 27 
3 
30 31 32 
3 
29 31 32 
3 
29 30 32 
3 
29 30 31 
3 
34 35 36 
3 
33 35 36 
3 
33 34 36 
4 
33 34 35 770 
3 
38 39 40 
3 
37 39 40 
3 
37 38 40 
3 
37 38 39 
3 
42 43 44 
3 
41 43 44 
7 
41 42 44 337 338 570 961 
6 
41 42 43 337 569 570 
8 
46 47 48 369 370 687 784 787 
6 
45 47 48 370 783 784 
4 
45 46 48 371 
5 
45 46 47 371 372 
3 
50 51 52 
3 
49 51 52 
3 
49 50 52 
3 
49 50 51 
4 
54 55 56 400 
7 
53 55 56 89 92 399 400 
4 
53 54 56 92 
3 
53 54 55 
3 
58 59 60 
3 
57 59 60 
3 
57 58 60 
3 
57 58 59 
3 
62 63 64 
3 
61 63 64 
3 
61 62 64 
3 
61 62 63 
3 
66 67 68 
3 
65 67 68 
3 
65 66 68 
3 
65 66 67 
4 
70 71 72 761 
4 
69 71 72 762 
5 
69 70 72 762 763 
5 
69 70 71 761 764 
3 
74 75 76 
3 
73 75 76 
3 
73 74 76 
3 
73 74 75 
3 
78 79 80 
3 
77 79 80 
3 
77 78 80 
3 
77 78 79 
6 
82 83 84 233 983 984 
6 
81 83 84 233 234 983 
7 
81 82 84 233 234 235 236 
5 
81 82 83 233 236 
3 
86 87 88 
3 
85 87 88 
3 
85 86 88 
3 
85 86 87 
8 
54 90 91 92 397 398 399 400 
5 
89 91 92 398 399 
4 
89 90 92 399 
7 
54 55 89 90 91 399 400 
3 
94 95 96 
5 
93 95 96 301 304 
5 
93 94 96 165 304 
3 
93 94 95 
5 
98 99 100 601 602 
4 
97 99 100 602 
5 
97 98 100 602 603 
8 
97 98 99 278 601 602 603 604 
3 
102 103 104 
4 
101 103 104 709 
5 
101 102 104 709 712 
3 
101 102 103 
3 
106 107 108 
3 
105 107 108 
3 
105 106 108 
3 
105 106 107 
3 
110 111 112 
3 
109 111 112 
3 
109 110 112 
3 
109 110 111 
3 
114 115 116 
3 
113 115 116 
3 
113 114 116 
3 
113 114 115 
15 
118 119 120 137 138 705 706 707 708 973 974 975 976 993 996 
12 
117 119 120 138 706 707 974 975 993 994 995 996 
9 
117 118 120 138 139 707 975 995 996 
12 
117 118 119 137 138 139 140 707 708 975 976 996 
5 
122 123 124 933 934 
4 
121 123 124 934 
6 
121 122 124 745 934 935 
7 
121 122 123 933 934 935 936 
5 
126 127 128 595 596 
4 
125 127 128 595 
3 
125 126 128 
3 
125 126 127 
6 
130 131 132 585 657 658 
6 
129 131 132 585 586 658 
9 
129 130 132 585 586 587 588 658 659 
9 
129 130 131 585 588 657 658 659 660 
4 
134 135 136 413 
5 
133 135 136 413 414 
7 
133 134 136 413 414 415 416 
5 
133 134 135 413 416 
8 
117 120 138 139 140 708 973 976 
14 
117 118 119 120 137 139 140 707 708 973 974 975 976 996 
9 
119 120 137 138 140 733 734 975 976 
6 
120 137 138 139 733 976 
3 
142 143 144 
3 
141 143 144 
3 
141 142 144 
4 
141 142 143 518 
4 
146 147 148 793 
5 
145 147 148 793 794 
7 
145 146 148 793 794 795 796 
5 
145 146 147 793 796 
4 
150 151 152 349 
5 
149 151 152 349 350 
7 
149 150 152 349 350 351 352 
5 
149 150 151 349 352 
6 
154 155 156 428 641 642 
6 
153 155 156 427 428 642 
4 
153 154 156 643 
5 
153 154 155 643 644 
3 
158 159 160 
5 
157 159 160 673 676 
4 
157 158 160 676 
3 
157 158 159 
4 
162 163 164 592 
6 
161 163 164 591 592 820 
3 
161 162 164 
3 
161 162 163 
4 
95 166 167 168 
3 
165 167 168 
3 
165 166 168 
3 
165 166 167 
3 
170 171 172 
3 
169 171 172 
3 
169 170 172 
3 
169 170 171 
4 
174 175 176 540 
7 
173 175 176 497 500 539 540 
4 
173 174 176 500 
3 
173 174 175 
7 
178 179 180 651 690 839 840 
5 
177 179 180 405 839 
5 
177 178 180 405 408 
5 
177 178 179 690 691 
3 
182 183 184 
5 
181 183 184 701 704 
6 
181 182 184 704 809 810 
4 
181 182 183 809 
6 
186 187 188 247 891 892 
4 
185 187 188 891 
3 
185 186 188 
3 
185 186 187 
5 
190 191 192 423 424 
4 
189 191 192 423 
3 
189 190 192 
3 
189 190 191 
4 
194 195 196 212 
5 
193 195 196 211 212 
3 
193 194 196 
3 
193 194 195 
4 
198 199 200 408 
5 
197 199 200 407 408 
3 
197 198 200 
3 
197 198 199 
3 
202 203 204 
3 
201 203 204 
3 
201 202 204 
3 
201 202 203 
3 
206 207 208 
3 
205 207 208 
3 
205 206 208 
3 
205 206 207 
3 
210 211 212 
3 
209 211 212 
4 
194 209 210 212 
5 
193 194 209 210 211 
4 
214 215 216 367 
3 
213 215 216 
3 
213 214 216 
3 
213 214 215 
5 
218 219 220 817 818 
5 
217 219 220 321 818 
8 
217 218 220 321 324 590 818 819 
9 
217 218 219 589 590 817 818 819 820 
3 
222 223 224 
3 
221 223 224 
3 
221 222 224 
3 
221 222 223 
3 
226 227 228 
3 
225 227 228 
5 
225 226 228 677 678 
4 
225 226 227 677 
4 
230 231 232 574 
3 
229 231 232 
3 
229 230 232 
5 
229 230 231 574 575 
9 
81 82 83 84 234 235 236 983 984 
7 
82 83 233 235 236 572 983 
4 
83 233 234 236 
5 
83 84 233 234 235 
3 
238 239 240 
3 
237 239 240 
5 
237 238 240 617 618 
4 
237 238 239 617 
5 
242 243 244 307 308 
4 
241 243 244 307 
6 
241 242 244 329 330 626 
6 
241 242 243 329 625 626 
6 
246 247 248 346 347 889 
5 
245 247 248 889 890 
8 
185 245 246 248 889 890 891 892 
6 
245 246 247 347 889 892 
3 
250 251 252 
6 
249 251 252 693 696 992 
4 
249 250 252 696 
3 
249 250 251 
3 
254 255 256 
3 
253 255 256 
3 
253 254 256 
3 
253 254 255 
4 
258 259 260 808 
5 
257 259 260 807 808 
3 
257 258 260 
5 
257 258 259 910 938 
3 
262 263 264 
3 
261 263 264 
3 
261 262 264 
3 
261 262 263 
4 
266 267 268 358 
3 
265 267 268 
3 
265 266 268 
5 
265 266 267 358 359 
5 
270 271 272 365 368 
7 
269 271 272 365 366 367 368 
5 
269 270 272 367 368 
4 
269 270 271 368 
4 
274 275 276 822 
5 
273 275 276 921 924 
4 
273 274 276 924 
5 
273 274 275 822 823 
5 
278 279 280 601 604 
8 
100 277 279 280 601 602 603 604 
5 
277 278 280 603 604 
4 
277 278 279 604 
4 
282 283 284 943 
4 
281 283 284 552 
3 
281 282 284 
3 
281 282 283 
3 
286 287 288 
3 
285 287 288 
3 
285 286 288 
3 
285 286 287 
3 
290 291 292 
3 
289 291 292 
3 
289 290 292 
3 
289 290 291 
3 
294 295 296 
3 
293 295 296 
3 
293 294 296 
3 
293 294 295 
3 
298 299 300 
3 
297 299 300 
3 
297 298 300 
3 
297 298 299 
4 
94 302 303 304 
4 
301 303 304 513 
5 
301 302 304 513 516 
5 
94 95 301 302 303 
3 
306 307 308 
3 
305 307 308 
5 
241 242 305 306 308 
4 
241 305 306 307 
5 
310 311 312 873 876 
7 
309 311 312 873 874 875 876 
5 
309 310 312 875 876 
4 
309 310 311 876 
5 
314 315 316 849 852 
8 
313 315 316 481 849 850 851 852 
7 
313 314 316 481 484 851 852 
4 
313 314 315 852 
3 
318 319 320 
3 
317 319 320 
3 
317 318 320 
3 
317 318 319 
6 
218 219 322 323 324 818 
3 
321 323 324 
3 
321 322 324 
6 
219 321 322 323 818 819 
5 
326 327 328 622 623 
3 
325 327 328 
3 
325 326 328 
4 
325 326 327 623 
7 
243 244 330 331 332 626 627 
4 
243 329 331 332 
3 
329 330 332 
4 
329 330 331 627 
4 
334 335 336 833 
5 
333 335 336 833 834 
7 
333 334 336 833 834 835 836 
5 
333 334 335 833 836 
7 
43 44 338 339 340 570 961 
7 
43 337 339 340 648 961 962 
7 
337 338 340 961 962 963 964 
7 
337 338 339 570 571 961 964 
3 
342 343 344 
5 
341 343 344 929 932 
4 
341 342 344 932 
3 
341 342 343 
5 
346 347 348 999 1000 
5 
245 345 347 348 999 
5 
245 248 345 346 348 
3 
345 346 347 
7 
149 150 151 152 350 351 352 
7 
150 151 349 351 352 640 980 
4 
151 349 350 352 
5 
151 152 349 350 351 
3 
354 355 356 
3 
353 355 356 
3 
353 354 356 
3 
353 354 355 
3 
358 359 360 
5 
265 268 357 359 360 
4 
268 357 358 360 
3 
357 358 359 
4 
362 363 364 647 
4 
361 363 364 917 
5 
361 362 364 917 920 
3 
361 362 363 
5 
269 270 366 367 368 
4 
270 365 367 368 
6 
213 270 271 365 366 368 
7 
269 270 271 272 365 366 367 
8 
45 370 371 372 687 688 787 788 
8 
45 46 369 371 372 687 784 787 
5 
47 48 369 370 372 
4 
48 369 370 371 
3 
374 375 376 
3 
373 375 376 
4 
373 374 376 466 
5 
373 374 375 465 466 
8 
378 379 380 468 717 718 719 720 
6 
377 379 380 467 718 719 
4 
377 378 380 719 
5 
377 378 379 719 720 
4 
382 383 384 670 
3 
381 383 384 
3 
381 382 384 
5 
381 382 383 670 671 
3 
386 387 388 
3 
385 387 388 
3 
385 386 388 
3 
385 386 387 
3 
390 391 392 
3 
389 391 392 
3 
389 390 392 
3 
389 390 391 
3 
394 395 396 
3 
393 395 396 
3 
393 394 396 
3 
393 394 395 
6 
89 398 399 400 462 463 
5 
89 90 397 399 400 
8 
54 89 90 91 92 397 398 400 
8 
53 54 89 92 397 398 399 463 
3 
402 403 404 
3 
401 403 404 
3 
401 402 404 
4 
401 402 403 578 
5 
178 179 406 407 408 
3 
405 407 408 
4 
198 405 406 408 
6 
179 197 198 405 406 407 
6 
410 411 412 911 938 939 
3 
409 411 412 
3 
409 410 412 
5 
409 410 411 666 939 
7 
133 134 135 136 414 415 416 
5 
134 135 413 415 416 
4 
135 413 414 416 
5 
135 136 413 414 415 
5 
418 419 420 473 474 
5 
417 419 420 464 474 
5 
417 418 420 474 475 
7 
417 418 419 473 474 475 476 
3 
422 423 424 
3 
421 423 424 
5 
189 190 421 422 424 
4 
189 421 422 423 
3 
426 427 428 
3 
425 427 428 
4 
154 425 426 428 
6 
153 154 425 426 427 642 
3 
430 431 432 
3 
429 431 432 
3 
429 430 432 
3 
429 430 431 
3 
434 435 436 
3 
433 435 436 
3 
433 434 436 
3 
433 434 435 
3 
438 439 440 
3 
437 439 440 
3 
437 438 440 
3 
437 438 439 
3 
442 443 444 
3 
441 443 444 
3 
441 442 444 
3 
441 442 443 
3 
446 447 448 
3 
445 447 448 
3 
445 446 448 
3 
445 446 447 
9 
450 451 452 557 560 629 630 631 632 
9 
449 451 452 557 558 559 560 630 631 
6 
449 450 452 559 560 631 
6 
449 450 451 560 631 632 
3 
454 455 456 
3 
453 455 456 
3 
453 454 456 
3 
453 454 455 
3 
458 459 460 
4 
457 459 460 501 
5 
457 458 460 501 504 
3 
457 458 459 
3 
462 463 464 
4 
397 461 463 464 
5 
397 400 461 462 464 
5 
418 461 462 463 474 
4 
376 466 467 468 
5 
375 376 465 467 468 
5 
378 465 466 468 718 
6 
377 465 466 467 717 718 
4 
470 471 472 480 
5 
469 471 472 479 480 
3 
469 470 472 
3 
469 470 471 
5 
417 420 474 475 476 
8 
417 418 419 420 464 473 475 476 
5 
419 420 473 474 476 
4 
420 473 474 475 
5 
478 479 480 791 792 
4 
477 479 480 791 
4 
470 477 478 480 
5 
469 470 477 478 479 
6 
314 315 482 483 484 851 
3 
481 483 484 
3 
481 482 484 
4 
315 481 482 483 
5 
486 487 488 714 715 
3 
485 487 488 
3 
485 486 488 
4 
485 486 487 715 
3 
490 491 492 
3 
489 491 492 
3 
489 490 492 
3 
489 490 491 
3 
494 495 496 
3 
493 495 496 
3 
493 494 496 
3 
493 494 495 
5 
174 498 499 500 539 
3 
497 499 500 
3 
497 498 500 
5 
174 175 497 498 499 
5 
458 459 502 503 504 
3 
501 503 504 
3 
501 502 504 
5 
459 501 502 503 710 
3 
506 507 508 
3 
505 507 508 
3 
505 506 508 
3 
505 506 507 
4 
510 511 512 564 
5 
509 511 512 563 564 
3 
509 510 512 
3 
509 510 511 
5 
302 303 514 515 516 
4 
513 515 516 705 
6 
513 514 516 705 708 973 
4 
303 513 514 515 
5 
518 519 520 653 654 
5 
144 517 519 520 654 
5 
517 518 520 654 655 
7 
517 518 519 653 654 655 656 
3 
522 523 524 
4 
521 523 524 568 
3 
521 522 524 
3 
521 522 523 
3 
526 527 528 
3 
525 527 528 
3 
525 526 528 
3 
525 526 527 
4 
2 530 531 532 
3 
529 531 532 
3 
529 530 532 
5 
2 3 529 530 531 
3 
534 535 536 
3 
533 535 536 
3 
533 534 536 
3 
533 534 535 
3 
538 539 540 
3 
537 539 540 
5 
174 497 537 538 540 
5 
173 174 537 538 539 
3 
542 543 544 
3 
541 543 544 
3 
541 542 544 
3 
541 542 543 
5 
13 14 546 547 548 
4 
14 545 547 548 
5 
14 15 545 546 548 
7 
13 14 15 16 545 546 547 
3 
550 551 552 
3 
549 551 552 
3 
549 550 552 
4 
282 549 550 551 
4 
554 555 556 780 
5 
553 555 556 779 780 
3 
553 554 556 
3 
553 554 555 
6 
449 450 558 559 560 630 
4 
450 557 559 560 
5 
450 451 557 558 560 
9 
449 450 451 452 557 558 559 630 631 
3 
562 563 564 
3 
561 563 564 
4 
510 561 562 564 
5 
509 510 561 562 563 
3 
566 567 568 
3 
565 567 568 
3 
565 566 568 
4 
522 565 566 567 
4 
44 570 571 572 
8 
43 44 337 340 569 571 572 961 
6 
340 569 570 572 961 964 
4 
234 569 570 571 
3 
574 575 576 
5 
229 232 573 575 576 
4 
232 573 574 576 
3 
573 574 575 
3 
578 579 580 
4 
404 577 579 580 
3 
577 578 580 
3 
577 578 579 
3 
582 583 584 
3 
581 583 584 
3 
581 582 584 
3 
581 582 583 
11 
129 130 131 132 586 587 588 657 658 659 660 
7 
130 131 585 587 588 658 659 
5 
131 585 586 588 659 
7 
131 132 585 586 587 659 660 
6 
220 590 591 592 817 820 
9 
219 220 589 591 592 817 818 819 820 
6 
162 589 590 592 819 820 
6 
161 162 589 590 591 820 
3 
594 595 596 
3 
593 595 596 
5 
125 126 593 594 596 
4 
125 593 594 595 
3 
598 599 600 
3 
597 599 600 
3 
597 598 600 
3 
597 598 599 
7 
97 100 277 278 602 603 604 
8 
97 98 99 100 278 601 603 604 
7 
99 100 278 279 601 602 604 
8 
100 277 278 279 280 601 602 603 
3 
606 607 608 
3 
605 607 608 
3 
605 606 608 
3 
605 606 607 
3 
610 611 612 
3 
609 611 612 
3 
609 610 612 
3 
609 610 611 
3 
614 615 616 
3 
613 615 616 
3 
613 614 616 
4 
613 614 615 806 
5 
239 240 618 619 620 
4 
239 617 619 620 
3 
617 618 620 
3 
617 618 619 
3 
622 623 624 
4 
325 621 623 624 
5 
325 328 621 622 624 
3 
621 622 623 
4 
244 626 627 628 
6 
243 244 329 625 627 628 
5 
329 332 625 626 628 
3 
625 626 627 
4 
449 630 631 632 
7 
449 450 557 560 629 631 632 
8 
449 450 451 452 560 629 630 632 
5 
449 452 629 630 631 
3 
634 635 636 
3 
633 635 636 
3 
633 634 636 
3 
633 634 635 
4 
638 639 640 977 
5 
637 639 640 977 978 
5 
637 638 640 979 980 
5 
350 637 638 639 980 
4 
153 642 643 644 
6 
153 154 428 641 643 644 
5 
155 156 641 642 644 
4 
156 641 642 643 
3 
646 647 648 
3 
645 647 648 
4 
361 645 646 648 
4 
338 645 646 647 
4 
650 651 652 837 
5 
649 651 652 837 838 
8 
177 649 650 652 837 838 839 840 
5 
649 650 651 837 840 
5 
517 520 654 655 656 
7 
517 518 519 520 653 655 656 
5 
519 520 653 654 656 
4 
520 653 654 655 
6 
129 132 585 658 659 660 
9 
129 130 131 132 585 586 657 659 660 
9 
131 132 585 586 587 588 657 658 660 
6 
132 585 588 657 658 659 
3 
662 663 664 
3 
661 663 664 
3 
661 662 664 
3 
661 662 663 
5 
666 667 668 939 940 
5 
412 665 667 668 939 
3 
665 666 668 
3 
665 666 667 
3 
670 671 672 
5 
381 384 669 671 672 
4 
384 669 670 672 
3 
669 670 671 
4 
158 674 675 676 
3 
673 675 676 
3 
673 674 676 
5 
158 159 673 674 675 
5 
227 228 678 679 680 
4 
227 677 679 680 
3 
677 678 680 
3 
677 678 679 
4 
682 683 684 772 
5 
681 683 684 771 772 
3 
681 682 684 
3 
681 682 683 
4 
686 687 688 785 
5 
685 687 688 785 786 
10 
45 369 370 685 686 688 785 786 787 788 
6 
369 685 686 687 785 788 
4 
690 691 692 840 
7 
177 180 689 691 692 839 840 
4 
180 689 690 692 
3 
689 690 691 
8 
250 694 695 696 989 990 991 992 
6 
693 695 696 824 990 991 
6 
693 694 696 721 722 991 
8 
250 251 693 694 695 721 991 992 
5 
698 699 700 801 804 
7 
697 699 700 801 802 803 804 
5 
697 698 700 803 804 
4 
697 698 699 804 
4 
182 702 703 704 
3 
701 703 704 
3 
701 702 704 
5 
182 183 701 702 703 
8 
117 514 515 706 707 708 973 974 
7 
117 118 705 707 708 974 993 
12 
117 118 119 120 138 705 706 708 974 975 993 996 
12 
117 120 137 138 515 705 706 707 973 974 975 976 
5 
102 103 710 711 712 
4 
504 709 711 712 
3 
709 710 712 
4 
103 709 710 711 
3 
714 715 716 
4 
485 713 715 716 
5 
485 488 713 714 716 
3 
713 714 715 
5 
377 468 718 719 720 
7 
377 378 467 468 717 719 720 
7 
377 378 379 380 717 718 720 
5 
377 380 717 718 719 
5 
695 696 722 723 724 
4 
695 721 723 724 
3 
721 722 724 
3 
721 722 723 
5 
726 727 728 925 985 
7 
725 727 728 925 926 985 986 
11 
725 726 728 925 926 927 928 985 986 987 988 
7 
725 726 727 925 928 985 988 
3 
730 731 732 
3 
729 731 732 
3 
729 730 732 
3 
729 730 731 
5 
139 140 734 735 736 
4 
139 733 735 736 
3 
733 734 736 
3 
733 734 735 
3 
738 739 740 
3 
737 739 740 
3 
737 738 740 
3 
737 738 739 
3 
742 743 744 
3 
741 743 744 
3 
741 742 744 
3 
741 742 743 
5 
123 746 747 748 935 
3 
745 747 748 
3 
745 746 748 
3 
745 746 747 
7 
750 751 752 921 922 923 924 
5 
749 751 752 922 923 
4 
749 750 752 923 
5 
749 750 751 923 924 
3 
754 755 756 
3 
753 755 756 
3 
753 754 756 
3 
753 754 755 
3 
758 759 760 
4 
757 759 760 872 
3 
757 758 760 
3 
757 758 759 
5 
69 72 762 763 764 
5 
70 71 761 763 764 
4 
71 761 762 764 
4 
72 761 762 763 
3 
766 767 768 
3 
765 767 768 
3 
765 766 768 
3 
765 766 767 
3 
770 771 772 
4 
36 769 771 772 
4 
682 769 770 772 
5 
681 682 769 770 771 
4 
21 774 775 776 
5 
21 22 773 775 776 
7 
21 22 23 24 773 774 776 
5 
21 24 773 774 775 
3 
778 779 780 
3 
777 779 780 
4 
554 777 778 780 
5 
553 554 777 778 779 
3 
782 783 784 
3 
781 783 784 
4 
46 781 782 784 
6 
45 46 370 781 782 783 
7 
685 686 687 688 786 787 788 
5 
686 687 785 787 788 
7 
45 369 370 687 785 786 788 
6 
369 687 688 785 786 787 
3 
790 791 792 
3 
789 791 792 
5 
477 478 789 790 792 
4 
477 789 790 791 
7 
145 146 147 148 794 795 796 
5 
146 147 793 795 796 
4 
147 793 794 796 
5 
147 148 793 794 795 
3 
798 799 800 
3 
797 799 800 
3 
797 798 800 
3 
797 798 799 
5 
697 698 802 803 804 
4 
698 801 803 804 
5 
698 699 801 802 804 
7 
697 698 699 700 801 802 803 
3 
806 807 808 
4 
616 805 807 808 
4 
258 805 806 808 
5 
257 258 805 806 807 
5 
183 184 810 811 812 
4 
183 809 811 812 
3 
809 810 812 
3 
809 810 811 
3 
814 815 816 
3 
813 815 816 
3 
813 814 816 
3 
813 814 815 
7 
217 220 589 590 818 819 820 
10 
217 218 219 220 321 324 590 817 819 820 
8 
219 220 324 590 591 817 818 820 
9 
162 220 589 590 591 592 817 818 819 
4 
822 823 824 990 
5 
273 276 821 823 824 
4 
276 821 822 824 
6 
694 821 822 823 990 991 
3 
826 827 828 
3 
825 827 828 
3 
825 826 828 
3 
825 826 827 
3 
830 831 832 
3 
829 831 832 
3 
829 830 832 
3 
829 830 831 
7 
333 334 335 336 834 835 836 
5 
334 335 833 835 836 
4 
335 833 834 836 
5 
335 336 833 834 835 
7 
649 650 651 652 838 839 840 
5 
650 651 837 839 840 
7 
177 178 651 690 837 838 840 
8 
177 651 652 689 690 837 838 839 
5 
842 843 844 880 954 
5 
841 843 844 879 880 
3 
841 842 844 
5 
841 842 843 954 955 
3 
846 847 848 
3 
845 847 848 
3 
845 846 848 
3 
845 846 847 
5 
313 314 850 851 852 
4 
314 849 851 852 
6 
314 315 481 849 850 852 
7 
313 314 315 316 849 850 851 
3 
854 855 856 
3 
853 855 856 
3 
853 854 856 
3 
853 854 855 
3 
858 859 860 
3 
857 859 860 
4 
857 858 860 921 
3 
857 858 859 
3 
862 863 864 
3 
861 863 864 
3 
861 862 864 
3 
861 862 863 
3 
866 867 868 
3 
865 867 868 
3 
865 866 868 
3 
865 866 867 
3 
870 871 872 
3 
869 871 872 
3 
869 870 872 
4 
758 869 870 871 
5 
309 310 874 875 876 
4 
310 873 875 876 
5 
310 311 873 874 876 
7 
309 310 311 312 873 874 875 
3 
878 879 880 
3 
877 879 880 
4 
842 877 878 880 
5 
841 842 877 878 879 
3 
882 883 884 
3 
881 883 884 
3 
881 882 884 
3 
881 882 883 
3 
886 887 888 
3 
885 887 888 
3 
885 886 888 
3 
885 886 887 
7 
245 246 247 248 890 891 892 
5 
246 247 889 891 892 
6 
185 186 247 889 890 892 
6 
185 247 248 889 890 891 
3 
894 895 896 
3 
893 895 896 
3 
893 894 896 
3 
893 894 895 
5 
898 899 900 913 914 
4 
897 899 900 914 
5 
897 898 900 914 915 
7 
897 898 899 913 914 915 916 
3 
902 903 904 
3 
901 903 904 
3 
901 902 904 
3 
901 902 903 
3 
906 907 908 
3 
905 907 908 
3 
905 906 908 
3 
905 906 907 
5 
910 911 912 937 938 
5 
260 909 911 912 938 
6 
409 909 910 912 938 939 
7 
909 910 911 937 938 939 940 
5 
897 900 914 915 916 
7 
897 898 899 900 913 915 916 
5 
899 900 913 914 916 
4 
900 913 914 915 
5 
362 363 918 919 920 
3 
917 919 920 
3 
917 918 920 
4 
363 917 918 919 
6 
274 749 859 922 923 924 
5 
749 750 921 923 924 
7 
749 750 751 752 921 922 924 
7 
274 275 749 752 921 922 923 
9 
725 726 727 728 926 927 928 985 988 
9 
726 727 925 927 928 985 986 987 988 
6 
727 925 926 928 987 988 
6 
727 728 925 926 927 988 
4 
342 930 931 932 
3 
929 931 932 
3 
929 930 932 
5 
342 343 929 930 931 
5 
121 124 934 935 936 
7 
121 122 123 124 933 935 936 
6 
123 124 745 933 934 936 
4 
124 933 934 935 
5 
909 912 938 939 940 
9 
260 409 909 910 911 912 937 939 940 
9 
409 412 665 666 911 912 937 938 940 
5 
665 912 937 938 939 
3 
942 943 944 
3 
941 943 944 
4 
281 941 942 944 
3 
941 942 943 
3 
946 947 948 
3 
945 947 948 
3 
945 946 948 
3 
945 946 947 
3 
950 951 952 
3 
949 951 952 
3 
949 950 952 
3 
949 950 951 
3 
954 955 956 
5 
841 844 953 955 956 
4 
844 953 954 956 
3 
953 954 955 
3 
958 959 960 
3 
957 959 960 
3 
957 958 960 
3 
957 958 959 
10 
43 337 338 339 340 570 571 962 963 964 
5 
338 339 961 963 964 
4 
339 961 962 964 
6 
339 340 571 961 962 963 
3 
966 967 968 
3 
965 967 968 
3 
965 966 968 
3 
965 966 967 
3 
970 971 972 
3 
969 971 972 
3 
969 970 972 
3 
969 970 971 
9 
117 137 138 515 705 708 974 975 976 
12 
117 118 138 705 706 707 708 973 975 976 993 996 
12 
117 118 119 120 138 139 707 708 973 974 976 996 
10 
117 120 137 138 139 140 708 973 974 975 
5 
637 638 978 979 980 
4 
638 977 979 980 
4 
639 977 978 980 
6 
350 639 640 977 978 979 
3 
982 983 984 
3 
981 983 984 
7 
81 82 233 234 981 982 984 
5 
81 233 981 982 983 
9 
725 726 727 728 925 926 986 987 988 
6 
726 727 926 985 987 988 
6 
727 926 927 985 986 988 
9 
727 728 925 926 927 928 985 986 987 
4 
693 990 991 992 
7 
693 694 821 824 989 991 992 
8 
693 694 695 696 824 989 990 992 
6 
250 693 696 989 990 991 
8 
117 118 706 707 974 994 995 996 
4 
118 993 995 996 
5 
118 119 993 994 996 
11 
117 118 119 120 138 707 974 975 993 994 995 
3 
998 999 1000 
3 
997 999 1000 
5 
345 346 997 998 1000 
4 
345 997 998 999 