
250 
4 
7 
2 3 4 39 206 281 282 
4 
1 3 4 282 
5 
1 2 4 282 283 
9 
1 2 3 206 207 281 282 283 284 
5 
6 7 8 686 687 
3 
5 7 8 
5 
5 6 8 142 194 
8 
5 6 7 141 142 193 194 687 
5 
10 11 12 520 957 
7 
9 11 12 519 520 957 958 
8 
9 10 12 154 957 958 959 960 
7 
9 10 11 153 154 957 960 
3 
14 15 16 
3 
13 15 16 
3 
13 14 16 
3 
13 14 15 
3 
18 19 20 
3 
17 19 20 
4 
17 18 20 898 
5 
17 18 19 897 898 
7 
22 23 24 713 716 872 895 
9 
21 23 24 713 714 715 716 871 872 
5 
21 22 24 715 716 
4 
21 22 23 716 
3 
26 27 28 
3 
25 27 28 
3 
25 26 28 
3 
25 26 27 
7 
30 31 32 985 986 987 988 
5 
29 31 32 986 987 
4 
29 30 32 987 
5 
29 30 31 987 988 
7 
34 35 36 593 594 595 596 
5 
33 35 36 594 595 
4 
33 34 36 595 
5 
33 34 35 595 596 
3 
38 39 40 
3 
37 39 40 
7 
1 37 38 40 206 281 282 
6 
37 38 39 205 206 281 
5 
42 43 44 791 792 
6 
41 43 44 485 488 791 
4 
41 42 44 488 
3 
41 42 43 
3 
46 47 48 
3 
45 47 48 
5 
45 46 48 274 842 
7 
45 46 47 273 274 841 842 
9 
50 51 52 277 278 279 280 977 978 
6 
49 51 52 278 279 978 
6 
49 50 52 279 978 979 
9 
49 50 51 279 280 977 978 979 980 
4 
54 55 56 924 
7 
53 55 56 289 292 923 924 
4 
53 54 56 292 
3 
53 54 55 
3 
58 59 60 
3 
57 59 60 
3 
57 58 60 
3 
57 58 59 
3 
62 63 64 
3 
61 63 64 
3 
61 62 64 
3 
61 62 63 
7 
66 67 68 413 416 883 884 
8 
65 67 68 413 414 415 416 883 
6 
65 66 68 415 416 761 
4 
65 66 67 416 
3 
70 71 72 
3 
69 71 72 
3 
69 70 72 
3 
69 70 71 
3 
74 75 76 
5 
73 75 76 301 304 
4 
73 74 76 304 
3 
73 74 75 
3 
78 79 80 
3 
77 79 80 
3 
77 78 80 
3 
77 78 79 
4 
82 83 84 659 
3 
81 83 84 
3 
81 82 84 
3 
81 82 83 
4 
86 87 88 573 
6 
85 87 88 384 573 574 
7 
85 86 88 573 574 575 576 
5 
85 86 87 573 576 
5 
90 91 92 649 650 
5 
89 91 92 650 877 
6 
89 90 92 650 651 880 
7 
89 90 91 649 650 651 652 
3 
94 95 96 
3 
93 95 96 
3 
93 94 96 
3 
93 94 95 
3 
98 99 100 
3 
97 99 100 
3 
97 98 100 
3 
97 98 99 
3 
102 103 104 
3 
101 103 104 
3 
101 102 104 
3 
101 102 103 
4 
106 107 108 359 
3 
105 107 108 
5 
105 106 108 589 590 
4 
105 106 107 589 
3 
110 111 112 
3 
109 111 112 
3 
109 110 112 
3 
109 110 111 
3 
114 115 116 
4 
113 115 116 117 
4 
113 114 116 120 
3 
113 114 115 
4 
114 118 119 120 
3 
117 119 120 
3 
117 118 120 
4 
115 117 118 119 
3 
122 123 124 
3 
121 123 124 
3 
121 122 124 
3 
121 122 123 
3 
126 127 128 
3 
125 127 128 
3 
125 126 128 
4 
125 126 127 406 
3 
130 131 132 
3 
129 131 132 
3 
129 130 132 
3 
129 130 131 
4 
134 135 136 929 
6 
133 135 136 628 929 930 
7 
133 134 136 905 906 931 932 
5 
133 134 135 905 932 
3 
138 139 140 
3 
137 139 140 
3 
137 138 140 
3 
137 138 139 
6 
8 142 143 144 193 196 
9 
7 8 141 143 144 193 194 195 196 
5 
141 142 144 195 196 
4 
141 142 143 196 
3 
146 147 148 
4 
145 147 148 705 
5 
145 146 148 705 708 
4 
145 146 147 622 
5 
150 151 152 816 949 
7 
149 151 152 815 816 949 950 
6 
149 150 152 261 951 952 
4 
149 150 151 952 
5 
12 154 155 156 945 
8 
11 12 153 155 156 945 946 960 
7 
153 154 156 945 946 947 948 
5 
153 154 155 945 948 
7 
158 159 160 483 484 697 700 
8 
157 159 160 483 697 698 699 700 
5 
157 158 160 699 700 
4 
157 158 159 700 
3 
162 163 164 
3 
161 163 164 
3 
161 162 164 
3 
161 162 163 
3 
166 167 168 
3 
165 167 168 
3 
165 166 168 
3 
165 166 167 
3 
170 171 172 
3 
169 171 172 
3 
169 170 172 
3 
169 170 171 
5 
174 175 176 226 227 
3 
173 175 176 
3 
173 174 176 
4 
173 174 175 227 
3 
178 179 180 
4 
177 179 180 241 
5 
177 178 180 241 244 
3 
177 178 179 
3 
182 183 184 
3 
181 183 184 
3 
181 182 184 
3 
181 182 183 
3 
186 187 188 
3 
185 187 188 
3 
185 186 188 
3 
185 186 187 
3 
190 191 192 
3 
189 191 192 
4 
189 190 192 969 
3 
189 190 191 
7 
8 141 142 194 195 196 687 
6 
7 8 142 193 195 196 
5 
142 143 193 194 196 
7 
141 142 143 144 193 194 195 
3 
198 199 200 
4 
197 199 200 212 
3 
197 198 200 
4 
197 198 199 962 
3 
202 203 204 
3 
201 203 204 
3 
201 202 204 
3 
201 202 203 
5 
40 206 207 208 281 
9 
1 4 39 40 205 207 208 281 282 
7 
4 205 206 208 283 284 893 
4 
205 206 207 284 
3 
210 211 212 
3 
209 211 212 
3 
209 210 212 
4 
198 209 210 211 
3 
214 215 216 
3 
213 215 216 
3 
213 214 216 
3 
213 214 215 
6 
218 219 220 283 893 894 
4 
217 219 220 894 
5 
217 218 220 894 895 
7 
217 218 219 893 894 895 896 
3 
222 223 224 
3 
221 223 224 
3 
221 222 224 
3 
221 222 223 
3 
226 227 228 
4 
173 225 227 228 
5 
173 176 225 226 228 
3 
225 226 227 
3 
230 231 232 
3 
229 231 232 
3 
229 230 232 
3 
229 230 231 
3 
234 235 236 
3 
233 235 236 
3 
233 234 236 
3 
233 234 235 
3 
238 239 240 
3 
237 239 240 
3 
237 238 240 
3 
237 238 239 
5 
178 179 242 243 244 
5 
241 243 244 525 528 
4 
241 242 244 528 
4 
179 241 242 243 
5 
246 247 248 777 778 
4 
245 247 248 778 
5 
245 246 248 778 779 
7 
245 246 247 777 778 779 780 
5 
250 251 252 856 995 
5 
249 251 252 855 856 
4 
249 250 252 449 
4 
249 250 251 258 
4 
254 255 256 403 
3 
253 255 256 
4 
253 254 256 989 
3 
253 254 255 
3 
258 259 260 
4 
252 257 259 260 
3 
257 258 260 
3 
257 258 259 
7 
151 262 263 264 337 951 952 
6 
261 263 264 337 338 951 
7 
261 262 264 337 338 339 340 
5 
261 262 263 337 340 
3 
266 267 268 
3 
265 267 268 
3 
265 266 268 
3 
265 266 267 
3 
270 271 272 
3 
269 271 272 
3 
269 270 272 
3 
269 270 271 
6 
48 274 275 276 841 842 
6 
47 48 273 275 276 842 
5 
273 274 276 842 843 
7 
273 274 275 841 842 843 844 
4 
49 278 279 280 
5 
49 50 277 279 280 
8 
49 50 51 52 277 278 280 978 
7 
49 52 277 278 279 977 978 
9 
1 4 39 40 205 206 282 283 284 
9 
1 2 3 4 39 206 281 283 284 
9 
3 4 207 217 281 282 284 893 894 
7 
4 207 208 281 282 283 893 
3 
286 287 288 
3 
285 287 288 
3 
285 286 288 
3 
285 286 287 
10 
54 290 291 292 465 468 833 836 922 923 
11 
289 291 292 465 466 467 468 833 834 835 836 
7 
289 290 292 467 468 835 836 
8 
54 55 289 290 291 468 836 923 
4 
294 295 296 541 
5 
293 295 296 541 542 
7 
293 294 296 541 542 543 544 
5 
293 294 295 541 544 
5 
298 299 300 385 386 
4 
297 299 300 386 
5 
297 298 300 386 387 
7 
297 298 299 385 386 387 388 
4 
74 302 303 304 
3 
301 303 304 
3 
301 302 304 
5 
74 75 301 302 303 
3 
306 307 308 
3 
305 307 308 
3 
305 306 308 
3 
305 306 307 
5 
310 311 312 675 676 
4 
309 311 312 675 
3 
309 310 312 
3 
309 310 311 
3 
314 315 316 
3 
313 315 316 
3 
313 314 316 
3 
313 314 315 
6 
318 319 320 505 508 837 
9 
317 319 320 505 506 507 508 837 838 
9 
317 318 320 507 508 837 838 839 840 
6 
317 318 319 508 837 840 
3 
322 323 324 
3 
321 323 324 
3 
321 322 324 
3 
321 322 323 
3 
326 327 328 
3 
325 327 328 
3 
325 326 328 
3 
325 326 327 
3 
330 331 332 
3 
329 331 332 
3 
329 330 332 
3 
329 330 331 
3 
334 335 336 
3 
333 335 336 
3 
333 334 336 
3 
333 334 335 
7 
261 262 263 264 338 339 340 
5 
262 263 337 339 340 
4 
263 337 338 340 
5 
263 264 337 338 339 
3 
342 343 344 
3 
341 343 344 
3 
341 342 344 
3 
341 342 343 
5 
346 347 348 887 888 
4 
345 347 348 887 
3 
345 346 348 
3 
345 346 347 
3 
350 351 352 
3 
349 351 352 
5 
349 350 352 909 910 
4 
349 350 351 909 
5 
354 355 356 742 743 
3 
353 355 356 
4 
353 354 356 953 
4 
353 354 355 743 
4 
358 359 360 571 
3 
357 359 360 
4 
105 357 358 360 
3 
357 358 359 
3 
362 363 364 
3 
361 363 364 
3 
361 362 364 
3 
361 362 363 
3 
366 367 368 
3 
365 367 368 
5 
365 366 368 617 618 
4 
365 366 367 617 
3 
370 371 372 
3 
369 371 372 
3 
369 370 372 
3 
369 370 371 
6 
374 375 376 638 762 763 
3 
373 375 376 
3 
373 374 376 
7 
373 374 375 638 639 763 854 
4 
378 379 380 717 
5 
377 379 380 717 718 
5 
377 378 380 719 720 
4 
377 378 379 720 
3 
382 383 384 
3 
381 383 384 
5 
381 382 384 829 830 
6 
86 381 382 383 574 829 
5 
297 300 386 387 388 
7 
297 298 299 300 385 387 388 
5 
299 300 385 386 388 
5 
300 385 386 387 746 
5 
390 391 392 619 620 
4 
389 391 392 619 
3 
389 390 392 
3 
389 390 391 
3 
394 395 396 
3 
393 395 396 
3 
393 394 396 
3 
393 394 395 
3 
398 399 400 
3 
397 399 400 
3 
397 398 400 
3 
397 398 399 
3 
402 403 404 
3 
401 403 404 
5 
253 401 402 404 938 
5 
401 402 403 937 938 
4 
406 407 408 535 
4 
128 405 407 408 
3 
405 406 408 
3 
405 406 407 
5 
410 411 412 586 587 
5 
409 411 412 489 492 
4 
409 410 412 492 
4 
409 410 411 587 
9 
65 66 414 415 416 881 882 883 884 
6 
66 413 415 416 882 883 
7 
66 67 413 414 416 761 883 
9 
65 66 67 68 413 414 415 883 884 
3 
418 419 420 
3 
417 419 420 
3 
417 418 420 
3 
417 418 419 
5 
422 423 424 515 566 
3 
421 423 424 
4 
421 422 424 430 
6 
421 422 423 429 430 567 
3 
426 427 428 
3 
425 427 428 
3 
425 426 428 
3 
425 426 427 
5 
424 430 431 432 567 
5 
423 424 429 431 432 
3 
429 430 432 
3 
429 430 431 
3 
434 435 436 
3 
433 435 436 
4 
433 434 436 862 
5 
433 434 435 861 862 
3 
438 439 440 
3 
437 439 440 
3 
437 438 440 
3 
437 438 439 
3 
442 443 444 
3 
441 443 444 
3 
441 442 444 
3 
441 442 443 
3 
446 447 448 
3 
445 447 448 
3 
445 446 448 
3 
445 446 447 
4 
251 450 451 452 
3 
449 451 452 
3 
449 450 452 
3 
449 450 451 
3 
454 455 456 
3 
453 455 456 
3 
453 454 456 
3 
453 454 455 
3 
458 459 460 
3 
457 459 460 
3 
457 458 460 
3 
457 458 459 
3 
462 463 464 
3 
461 463 464 
3 
461 462 464 
3 
461 462 463 
9 
289 290 466 467 468 833 834 835 836 
6 
290 465 467 468 834 835 
6 
290 291 465 466 468 835 
9 
289 290 291 292 465 466 467 835 836 
3 
470 471 472 
3 
469 471 472 
3 
469 470 472 
3 
469 470 471 
3 
474 475 476 
3 
473 475 476 
3 
473 474 476 
3 
473 474 475 
3 
478 479 480 
3 
477 479 480 
3 
477 478 480 
3 
477 478 479 
3 
482 483 484 
3 
481 483 484 
7 
157 158 481 482 484 697 698 
5 
157 481 482 483 697 
5 
42 486 487 488 791 
4 
485 487 488 928 
3 
485 486 488 
5 
42 43 485 486 487 
5 
410 490 491 492 513 
5 
489 491 492 513 514 
8 
489 490 492 513 514 515 516 565 
7 
410 411 489 490 491 513 516 
6 
494 495 496 913 941 942 
6 
493 495 496 913 914 942 
9 
493 494 496 913 914 915 916 942 943 
9 
493 494 495 913 916 941 942 943 944 
3 
498 499 500 
5 
497 499 500 797 800 
4 
497 498 500 800 
3 
497 498 499 
6 
502 503 504 600 821 822 
6 
501 503 504 599 600 822 
5 
501 502 504 822 823 
7 
501 502 503 821 822 823 824 
5 
317 318 506 507 508 
4 
318 505 507 508 
6 
318 319 505 506 508 838 
9 
317 318 319 320 505 506 507 837 838 
3 
510 511 512 
3 
509 511 512 
3 
509 510 512 
3 
509 510 511 
7 
489 490 491 492 514 515 516 
5 
490 491 513 515 516 
7 
421 491 513 514 516 565 566 
6 
491 492 513 514 515 565 
3 
518 519 520 
3 
517 519 520 
6 
10 517 518 520 957 958 
6 
9 10 517 518 519 957 
5 
522 523 524 661 662 
4 
521 523 524 662 
5 
521 522 524 662 663 
7 
521 522 523 661 662 663 664 
4 
242 526 527 528 
3 
525 527 528 
3 
525 526 528 
5 
242 243 525 526 527 
5 
530 531 532 737 738 
4 
529 531 532 738 
5 
529 530 532 738 739 
7 
529 530 531 737 738 739 740 
3 
534 535 536 
3 
533 535 536 
4 
405 533 534 536 
3 
533 534 535 
5 
538 539 540 701 704 
5 
537 539 540 702 703 
4 
537 538 540 703 
4 
537 538 539 704 
7 
293 294 295 296 542 543 544 
5 
294 295 541 543 544 
4 
295 541 542 544 
5 
295 296 541 542 543 
3 
546 547 548 
3 
545 547 548 
5 
545 546 548 629 630 
4 
545 546 547 629 
5 
550 551 552 677 680 
7 
549 551 552 677 678 679 680 
5 
549 550 552 679 680 
4 
549 550 551 680 
3 
554 555 556 
3 
553 555 556 
3 
553 554 556 
3 
553 554 555 
3 
558 559 560 
3 
557 559 560 
3 
557 558 560 
3 
557 558 559 
4 
562 563 564 927 
3 
561 563 564 
3 
561 562 564 
3 
561 562 563 
6 
491 515 516 566 567 568 
5 
421 515 565 567 568 
5 
424 429 565 566 568 
3 
565 566 567 
7 
570 571 572 785 786 787 788 
5 
569 571 572 786 787 
5 
357 569 570 572 787 
5 
569 570 571 787 788 
7 
85 86 87 88 574 575 576 
8 
86 87 384 573 575 576 829 832 
5 
87 573 574 576 832 
5 
87 88 573 574 575 
3 
578 579 580 
3 
577 579 580 
3 
577 578 580 
4 
577 578 579 750 
3 
582 583 584 
3 
581 583 584 
3 
581 582 584 
3 
581 582 583 
3 
586 587 588 
4 
409 585 587 588 
5 
409 412 585 586 588 
3 
585 586 587 
5 
107 108 590 591 592 
4 
107 589 591 592 
5 
589 590 592 933 934 
4 
589 590 591 933 
5 
33 594 595 596 692 
7 
33 34 593 595 596 691 692 
7 
33 34 35 36 593 594 596 
5 
33 36 593 594 595 
5 
598 599 600 611 612 
4 
597 599 600 611 
5 
502 597 598 600 822 
7 
501 502 597 598 599 821 822 
3 
602 603 604 
3 
601 603 604 
3 
601 602 604 
3 
601 602 603 
3 
606 607 608 
3 
605 607 608 
3 
605 606 608 
3 
605 606 607 
3 
610 611 612 
3 
609 611 612 
5 
597 598 609 610 612 
4 
597 609 610 611 
3 
614 615 616 
3 
613 615 616 
3 
613 614 616 
3 
613 614 615 
5 
367 368 618 619 620 
4 
367 617 619 620 
5 
389 390 617 618 620 
4 
389 617 618 619 
3 
622 623 624 
4 
148 621 623 624 
3 
621 622 624 
3 
621 622 623 
3 
626 627 628 
3 
625 627 628 
3 
625 626 628 
5 
134 625 626 627 930 
5 
547 548 630 631 632 
4 
547 629 631 632 
3 
629 630 632 
3 
629 630 631 
3 
634 635 636 
3 
633 635 636 
3 
633 634 636 
3 
633 634 635 
5 
638 639 640 763 764 
6 
373 376 637 639 640 763 
6 
376 637 638 640 853 854 
5 
637 638 639 853 994 
3 
642 643 644 
3 
641 643 644 
4 
641 642 644 741 
3 
641 642 643 
3 
646 647 648 
3 
645 647 648 
4 
645 646 648 770 
4 
645 646 647 769 
5 
89 92 650 651 652 
9 
89 90 91 92 649 651 652 877 880 
6 
91 92 649 650 652 880 
4 
92 649 650 651 
3 
654 655 656 
3 
653 655 656 
3 
653 654 656 
3 
653 654 655 
3 
658 659 660 
3 
657 659 660 
4 
81 657 658 660 
3 
657 658 659 
5 
521 524 662 663 664 
7 
521 522 523 524 661 663 664 
5 
523 524 661 662 664 
4 
524 661 662 663 
3 
666 667 668 
3 
665 667 668 
3 
665 666 668 
3 
665 666 667 
3 
670 671 672 
3 
669 671 672 
3 
669 670 672 
3 
669 670 671 
3 
674 675 676 
3 
673 675 676 
5 
309 310 673 674 676 
4 
309 673 674 675 
5 
549 550 678 679 680 
4 
550 677 679 680 
5 
550 551 677 678 680 
7 
549 550 551 552 677 678 679 
3 
682 683 684 
5 
681 683 684 905 908 
4 
681 682 684 908 
3 
681 682 683 
3 
686 687 688 
4 
5 685 687 688 
6 
5 8 193 685 686 688 
3 
685 686 687 
5 
690 691 692 806 807 
3 
689 691 692 
4 
594 689 690 692 
6 
593 594 689 690 691 807 
3 
694 695 696 
3 
693 695 696 
3 
693 694 696 
3 
693 694 695 
7 
157 158 483 484 698 699 700 
5 
158 483 697 699 700 
5 
158 159 697 698 700 
7 
157 158 159 160 697 698 699 
4 
537 702 703 704 
4 
538 701 703 704 
5 
538 539 701 702 704 
5 
537 540 701 702 703 
5 
146 147 706 707 708 
3 
705 707 708 
3 
705 706 708 
4 
147 705 706 707 
4 
710 711 712 782 
3 
709 711 712 
3 
709 710 712 
5 
709 710 711 782 783 
7 
21 22 714 715 716 869 872 
8 
22 713 715 716 869 870 871 872 
7 
22 23 713 714 716 871 872 
8 
21 22 23 24 713 714 715 872 
5 
377 378 718 719 720 
4 
378 717 719 720 
4 
379 717 718 720 
5 
379 380 717 718 719 
3 
722 723 724 
3 
721 723 724 
3 
721 722 724 
3 
721 722 723 
3 
726 727 728 
3 
725 727 728 
3 
725 726 728 
3 
725 726 727 
3 
730 731 732 
3 
729 731 732 
3 
729 730 732 
3 
729 730 731 
3 
734 735 736 
3 
733 735 736 
3 
733 734 736 
3 
733 734 735 
5 
529 532 738 739 740 
7 
529 530 531 532 737 739 740 
5 
531 532 737 738 740 
4 
532 737 738 739 
4 
643 742 743 744 
4 
353 741 743 744 
5 
353 356 741 742 744 
4 
741 742 743 802 
3 
746 747 748 
4 
388 745 747 748 
3 
745 746 748 
3 
745 746 747 
3 
750 751 752 
4 
580 749 751 752 
3 
749 750 752 
3 
749 750 751 
3 
754 755 756 
3 
753 755 756 
3 
753 754 756 
3 
753 754 755 
5 
758 759 760 903 904 
4 
757 759 760 903 
3 
757 758 760 
3 
757 758 759 
5 
67 415 762 763 764 
4 
373 761 763 764 
7 
373 376 637 638 761 762 764 
4 
637 761 762 763 
3 
766 767 768 
3 
765 767 768 
3 
765 766 768 
3 
765 766 767 
4 
648 770 771 772 
4 
647 769 771 772 
3 
769 770 772 
3 
769 770 771 
4 
774 775 776 891 
3 
773 775 776 
3 
773 774 776 
3 
773 774 775 
5 
245 248 778 779 780 
7 
245 246 247 248 777 779 780 
5 
247 248 777 778 780 
4 
248 777 778 779 
3 
782 783 784 
5 
709 712 781 783 784 
4 
712 781 782 784 
3 
781 782 783 
4 
569 786 787 788 
5 
569 570 785 787 788 
7 
569 570 571 572 785 786 788 
5 
569 572 785 786 787 
3 
790 791 792 
3 
789 791 792 
6 
41 42 485 789 790 792 
4 
41 789 790 791 
3 
794 795 796 
4 
793 795 796 857 
5 
793 794 796 857 860 
3 
793 794 795 
4 
498 798 799 800 
3 
797 799 800 
3 
797 798 800 
5 
498 499 797 798 799 
3 
802 803 804 
4 
744 801 803 804 
3 
801 802 804 
3 
801 802 803 
3 
806 807 808 
4 
689 805 807 808 
5 
689 692 805 806 808 
3 
805 806 807 
4 
810 811 812 875 
3 
809 811 812 
3 
809 810 812 
3 
809 810 811 
3 
814 815 816 
3 
813 815 816 
5 
150 813 814 816 950 
7 
149 150 813 814 815 949 950 
3 
818 819 820 
3 
817 819 820 
3 
817 818 820 
3 
817 818 819 
6 
501 504 600 822 823 824 
9 
501 502 503 504 599 600 821 823 824 
5 
503 504 821 822 824 
4 
504 821 822 823 
3 
826 827 828 
3 
825 827 828 
3 
825 826 828 
3 
825 826 827 
6 
383 384 574 830 831 832 
4 
383 829 831 832 
3 
829 830 832 
5 
574 575 829 830 831 
6 
289 290 465 834 835 836 
6 
290 465 466 833 835 836 
9 
290 291 465 466 467 468 833 834 836 
9 
289 290 291 292 465 468 833 834 835 
8 
317 318 319 320 508 838 839 840 
7 
318 319 507 508 837 839 840 
4 
319 837 838 840 
5 
319 320 837 838 839 
6 
48 273 276 842 843 844 
9 
47 48 273 274 275 276 841 843 844 
5 
275 276 841 842 844 
4 
276 841 842 843 
4 
846 847 848 874 
3 
845 847 848 
3 
845 846 848 
5 
845 846 847 874 875 
3 
850 851 852 
3 
849 851 852 
3 
849 850 852 
3 
849 850 851 
5 
639 640 854 855 856 
5 
376 639 853 855 856 
4 
250 853 854 856 
5 
249 250 853 854 855 
5 
794 795 858 859 860 
3 
857 859 860 
3 
857 858 860 
4 
795 857 858 859 
4 
436 862 863 864 
5 
435 436 861 863 864 
3 
861 862 864 
3 
861 862 863 
3 
866 867 868 
3 
865 867 868 
3 
865 866 868 
3 
865 866 867 
5 
713 714 870 871 872 
4 
714 869 871 872 
6 
22 714 715 869 870 872 
9 
21 22 713 714 715 716 869 870 871 
3 
874 875 876 
5 
845 848 873 875 876 
5 
809 848 873 874 876 
3 
873 874 875 
5 
90 650 878 879 880 
3 
877 879 880 
3 
877 878 880 
6 
91 650 651 877 878 879 
4 
413 882 883 884 
5 
413 414 881 883 884 
9 
65 66 413 414 415 416 881 882 884 
6 
65 413 416 881 882 883 
3 
886 887 888 
3 
885 887 888 
5 
345 346 885 886 888 
4 
345 885 886 887 
3 
890 891 892 
3 
889 891 892 
4 
773 889 890 892 
3 
889 890 891 
8 
207 217 220 283 284 894 895 896 
8 
217 218 219 220 283 893 895 896 
6 
21 219 220 893 894 896 
4 
220 893 894 895 
4 
20 898 899 900 
5 
19 20 897 899 900 
3 
897 898 900 
3 
897 898 899 
3 
902 903 904 
3 
901 903 904 
5 
757 758 901 902 904 
4 
757 901 902 903 
8 
135 136 682 906 907 908 931 932 
5 
135 905 907 908 931 
3 
905 906 908 
5 
682 683 905 906 907 
5 
351 352 910 911 912 
4 
351 909 911 912 
3 
909 910 912 
3 
909 910 911 
8 
493 494 495 496 914 915 916 942 
5 
494 495 913 915 916 
4 
495 913 914 916 
7 
495 496 913 914 915 942 943 
3 
918 919 920 
4 
917 919 920 948 
3 
917 918 920 
3 
917 918 919 
3 
922 923 924 
4 
289 921 923 924 
6 
54 289 292 921 922 924 
5 
53 54 921 922 923 
3 
926 927 928 
3 
925 927 928 
4 
561 925 926 928 
4 
486 925 926 927 
5 
133 134 930 931 932 
5 
134 628 929 931 932 
6 
135 905 906 929 930 932 
6 
135 136 905 929 930 931 
5 
591 592 934 935 936 
4 
591 933 935 936 
3 
933 934 936 
3 
933 934 935 
4 
404 938 939 940 
5 
403 404 937 939 940 
3 
937 938 940 
3 
937 938 939 
5 
493 496 942 943 944 
9 
493 494 495 496 913 916 941 943 944 
6 
495 496 916 941 942 944 
4 
496 941 942 943 
8 
153 154 155 156 946 947 948 960 
7 
154 155 945 947 948 959 960 
4 
155 945 946 948 
6 
155 156 918 945 946 947 
6 
149 150 816 950 951 952 
6 
150 815 816 949 951 952 
6 
151 261 262 949 950 952 
6 
151 152 261 949 950 951 
4 
355 954 955 956 
3 
953 955 956 
3 
953 954 956 
3 
953 954 955 
9 
9 10 11 12 519 520 958 959 960 
6 
10 11 519 957 959 960 
5 
11 946 957 958 960 
8 
11 12 154 945 946 957 958 959 
3 
962 963 964 
4 
200 961 963 964 
3 
961 962 964 
3 
961 962 963 
3 
966 967 968 
3 
965 967 968 
3 
965 966 968 
3 
965 966 967 
4 
191 970 971 972 
3 
969 971 972 
3 
969 970 972 
3 
969 970 971 
3 
974 975 976 
3 
973 975 976 
3 
973 974 976 
3 
973 974 975 
6 
49 52 280 978 979 980 
9 
49 50 51 52 279 280 977 979 980 
5 
51 52 977 978 980 
4 
52 977 978 979 
3 
982 983 984 
3 
981 983 984 
3 
981 982 984 
3 
981 982 983 
4 
29 986 987 988 
5 
29 30 985 987 988 
7 
29 30 31 32 985 986 988 
5 
29 32 985 986 987 
4 
255 990 991 992 
3 
989 991 992 
3 
989 990 992 
3 
989 990 991 
3 
994 995 996 
4 
640 993 995 996 
4 
249 993 994 996 
3 
993 994 995 
3 
998 999 1000 
3 
997 999 1000 
3 
997 998 1000 
3 
997 998 999 