
250 
4 
5 
2 3 4 25 28 
7 
1 3 4 25 26 27 28 
5 
1 2 4 27 28 
4 
1 2 3 28 
3 
6 7 8 
3 
5 7 8 
3 
5 6 8 
3 
5 6 7 
7 
10 11 12 249 250 251 252 
7 
9 11 12 250 251 941 944 
6 
9 10 12 251 944 986 
7 
9 10 11 251 252 985 986 
5 
14 15 16 229 230 
5 
13 15 16 230 829 
7 
13 14 16 230 231 829 832 
7 
13 14 15 229 230 231 232 
7 
18 19 20 789 790 791 792 
5 
17 19 20 790 791 
6 
17 18 20 253 254 791 
6 
17 18 19 253 791 792 
3 
22 23 24 
4 
21 23 24 961 
5 
21 22 24 961 964 
3 
21 22 23 
5 
1 2 26 27 28 
4 
2 25 27 28 
5 
2 3 25 26 28 
7 
1 2 3 4 25 26 27 
5 
30 31 32 437 517 
7 
29 31 32 437 438 517 518 
9 
29 30 32 439 440 517 518 519 520 
6 
29 30 31 440 517 520 
3 
34 35 36 
4 
33 35 36 988 
3 
33 34 36 
3 
33 34 35 
5 
38 39 40 119 427 
3 
37 39 40 
3 
37 38 40 
3 
37 38 39 
5 
42 43 44 57 58 
5 
41 43 44 58 865 
7 
41 42 44 58 59 865 868 
7 
41 42 43 57 58 59 60 
3 
46 47 48 
3 
45 47 48 
3 
45 46 48 
3 
45 46 47 
3 
50 51 52 
3 
49 51 52 
4 
49 50 52 81 
3 
49 50 51 
5 
54 55 56 873 874 
4 
53 55 56 874 
5 
53 54 56 874 875 
7 
53 54 55 873 874 875 876 
5 
41 44 58 59 60 
7 
41 42 43 44 57 59 60 
5 
43 44 57 58 60 
5 
44 57 58 59 434 
3 
62 63 64 
4 
61 63 64 565 
5 
61 62 64 565 568 
3 
61 62 63 
5 
66 67 68 197 200 
7 
65 67 68 197 198 199 200 
5 
65 66 68 199 200 
4 
65 66 67 200 
7 
70 71 72 733 734 735 736 
5 
69 71 72 734 735 
4 
69 70 72 735 
5 
69 70 71 735 736 
3 
74 75 76 
4 
73 75 76 940 
3 
73 74 76 
3 
73 74 75 
3 
78 79 80 
3 
77 79 80 
3 
77 78 80 
3 
77 78 79 
4 
51 82 83 84 
3 
81 83 84 
3 
81 82 84 
3 
81 82 83 
7 
86 87 88 669 670 671 672 
5 
85 87 88 670 671 
4 
85 86 88 671 
5 
85 86 87 671 672 
7 
90 91 92 969 970 971 972 
5 
89 91 92 970 971 
4 
89 90 92 971 
5 
89 90 91 971 972 
5 
94 95 96 285 288 
7 
93 95 96 285 286 287 288 
5 
93 94 96 287 288 
4 
93 94 95 288 
3 
98 99 100 
3 
97 99 100 
3 
97 98 100 
3 
97 98 99 
3 
102 103 104 
3 
101 103 104 
5 
101 102 104 589 590 
4 
101 102 103 589 
6 
106 107 108 392 701 702 
6 
105 107 108 391 392 702 
5 
105 106 108 702 703 
7 
105 106 107 701 702 703 704 
7 
110 111 112 545 546 547 548 
5 
109 111 112 546 547 
4 
109 110 112 547 
5 
109 110 111 547 548 
4 
114 115 116 888 
5 
113 115 116 887 888 
3 
113 114 116 
3 
113 114 115 
7 
118 119 120 425 426 427 428 
5 
117 119 120 426 427 
5 
37 117 118 120 427 
5 
117 118 119 427 428 
5 
122 123 124 241 935 
5 
121 123 124 241 242 
7 
121 122 124 241 242 243 244 
5 
121 122 123 241 244 
4 
126 127 128 168 
6 
125 127 128 167 168 564 
3 
125 126 128 
3 
125 126 127 
3 
130 131 132 
3 
129 131 132 
3 
129 130 132 
3 
129 130 131 
3 
134 135 136 
3 
133 135 136 
3 
133 134 136 
3 
133 134 135 
5 
138 139 140 569 572 
7 
137 139 140 569 570 571 572 
5 
137 138 140 571 572 
4 
137 138 139 572 
3 
142 143 144 
3 
141 143 144 
4 
141 142 144 273 
3 
141 142 143 
3 
146 147 148 
3 
145 147 148 
3 
145 146 148 
3 
145 146 147 
3 
150 151 152 
3 
149 151 152 
5 
149 150 152 225 226 
4 
149 150 151 225 
3 
154 155 156 
3 
153 155 156 
4 
153 154 156 430 
5 
153 154 155 429 430 
3 
158 159 160 
3 
157 159 160 
3 
157 158 160 
3 
157 158 159 
4 
162 163 164 694 
3 
161 163 164 
3 
161 162 164 
5 
161 162 163 694 695 
3 
166 167 168 
5 
165 167 168 561 564 
5 
126 165 166 168 564 
5 
125 126 165 166 167 
7 
170 171 172 582 583 762 763 
3 
169 171 172 
3 
169 170 172 
5 
169 170 171 583 763 
7 
174 175 176 659 660 861 864 
8 
173 175 176 659 861 862 863 864 
5 
173 174 176 863 864 
4 
173 174 175 864 
3 
178 179 180 
3 
177 179 180 
3 
177 178 180 
3 
177 178 179 
3 
182 183 184 
3 
181 183 184 
3 
181 182 184 
3 
181 182 183 
4 
186 187 188 469 
6 
185 187 188 196 469 470 
7 
185 186 188 469 470 471 472 
5 
185 186 187 469 472 
3 
190 191 192 
3 
189 191 192 
3 
189 190 192 
3 
189 190 191 
3 
194 195 196 
3 
193 195 196 
3 
193 194 196 
5 
186 193 194 195 470 
5 
65 66 198 199 200 
4 
66 197 199 200 
5 
66 67 197 198 200 
7 
65 66 67 68 197 198 199 
3 
202 203 204 
3 
201 203 204 
3 
201 202 204 
3 
201 202 203 
3 
206 207 208 
3 
205 207 208 
3 
205 206 208 
3 
205 206 207 
4 
210 211 212 402 
3 
209 211 212 
3 
209 210 212 
5 
209 210 211 402 403 
4 
214 215 216 361 
5 
213 215 216 361 362 
7 
213 214 216 361 362 363 364 
5 
213 214 215 361 364 
4 
218 219 220 283 
3 
217 219 220 
3 
217 218 220 
3 
217 218 219 
5 
222 223 224 973 976 
7 
221 223 224 973 974 975 976 
5 
221 222 224 975 976 
4 
221 222 223 976 
5 
151 152 226 227 228 
4 
151 225 227 228 
3 
225 226 228 
3 
225 226 227 
5 
13 16 230 231 232 
7 
13 14 15 16 229 231 232 
5 
15 16 229 230 232 
4 
16 229 230 231 
7 
234 235 236 407 634 635 801 
5 
233 235 236 801 802 
5 
233 234 236 803 804 
5 
233 234 235 635 804 
3 
238 239 240 
4 
237 239 240 808 
3 
237 238 240 
3 
237 238 239 
7 
121 122 123 124 242 243 244 
5 
122 123 241 243 244 
4 
123 241 242 244 
5 
123 124 241 242 243 
5 
246 247 248 353 908 
7 
245 247 248 353 354 907 908 
9 
245 246 248 353 354 355 356 541 542 
6 
245 246 247 353 356 541 
4 
9 250 251 252 
6 
9 10 249 251 252 941 
9 
9 10 11 12 249 250 252 941 944 
5 
9 12 249 250 251 
5 
19 20 254 255 256 
5 
19 253 255 256 529 
5 
253 254 256 529 532 
3 
253 254 255 
5 
258 259 260 739 740 
4 
257 259 260 739 
3 
257 258 260 
3 
257 258 259 
3 
262 263 264 
5 
261 263 264 997 1000 
4 
261 262 264 1000 
3 
261 262 263 
3 
266 267 268 
3 
265 267 268 
3 
265 266 268 
4 
265 266 267 650 
4 
270 271 272 483 
3 
269 271 272 
3 
269 270 272 
3 
269 270 271 
4 
143 274 275 276 
3 
273 275 276 
3 
273 274 276 
3 
273 274 275 
3 
278 279 280 
3 
277 279 280 
4 
277 278 280 814 
5 
277 278 279 813 814 
3 
282 283 284 
3 
281 283 284 
4 
217 281 282 284 
3 
281 282 283 
5 
93 94 286 287 288 
4 
94 285 287 288 
5 
94 95 285 286 288 
7 
93 94 95 96 285 286 287 
3 
290 291 292 
3 
289 291 292 
4 
289 290 292 466 
5 
289 290 291 465 466 
3 
294 295 296 
3 
293 295 296 
3 
293 294 296 
3 
293 294 295 
3 
298 299 300 
4 
297 299 300 781 
5 
297 298 300 781 784 
3 
297 298 299 
5 
302 303 304 796 881 
8 
301 303 304 795 796 881 882 952 
7 
301 302 304 881 882 883 884 
6 
301 302 303 766 881 884 
5 
306 307 308 853 854 
4 
305 307 308 854 
5 
305 306 308 854 855 
7 
305 306 307 853 854 855 856 
3 
310 311 312 
3 
309 311 312 
3 
309 310 312 
3 
309 310 311 
3 
314 315 316 
3 
313 315 316 
3 
313 314 316 
3 
313 314 315 
3 
318 319 320 
4 
317 319 320 344 
3 
317 318 320 
3 
317 318 319 
7 
322 323 324 869 870 871 872 
7 
321 323 324 745 748 870 871 
5 
321 322 324 748 871 
5 
321 322 323 871 872 
3 
326 327 328 
3 
325 327 328 
3 
325 326 328 
3 
325 326 327 
3 
330 331 332 
3 
329 331 332 
3 
329 330 332 
3 
329 330 331 
5 
334 335 336 442 443 
3 
333 335 336 
3 
333 334 336 
4 
333 334 335 443 
5 
338 339 340 618 619 
5 
337 339 340 929 932 
4 
337 338 340 932 
4 
337 338 339 619 
3 
342 343 344 
3 
341 343 344 
4 
341 342 344 429 
4 
318 341 342 343 
3 
346 347 348 
3 
345 347 348 
3 
345 346 348 
4 
345 346 347 386 
3 
350 351 352 
3 
349 351 352 
3 
349 350 352 
3 
349 350 351 
8 
245 246 247 248 354 355 356 908 
7 
246 247 353 355 356 907 908 
6 
247 353 354 356 541 542 
6 
247 248 353 354 355 541 
3 
358 359 360 
3 
357 359 360 
3 
357 358 360 
3 
357 358 359 
7 
213 214 215 216 362 363 364 
5 
214 215 361 363 364 
4 
215 361 362 364 
5 
215 216 361 362 363 
4 
366 367 368 785 
7 
365 367 368 465 468 785 786 
9 
365 366 368 468 553 785 786 787 788 
5 
365 366 367 785 788 
3 
370 371 372 
3 
369 371 372 
3 
369 370 372 
3 
369 370 371 
3 
374 375 376 
3 
373 375 376 
5 
373 374 376 665 666 
4 
373 374 375 665 
3 
378 379 380 
3 
377 379 380 
3 
377 378 380 
3 
377 378 379 
4 
382 383 384 690 
3 
381 383 384 
3 
381 382 384 
5 
381 382 383 690 691 
7 
386 387 388 497 498 499 500 
6 
348 385 387 388 498 499 
4 
385 386 388 499 
5 
385 386 387 499 500 
3 
390 391 392 
3 
389 391 392 
4 
106 389 390 392 
5 
105 106 389 390 391 
3 
394 395 396 
3 
393 395 396 
3 
393 394 396 
3 
393 394 395 
3 
398 399 400 
4 
397 399 400 905 
5 
397 398 400 905 908 
3 
397 398 399 
3 
402 403 404 
5 
209 212 401 403 404 
4 
212 401 402 404 
3 
401 402 403 
6 
406 407 408 633 834 835 
5 
405 407 408 633 634 
8 
233 405 406 408 633 634 635 636 
6 
405 406 407 633 636 835 
3 
410 411 412 
5 
409 411 412 509 512 
4 
409 410 412 512 
4 
409 410 411 806 
3 
414 415 416 
3 
413 415 416 
3 
413 414 416 
3 
413 414 415 
5 
418 419 420 503 531 
3 
417 419 420 
3 
417 418 420 
3 
417 418 419 
5 
422 423 424 480 820 
7 
421 423 424 479 480 819 820 
3 
421 422 424 
3 
421 422 423 
4 
117 426 427 428 
5 
117 118 425 427 428 
8 
37 117 118 119 120 425 426 428 
5 
117 120 425 426 427 
5 
156 343 430 431 432 
5 
155 156 429 431 432 
3 
429 430 432 
3 
429 430 431 
3 
434 435 436 
4 
60 433 435 436 
3 
433 434 436 
3 
433 434 435 
6 
29 30 438 439 440 517 
6 
30 437 439 440 517 518 
8 
31 437 438 440 517 518 519 520 
7 
31 32 437 438 439 517 520 
5 
442 443 444 746 747 
4 
333 441 443 444 
5 
333 336 441 442 444 
4 
441 442 443 747 
7 
446 447 448 525 526 527 528 
5 
445 447 448 526 527 
4 
445 446 448 527 
5 
445 446 447 527 528 
5 
450 451 452 539 540 
4 
449 451 452 539 
4 
449 450 452 597 
3 
449 450 451 
3 
454 455 456 
3 
453 455 456 
3 
453 454 456 
3 
453 454 455 
4 
458 459 460 770 
3 
457 459 460 
3 
457 458 460 
5 
457 458 459 770 771 
3 
462 463 464 
4 
461 463 464 556 
3 
461 462 464 
3 
461 462 463 
6 
292 366 466 467 468 786 
5 
291 292 465 467 468 
5 
465 466 468 553 554 
8 
366 367 465 466 467 553 786 787 
7 
185 186 187 188 470 471 472 
6 
186 187 196 469 471 472 
4 
187 469 470 472 
5 
187 188 469 470 471 
3 
474 475 476 
3 
473 475 476 
3 
473 474 476 
3 
473 474 475 
7 
478 479 480 817 818 819 820 
5 
477 479 480 818 819 
5 
422 477 478 480 819 
7 
421 422 477 478 479 819 820 
4 
482 483 484 955 
3 
481 483 484 
4 
269 481 482 484 
3 
481 482 483 
3 
486 487 488 
3 
485 487 488 
4 
485 486 488 765 
3 
485 486 487 
5 
490 491 492 717 718 
4 
489 491 492 718 
5 
489 490 492 718 719 
7 
489 490 491 717 718 719 720 
6 
494 495 496 668 677 680 
9 
493 495 496 667 668 677 678 679 680 
5 
493 494 496 679 680 
4 
493 494 495 680 
6 
385 498 499 500 614 615 
5 
385 386 497 499 500 
7 
385 386 387 388 497 498 500 
6 
385 388 497 498 499 615 
5 
502 503 504 529 530 
4 
501 503 504 530 
6 
417 501 502 504 530 531 
7 
501 502 503 529 530 531 532 
5 
506 507 508 686 687 
3 
505 507 508 
3 
505 506 508 
4 
505 506 507 687 
4 
410 510 511 512 
3 
509 511 512 
3 
509 510 512 
5 
410 411 509 510 511 
5 
514 515 516 897 898 
4 
513 515 516 898 
5 
513 514 516 898 899 
7 
513 514 515 897 898 899 900 
11 
29 30 31 32 437 438 439 440 518 519 520 
7 
30 31 438 439 517 519 520 
5 
31 439 517 518 520 
7 
31 32 439 440 517 518 519 
4 
522 523 524 947 
3 
521 523 524 
3 
521 522 524 
3 
521 522 523 
4 
445 526 527 528 
5 
445 446 525 527 528 
7 
445 446 447 448 525 526 528 
5 
445 448 525 526 527 
7 
254 255 501 504 530 531 532 
7 
501 502 503 504 529 531 532 
6 
417 503 504 529 530 532 
5 
255 504 529 530 531 
3 
534 535 536 
3 
533 535 536 
3 
533 534 536 
3 
533 534 535 
4 
538 539 540 646 
3 
537 539 540 
5 
449 450 537 538 540 
7 
449 537 538 539 646 647 930 
7 
247 248 355 356 542 543 544 
5 
247 355 541 543 544 
3 
541 542 544 
3 
541 542 543 
4 
109 546 547 548 
5 
109 110 545 547 548 
7 
109 110 111 112 545 546 548 
5 
109 112 545 546 547 
3 
550 551 552 
4 
549 551 552 880 
3 
549 550 552 
3 
549 550 551 
7 
367 467 468 554 555 556 787 
4 
467 553 555 556 
3 
553 554 556 
4 
462 553 554 555 
3 
558 559 560 
3 
557 559 560 
3 
557 558 560 
3 
557 558 559 
4 
166 562 563 564 
3 
561 563 564 
3 
561 562 564 
6 
126 166 167 561 562 563 
5 
62 63 566 567 568 
3 
565 567 568 
3 
565 566 568 
4 
63 565 566 567 
5 
137 138 570 571 572 
4 
138 569 571 572 
5 
138 139 569 570 572 
7 
137 138 139 140 569 570 571 
3 
574 575 576 
3 
573 575 576 
3 
573 574 576 
3 
573 574 575 
3 
578 579 580 
3 
577 579 580 
3 
577 578 580 
3 
577 578 579 
5 
582 583 584 761 762 
5 
169 581 583 584 762 
7 
169 172 581 582 584 762 763 
7 
581 582 583 761 762 763 764 
3 
586 587 588 
3 
585 587 588 
3 
585 586 588 
3 
585 586 587 
5 
103 104 590 591 592 
4 
103 589 591 592 
3 
589 590 592 
3 
589 590 591 
3 
594 595 596 
3 
593 595 596 
3 
593 594 596 
3 
593 594 595 
4 
451 598 599 600 
3 
597 599 600 
3 
597 598 600 
3 
597 598 599 
3 
602 603 604 
3 
601 603 604 
3 
601 602 604 
3 
601 602 603 
3 
606 607 608 
3 
605 607 608 
3 
605 606 608 
3 
605 606 607 
4 
610 611 612 847 
3 
609 611 612 
3 
609 610 612 
3 
609 610 611 
3 
614 615 616 
4 
497 613 615 616 
5 
497 500 613 614 616 
3 
613 614 615 
3 
618 619 620 
4 
337 617 619 620 
5 
337 340 617 618 620 
3 
617 618 619 
3 
622 623 624 
3 
621 623 624 
3 
621 622 624 
3 
621 622 623 
3 
626 627 628 
3 
625 627 628 
3 
625 626 628 
3 
625 626 627 
3 
630 631 632 
3 
629 631 632 
3 
629 630 632 
3 
629 630 631 
7 
405 406 407 408 634 635 636 
6 
233 406 407 633 635 636 
6 
233 236 407 633 634 636 
5 
407 408 633 634 635 
3 
638 639 640 
3 
637 639 640 
3 
637 638 640 
3 
637 638 639 
3 
642 643 644 
3 
641 643 644 
3 
641 642 644 
3 
641 642 643 
5 
646 647 648 929 930 
6 
537 540 645 647 648 930 
6 
540 645 646 648 930 931 
7 
645 646 647 929 930 931 932 
3 
650 651 652 
4 
268 649 651 652 
3 
649 650 652 
3 
649 650 651 
3 
654 655 656 
3 
653 655 656 
3 
653 654 656 
3 
653 654 655 
3 
658 659 660 
4 
657 659 660 861 
7 
173 174 657 658 660 861 864 
4 
173 657 658 659 
3 
662 663 664 
3 
661 663 664 
3 
661 662 664 
3 
661 662 663 
5 
375 376 666 667 668 
4 
375 665 667 668 
5 
494 665 666 668 678 
7 
493 494 665 666 667 677 678 
4 
85 670 671 672 
5 
85 86 669 671 672 
7 
85 86 87 88 669 670 672 
5 
85 88 669 670 671 
3 
674 675 676 
3 
673 675 676 
3 
673 674 676 
3 
673 674 675 
6 
493 494 668 678 679 680 
6 
494 667 668 677 679 680 
5 
494 495 677 678 680 
7 
493 494 495 496 677 678 679 
3 
682 683 684 
3 
681 683 684 
3 
681 682 684 
3 
681 682 683 
3 
686 687 688 
4 
505 685 687 688 
6 
505 508 685 686 688 778 
5 
685 686 687 777 778 
3 
690 691 692 
5 
381 384 689 691 692 
4 
384 689 690 692 
3 
689 690 691 
4 
694 695 696 711 
5 
161 164 693 695 696 
4 
164 693 694 696 
3 
693 694 695 
3 
698 699 700 
3 
697 699 700 
3 
697 698 700 
3 
697 698 699 
5 
105 108 702 703 704 
7 
105 106 107 108 701 703 704 
5 
107 108 701 702 704 
4 
108 701 702 703 
3 
706 707 708 
3 
705 707 708 
3 
705 706 708 
3 
705 706 707 
3 
710 711 712 
3 
709 711 712 
4 
693 709 710 712 
3 
709 710 711 
3 
714 715 716 
3 
713 715 716 
3 
713 714 716 
3 
713 714 715 
5 
489 492 718 719 720 
7 
489 490 491 492 717 719 720 
5 
491 492 717 718 720 
4 
492 717 718 719 
3 
722 723 724 
3 
721 723 724 
3 
721 722 724 
3 
721 722 723 
4 
726 727 728 899 
3 
725 727 728 
3 
725 726 728 
3 
725 726 727 
5 
730 731 732 799 800 
4 
729 731 732 799 
3 
729 730 732 
3 
729 730 731 
4 
69 734 735 736 
5 
69 70 733 735 736 
7 
69 70 71 72 733 734 736 
5 
69 72 733 734 735 
3 
738 739 740 
3 
737 739 740 
5 
257 258 737 738 740 
4 
257 737 738 739 
3 
742 743 744 
3 
741 743 744 
3 
741 742 744 
3 
741 742 743 
5 
322 746 747 748 870 
4 
441 745 747 748 
5 
441 444 745 746 748 
7 
322 323 745 746 747 870 871 
3 
750 751 752 
3 
749 751 752 
3 
749 750 752 
3 
749 750 751 
3 
754 755 756 
5 
753 755 756 933 936 
4 
753 754 756 936 
3 
753 754 755 
3 
758 759 760 
3 
757 759 760 
3 
757 758 760 
3 
757 758 759 
5 
581 584 762 763 764 
8 
169 581 582 583 584 761 763 764 
7 
169 172 583 584 761 762 764 
4 
584 761 762 763 
4 
487 766 767 768 
5 
304 765 767 768 884 
3 
765 766 768 
3 
765 766 767 
3 
770 771 772 
5 
457 460 769 771 772 
4 
460 769 770 772 
3 
769 770 771 
5 
774 775 776 967 968 
4 
773 775 776 967 
3 
773 774 776 
3 
773 774 775 
4 
688 778 779 780 
5 
687 688 777 779 780 
3 
777 778 780 
3 
777 778 779 
5 
298 299 782 783 784 
4 
781 783 784 897 
5 
781 782 784 897 900 
4 
299 781 782 783 
7 
365 366 367 368 786 787 788 
7 
366 367 465 468 785 787 788 
6 
367 468 553 785 786 788 
5 
367 368 785 786 787 
4 
17 790 791 792 
5 
17 18 789 791 792 
7 
17 18 19 20 789 790 792 
5 
17 20 789 790 791 
3 
794 795 796 
5 
793 795 796 949 952 
6 
302 793 794 796 882 952 
7 
301 302 793 794 795 881 882 
3 
798 799 800 
3 
797 799 800 
5 
729 730 797 798 800 
4 
729 797 798 799 
5 
233 234 802 803 804 
4 
234 801 803 804 
4 
235 801 802 804 
5 
235 236 801 802 803 
3 
806 807 808 
4 
412 805 807 808 
3 
805 806 808 
4 
238 805 806 807 
3 
810 811 812 
3 
809 811 812 
3 
809 810 812 
3 
809 810 811 
4 
280 814 815 816 
5 
279 280 813 815 816 
3 
813 814 816 
3 
813 814 815 
4 
477 818 819 820 
5 
477 478 817 819 820 
8 
422 477 478 479 480 817 818 820 
7 
421 422 477 480 817 818 819 
3 
822 823 824 
3 
821 823 824 
3 
821 822 824 
3 
821 822 823 
3 
826 827 828 
3 
825 827 828 
3 
825 826 828 
3 
825 826 827 
5 
14 15 830 831 832 
3 
829 831 832 
4 
829 830 832 977 
4 
15 829 830 831 
3 
834 835 836 
4 
405 833 835 836 
5 
405 408 833 834 836 
3 
833 834 835 
3 
838 839 840 
3 
837 839 840 
3 
837 838 840 
4 
837 838 839 962 
3 
842 843 844 
4 
841 843 844 984 
3 
841 842 844 
3 
841 842 843 
3 
846 847 848 
3 
845 847 848 
4 
609 845 846 848 
3 
845 846 847 
3 
850 851 852 
3 
849 851 852 
5 
849 850 852 933 934 
4 
849 850 851 933 
5 
305 308 854 855 856 
7 
305 306 307 308 853 855 856 
5 
307 308 853 854 856 
4 
308 853 854 855 
3 
858 859 860 
3 
857 859 860 
3 
857 858 860 
3 
857 858 859 
7 
173 174 658 659 862 863 864 
4 
174 861 863 864 
5 
174 175 861 862 864 
8 
173 174 175 176 659 861 862 863 
5 
42 43 866 867 868 
3 
865 867 868 
3 
865 866 868 
4 
43 865 866 867 
4 
321 870 871 872 
7 
321 322 745 748 869 871 872 
8 
321 322 323 324 748 869 870 872 
5 
321 324 869 870 871 
5 
53 56 874 875 876 
7 
53 54 55 56 873 875 876 
5 
55 56 873 874 876 
4 
56 873 874 875 
3 
878 879 880 
3 
877 879 880 
3 
877 878 880 
4 
550 877 878 879 
8 
301 302 303 304 796 882 883 884 
8 
302 303 795 796 881 883 884 952 
4 
303 881 882 884 
6 
303 304 766 881 882 883 
3 
886 887 888 
5 
885 887 888 921 924 
5 
114 885 886 888 924 
5 
113 114 885 886 887 
3 
890 891 892 
3 
889 891 892 
3 
889 890 892 
3 
889 890 891 
3 
894 895 896 
3 
893 895 896 
3 
893 894 896 
3 
893 894 895 
7 
513 516 782 783 898 899 900 
7 
513 514 515 516 897 899 900 
6 
515 516 725 897 898 900 
5 
516 783 897 898 899 
3 
902 903 904 
3 
901 903 904 
3 
901 902 904 
3 
901 902 903 
5 
398 399 906 907 908 
3 
905 907 908 
5 
246 354 905 906 908 
8 
245 246 353 354 399 905 906 907 
3 
910 911 912 
3 
909 911 912 
3 
909 910 912 
3 
909 910 911 
3 
914 915 916 
3 
913 915 916 
3 
913 914 916 
3 
913 914 915 
3 
918 919 920 
3 
917 919 920 
3 
917 918 920 
3 
917 918 919 
4 
886 922 923 924 
3 
921 923 924 
3 
921 922 924 
5 
886 887 921 922 923 
3 
926 927 928 
3 
925 927 928 
3 
925 926 928 
3 
925 926 927 
6 
338 645 648 930 931 932 
8 
540 645 646 647 648 929 931 932 
5 
647 648 929 930 932 
6 
338 339 648 929 930 931 
6 
754 851 852 934 935 936 
4 
851 933 935 936 
4 
121 933 934 936 
5 
754 755 933 934 935 
3 
938 939 940 
3 
937 939 940 
3 
937 938 940 
4 
74 937 938 939 
6 
10 250 251 942 943 944 
3 
941 943 944 
3 
941 942 944 
6 
10 11 251 941 942 943 
3 
946 947 948 
3 
945 947 948 
4 
521 945 946 948 
3 
945 946 947 
4 
794 950 951 952 
3 
949 951 952 
3 
949 950 952 
7 
302 794 795 882 949 950 951 
3 
954 955 956 
3 
953 955 956 
4 
481 953 954 956 
3 
953 954 955 
3 
958 959 960 
3 
957 959 960 
3 
957 958 960 
3 
957 958 959 
5 
22 23 962 963 964 
4 
840 961 963 964 
3 
961 962 964 
4 
23 961 962 963 
3 
966 967 968 
3 
965 967 968 
5 
773 774 965 966 968 
4 
773 965 966 967 
4 
89 970 971 972 
5 
89 90 969 971 972 
7 
89 90 91 92 969 970 972 
5 
89 92 969 970 971 
5 
221 222 974 975 976 
4 
222 973 975 976 
5 
222 223 973 974 976 
7 
221 222 223 224 973 974 975 
4 
831 978 979 980 
3 
977 979 980 
3 
977 978 980 
3 
977 978 979 
3 
982 983 984 
3 
981 983 984 
3 
981 982 984 
4 
842 981 982 983 
4 
12 986 987 988 
5 
11 12 985 987 988 
3 
985 986 988 
4 
34 985 986 987 
3 
990 991 992 
3 
989 991 992 
3 
989 990 992 
3 
989 990 991 
3 
994 995 996 
3 
993 995 996 
3 
993 994 996 
3 
993 994 995 
4 
262 998 999 1000 
3 
997 999 1000 
3 
997 998 1000 
5 
262 263 997 998 999 