
500 
4 
3 
2 3 4 
3 
1 3 4 
4 
1 2 4 586 
5 
1 2 3 585 586 
7 
6 7 8 63 64 1877 1878 
6 
5 7 8 63 1309 1878 
7 
5 6 8 1309 1312 1878 1879 
7 
5 6 7 1877 1878 1879 1880 
3 
10 11 12 
6 
9 11 12 1109 1253 1256 
9 
9 10 12 413 473 474 1109 1112 1256 
5 
9 10 11 473 562 
6 
14 15 16 581 1099 1499 
6 
13 15 16 581 582 1424 
9 
13 14 16 581 582 583 584 1541 1542 
6 
13 14 15 581 584 1541 
7 
18 19 20 1204 1607 1769 1770 
6 
17 19 20 1203 1204 1770 
5 
17 18 20 1770 1771 
7 
17 18 19 1769 1770 1771 1772 
3 
22 23 24 
4 
21 23 24 436 
3 
21 22 24 
3 
21 22 23 
6 
26 27 28 82 1786 1787 
3 
25 27 28 
3 
25 26 28 
6 
25 26 27 82 83 1787 
5 
30 31 32 110 111 
5 
29 31 32 997 1000 
6 
29 30 32 1000 1745 1746 
6 
29 30 31 111 790 1745 
4 
34 35 36 1867 
5 
33 35 36 841 844 
5 
33 34 36 844 1530 
5 
33 34 35 1529 1530 
9 
38 39 40 219 220 935 936 1615 1951 
7 
37 39 40 117 219 935 1548 
6 
37 38 40 117 120 297 
4 
37 38 39 1502 
8 
42 43 44 51 52 125 347 348 
7 
41 43 44 51 125 126 347 
8 
41 42 44 125 126 127 128 1642 
7 
41 42 43 125 128 1641 1642 
3 
46 47 48 
5 
45 47 48 137 140 
4 
45 46 48 140 
3 
45 46 47 
8 
50 51 52 327 345 346 1794 1795 
4 
49 51 52 346 
8 
41 42 49 50 52 125 346 347 
9 
41 49 50 51 345 346 347 348 1795 
8 
54 55 56 245 629 630 631 632 
7 
53 55 56 245 246 630 631 
8 
53 54 56 247 248 631 737 738 
7 
53 54 55 248 631 632 737 
3 
58 59 60 
3 
57 59 60 
3 
57 58 60 
3 
57 58 59 
7 
62 63 64 1318 1471 1472 1888 
6 
61 63 64 1471 1887 1888 
6 
5 6 61 62 64 1878 
8 
5 61 62 63 1318 1319 1877 1878 
6 
66 67 68 585 588 1550 
8 
65 67 68 585 586 587 588 825 
8 
65 66 68 162 587 588 825 828 
8 
65 66 67 161 162 588 1550 1551 
4 
70 71 72 384 
8 
69 71 72 148 383 384 1589 1592 
4 
69 70 72 1592 
4 
69 70 71 1538 
7 
74 75 76 293 294 295 296 
9 
73 75 76 294 295 1613 1616 1949 1952 
8 
73 74 76 295 549 550 1616 1952 
6 
73 74 75 295 296 549 
4 
78 79 80 967 
3 
77 79 80 
3 
77 78 80 
3 
77 78 79 
9 
82 83 84 817 818 819 820 1787 1788 
8 
25 28 81 83 84 818 819 1787 
5 
28 81 82 84 819 
5 
81 82 83 819 820 
13 
86 87 88 599 633 636 668 993 996 1921 1922 1923 1924 
15 
85 87 88 633 634 635 636 667 668 993 994 995 996 1922 1923 
8 
85 86 88 635 636 995 996 1923 
7 
85 86 87 636 996 1923 1924 
8 
90 91 92 1209 1210 1211 1212 1953 
7 
89 91 92 1210 1211 1953 1954 
8 
89 90 92 1211 1953 1954 1955 1956 
7 
89 90 91 1211 1212 1953 1956 
5 
94 95 96 741 744 
7 
93 95 96 741 742 743 744 
5 
93 94 96 743 744 
4 
93 94 95 744 
4 
98 99 100 526 
3 
97 99 100 
5 
97 98 100 613 614 
5 
97 98 99 527 613 
6 
102 103 104 478 1627 1628 
4 
101 103 104 1627 
3 
101 102 104 
5 
101 102 103 478 479 
8 
106 107 108 1045 1046 1047 1048 1161 
8 
105 107 108 960 1046 1047 1161 1162 
6 
105 106 108 1047 1163 1164 
6 
105 106 107 1047 1048 1164 
5 
110 111 112 1911 1912 
5 
29 109 111 112 1911 
7 
29 32 109 110 112 789 790 
4 
109 110 111 789 
9 
114 115 116 160 1520 1569 1570 1571 1572 
9 
113 115 116 159 160 1519 1520 1570 1571 
4 
113 114 116 1571 
5 
113 114 115 1571 1572 
8 
38 39 118 119 120 297 298 1548 
8 
117 119 120 298 709 712 1547 1548 
6 
117 118 120 298 299 712 
8 
39 117 118 119 297 298 299 300 
4 
122 123 124 1969 
6 
121 123 124 256 1969 1970 
7 
121 122 124 1969 1970 1971 1972 
5 
121 122 123 1969 1972 
9 
41 42 43 44 51 126 127 128 347 
6 
42 43 125 127 128 509 
8 
43 125 126 128 509 512 1341 1342 
7 
43 44 125 126 127 1341 1642 
5 
130 131 132 488 1037 
7 
129 131 132 487 488 1037 1038 
8 
129 130 132 850 1037 1038 1039 1040 
7 
129 130 131 849 850 1037 1040 
4 
134 135 136 1132 
5 
133 135 136 1131 1132 
3 
133 134 136 
3 
133 134 135 
6 
46 138 139 140 973 1707 
5 
137 139 140 973 974 
7 
137 138 140 973 974 975 976 
7 
46 47 137 138 139 973 976 
8 
142 143 144 149 173 174 918 1732 
8 
141 143 144 149 150 174 1731 1732 
9 
141 142 144 149 150 151 152 174 175 
11 
141 142 143 149 152 173 174 175 176 918 919 
9 
146 147 148 382 383 471 1220 1589 1590 
7 
145 147 148 728 1219 1220 1590 
5 
145 146 148 1590 1591 
9 
70 145 146 147 383 1589 1590 1591 1592 
9 
141 142 143 144 150 151 152 173 174 
6 
142 143 149 151 152 174 
5 
143 149 150 152 175 
7 
143 144 149 150 151 175 176 
5 
154 155 156 1305 1306 
4 
153 155 156 1306 
5 
153 154 156 1306 1307 
7 
153 154 155 1305 1306 1307 1308 
7 
158 159 160 1517 1520 1569 1570 
8 
157 159 160 1517 1518 1519 1520 1570 
8 
114 157 158 160 1519 1520 1570 1571 
10 
113 114 157 158 159 1520 1569 1570 1571 1572 
7 
68 162 163 164 588 1550 1551 
9 
67 68 161 163 164 587 588 825 828 
4 
161 162 164 828 
4 
161 162 163 1551 
5 
166 167 168 1310 1311 
4 
165 167 168 1016 
4 
165 166 168 801 
4 
165 166 167 1311 
7 
170 171 172 1429 1430 1431 1432 
5 
169 171 172 1430 1431 
9 
169 170 172 1431 1725 1726 1974 1997 1998 
10 
169 170 171 706 1431 1432 1725 1973 1974 1997 
8 
141 144 149 174 175 176 918 919 
9 
141 142 143 144 149 150 173 175 176 
7 
143 144 151 152 173 174 176 
6 
144 152 173 174 175 919 
5 
178 179 180 625 628 
8 
177 179 180 625 626 627 628 1404 
5 
177 178 180 627 628 
4 
177 178 179 628 
4 
182 183 184 689 
5 
181 183 184 689 690 
8 
181 182 184 689 690 691 692 1625 
5 
181 182 183 689 692 
3 
186 187 188 
3 
185 187 188 
3 
185 186 188 
3 
185 186 187 
4 
190 191 192 1409 
5 
189 191 192 1409 1410 
7 
189 190 192 1409 1410 1411 1412 
5 
189 190 191 1409 1412 
5 
194 195 196 223 224 
4 
193 195 196 223 
3 
193 194 196 
3 
193 194 195 
6 
198 199 200 615 616 1597 
6 
197 199 200 615 1597 1598 
9 
197 198 200 449 1301 1597 1598 1599 1600 
5 
197 198 199 1597 1600 
3 
202 203 204 
3 
201 203 204 
3 
201 202 204 
3 
201 202 203 
4 
206 207 208 1141 
5 
205 207 208 1141 1142 
7 
205 206 208 1141 1142 1143 1144 
5 
205 206 207 1141 1144 
4 
210 211 212 1653 
5 
209 211 212 1653 1654 
7 
209 210 212 1653 1654 1655 1656 
5 
209 210 211 1653 1656 
8 
214 215 216 670 1373 1374 1375 1376 
7 
213 215 216 1374 1375 1697 1700 
5 
213 214 216 1375 1700 
8 
213 214 215 362 670 671 1375 1376 
5 
218 219 220 933 1614 
5 
217 219 220 933 934 
9 
37 38 217 218 220 933 934 935 936 
9 
37 217 218 219 933 936 1614 1615 1950 
3 
222 223 224 
3 
221 223 224 
5 
193 194 221 222 224 
4 
193 221 222 223 
8 
226 227 228 375 1014 1015 1313 1316 
11 
225 227 228 1297 1300 1313 1314 1315 1316 1433 1436 
7 
225 226 228 1300 1315 1316 1436 
5 
225 226 227 1015 1316 
5 
230 231 232 1477 1480 
8 
229 231 232 1081 1477 1478 1479 1480 
7 
229 230 232 1081 1084 1479 1480 
4 
229 230 231 1480 
5 
234 235 236 275 276 
4 
233 235 236 275 
3 
233 234 236 
3 
233 234 235 
15 
238 239 240 421 422 423 424 653 654 655 656 1565 1566 1567 1568 
9 
237 239 240 422 423 654 655 1566 1567 
6 
237 238 240 423 655 1567 
9 
237 238 239 423 424 655 656 1567 1568 
5 
242 243 244 481 1272 
7 
241 243 244 481 482 1271 1272 
7 
241 242 244 481 482 483 484 
5 
241 242 243 481 484 
9 
53 54 246 247 248 629 630 631 632 
6 
54 245 247 248 630 631 
6 
55 245 246 248 631 738 
8 
55 56 245 246 247 631 632 737 
4 
250 251 252 1583 
3 
249 251 252 
3 
249 250 252 
3 
249 250 251 
4 
254 255 256 1936 
5 
253 255 256 1935 1936 
3 
253 254 256 
5 
122 253 254 255 1970 
11 
258 259 260 661 662 663 664 1005 1006 1803 1804 
7 
257 259 260 662 663 1006 1803 
7 
257 258 260 663 1006 1007 1277 
9 
257 258 259 663 664 1005 1006 1007 1008 
3 
262 263 264 
3 
261 263 264 
5 
261 262 264 1354 1805 
5 
261 262 263 1353 1354 
3 
266 267 268 
3 
265 267 268 
4 
265 266 268 1186 
5 
265 266 267 1185 1186 
3 
270 271 272 
3 
269 271 272 
3 
269 270 272 
3 
269 270 271 
5 
274 275 276 751 752 
4 
273 275 276 751 
5 
233 234 273 274 276 
4 
233 273 274 275 
4 
278 279 280 1512 
7 
277 279 280 925 956 1511 1512 
5 
277 278 280 925 928 
3 
277 278 279 
3 
282 283 284 
4 
281 283 284 1096 
4 
281 282 284 1262 
5 
281 282 283 1261 1262 
5 
286 287 288 909 912 
7 
285 287 288 909 910 911 912 
5 
285 286 288 911 912 
4 
285 286 287 912 
3 
290 291 292 
3 
289 291 292 
5 
289 290 292 1849 1850 
5 
289 290 291 1270 1849 
4 
73 294 295 296 
5 
73 74 293 295 296 
9 
73 74 75 76 293 294 296 549 550 
6 
73 76 293 294 295 549 
6 
39 117 120 298 299 300 
9 
117 118 119 120 297 299 300 709 712 
6 
119 120 297 298 300 712 
4 
120 297 298 299 
5 
302 303 304 1483 1484 
4 
301 303 304 1483 
3 
301 302 304 
4 
301 302 303 874 
3 
306 307 308 
3 
305 307 308 
5 
305 306 308 865 866 
4 
305 306 307 865 
4 
310 311 312 802 
3 
309 311 312 
3 
309 310 312 
5 
309 310 311 802 803 
5 
314 315 316 1170 1171 
4 
313 315 316 1961 
6 
313 314 316 794 1961 1964 
6 
313 314 315 793 794 1171 
4 
318 319 320 1733 
5 
317 319 320 1733 1734 
7 
317 318 320 1733 1734 1735 1736 
5 
317 318 319 1733 1736 
4 
322 323 324 1523 
3 
321 323 324 
3 
321 322 324 
4 
321 322 323 410 
5 
326 327 328 1793 1794 
4 
325 327 328 1794 
7 
49 325 326 328 345 1794 1795 
7 
325 326 327 1793 1794 1795 1796 
5 
330 331 332 1105 1106 
4 
329 331 332 1106 
7 
329 330 332 1106 1107 1473 1474 
8 
329 330 331 1105 1106 1107 1108 1473 
3 
334 335 336 
5 
333 335 336 1957 1960 
4 
333 334 336 1960 
3 
333 334 335 
6 
338 339 340 754 755 1175 
3 
337 339 340 
3 
337 338 340 
4 
337 338 339 755 
3 
342 343 344 
3 
341 343 344 
3 
341 342 344 
4 
341 342 343 934 
7 
49 52 327 346 347 348 1795 
7 
49 50 51 52 345 347 348 
8 
41 42 51 52 125 345 346 348 
5 
41 52 345 346 347 
5 
350 351 352 1089 1092 
7 
349 351 352 1089 1090 1091 1092 
5 
349 350 352 1091 1092 
4 
349 350 351 1092 
5 
354 355 356 1989 1992 
8 
353 355 356 573 1989 1990 1991 1992 
7 
353 354 356 573 576 1991 1992 
4 
353 354 355 1992 
5 
358 359 360 622 623 
5 
357 359 360 572 1221 
6 
357 358 360 1221 1224 1574 
6 
357 358 359 623 1573 1574 
9 
362 363 364 671 672 1749 1750 1751 1752 
7 
216 361 363 364 671 1750 1751 
5 
361 362 364 630 1751 
7 
361 362 363 629 630 1751 1752 
3 
366 367 368 
4 
365 367 368 1777 
6 
365 366 368 673 1777 1780 
3 
365 366 367 
4 
370 371 372 832 
6 
369 371 372 831 832 1724 
4 
369 370 372 517 
3 
369 370 371 
4 
374 375 376 1013 
6 
373 375 376 1013 1014 1068 
8 
225 373 374 376 1013 1014 1015 1016 
5 
373 374 375 1013 1016 
5 
378 379 380 875 876 
4 
377 379 380 875 
3 
377 378 380 
3 
377 378 379 
5 
382 383 384 469 472 
8 
145 381 383 384 469 470 471 472 
9 
70 145 148 381 382 384 471 472 1589 
6 
69 70 381 382 383 472 
7 
386 387 388 457 460 1122 1123 
7 
385 387 388 457 458 459 460 
5 
385 386 388 459 460 
5 
385 386 387 460 1123 
3 
390 391 392 
3 
389 391 392 
4 
389 390 392 1518 
5 
389 390 391 1517 1518 
4 
394 395 396 866 
3 
393 395 396 
3 
393 394 396 
5 
393 394 395 866 867 
11 
398 399 400 905 906 981 982 983 984 1789 1790 
7 
397 399 400 906 982 983 1790 
11 
397 398 400 906 907 983 1445 1446 1558 1790 1791 
16 
397 398 399 905 906 907 908 983 984 1445 1557 1558 1789 1790 1791 1792 
4 
402 403 404 910 
3 
401 403 404 
3 
401 402 404 
5 
401 402 403 910 911 
4 
406 407 408 643 
3 
405 407 408 
3 
405 406 408 
4 
405 406 407 1226 
6 
410 411 412 513 813 814 
7 
324 409 411 412 513 514 814 
9 
409 410 412 513 514 515 516 814 815 
9 
409 410 411 513 516 813 814 815 816 
9 
11 414 415 416 474 1109 1110 1111 1112 
5 
413 415 416 1110 1111 
4 
413 414 416 1111 
7 
413 414 415 474 475 1111 1112 
5 
418 419 420 731 1093 
5 
417 419 420 1093 1094 
7 
417 418 420 1093 1094 1095 1096 
5 
417 418 419 1093 1096 
8 
237 422 423 424 653 654 1565 1566 
7 
237 238 421 423 424 654 1566 
11 
237 238 239 240 421 422 424 654 655 1566 1567 
13 
237 240 421 422 423 653 654 655 656 1565 1566 1567 1568 
7 
426 427 428 763 764 1290 1291 
4 
425 427 428 763 
3 
425 426 428 
4 
425 426 427 1291 
7 
430 431 432 953 979 1838 1839 
7 
429 431 432 953 954 1417 1420 
9 
429 430 432 953 954 955 956 1420 1510 
8 
429 430 431 953 956 1509 1510 1839 
3 
434 435 436 
3 
433 435 436 
5 
433 434 436 1913 1914 
5 
22 433 434 435 1913 
3 
438 439 440 
3 
437 439 440 
5 
437 438 440 749 750 
4 
437 438 439 749 
4 
442 443 444 1488 
7 
441 443 444 589 592 1487 1488 
5 
441 442 444 592 1274 
5 
441 442 443 1273 1274 
3 
446 447 448 
3 
445 447 448 
3 
445 446 448 
3 
445 446 447 
8 
199 450 451 452 1301 1302 1598 1599 
4 
449 451 452 1302 
8 
449 450 452 761 1289 1290 1302 1303 
9 
449 450 451 1289 1301 1302 1303 1304 1599 
3 
454 455 456 
3 
453 455 456 
5 
453 454 456 506 554 
8 
453 454 455 505 506 553 554 938 
6 
385 386 458 459 460 1122 
4 
386 457 459 460 
5 
386 387 457 458 460 
9 
385 386 387 388 457 458 459 1122 1123 
8 
462 463 464 557 558 884 1287 1288 
7 
461 463 464 558 883 884 1287 
5 
461 462 464 558 559 
7 
461 462 463 557 558 559 560 
3 
466 467 468 
3 
465 467 468 
3 
465 466 468 
3 
465 466 467 
5 
381 382 470 471 472 
5 
382 469 471 472 1217 
10 
145 382 383 469 470 472 1217 1220 1589 1590 
8 
381 382 383 384 469 470 471 1589 
7 
11 12 474 475 476 562 563 
7 
11 413 416 473 475 476 1112 
4 
416 473 474 476 
4 
473 474 475 563 
3 
478 479 480 
5 
101 104 477 479 480 
4 
104 477 478 480 
3 
477 478 479 
7 
241 242 243 244 482 483 484 
6 
242 243 481 483 484 969 
6 
243 481 482 484 969 972 
5 
243 244 481 482 483 
5 
486 487 488 1059 1060 
4 
485 487 488 1059 
6 
130 485 486 488 1037 1038 
6 
129 130 485 486 487 1037 
6 
490 491 492 605 608 1094 
7 
489 491 492 605 606 607 608 
5 
489 490 492 607 608 
6 
489 490 491 608 1094 1095 
6 
494 495 496 853 1159 1160 
6 
493 495 496 853 854 1159 
6 
493 494 496 855 856 1673 
4 
493 494 495 856 
5 
498 499 500 1051 1052 
4 
497 499 500 1051 
3 
497 498 500 
3 
497 498 499 
7 
502 503 504 1675 1676 1741 1744 
8 
501 503 504 1675 1741 1742 1743 1744 
5 
501 502 504 1743 1744 
4 
501 502 503 1744 
10 
456 506 507 508 553 554 555 556 938 939 
8 
455 456 505 507 508 554 555 1377 
7 
505 506 508 555 957 1377 1380 
6 
505 506 507 555 556 939 
5 
126 127 510 511 512 
5 
509 511 512 629 1752 
6 
509 510 512 629 632 1342 
6 
127 509 510 511 1341 1342 
9 
409 410 411 412 514 515 516 814 815 
5 
410 411 513 515 516 
4 
411 513 514 516 
6 
411 412 513 514 515 815 
4 
371 518 519 520 
3 
517 519 520 
3 
517 518 520 
3 
517 518 519 
5 
522 523 524 1145 1146 
6 
521 523 524 1146 1357 1360 
8 
521 522 524 1057 1058 1146 1147 1360 
8 
521 522 523 1057 1145 1146 1147 1148 
3 
526 527 528 
4 
97 525 527 528 
4 
100 525 526 528 
3 
525 526 527 
3 
530 531 532 
3 
529 531 532 
3 
529 530 532 
4 
529 530 531 1394 
7 
534 535 536 1341 1342 1343 1344 
5 
533 535 536 1342 1343 
5 
533 534 536 1343 1390 
7 
533 534 535 1343 1344 1389 1390 
4 
538 539 540 1987 
5 
537 539 540 1021 1024 
4 
537 538 540 1024 
3 
537 538 539 
3 
542 543 544 
3 
541 543 544 
4 
541 542 544 1765 
3 
541 542 543 
10 
546 547 548 1009 1010 1127 1245 1246 1618 1619 
5 
545 547 548 1010 1246 
7 
545 546 548 1010 1011 1246 1247 
13 
545 546 547 1009 1010 1011 1012 1245 1246 1247 1248 1619 1826 
7 
75 76 295 296 550 551 552 
6 
75 295 549 551 552 1952 
5 
549 550 552 677 678 
4 
549 550 551 677 
9 
456 505 554 555 556 937 938 939 940 
9 
455 456 505 506 553 555 556 938 939 
9 
505 506 507 508 553 554 556 939 1377 
7 
505 508 553 554 555 939 940 
5 
461 464 558 559 560 
7 
461 462 463 464 557 559 560 
5 
463 464 557 558 560 
4 
464 557 558 559 
4 
562 563 564 1622 
5 
12 473 561 563 564 
6 
473 476 561 562 564 1406 
7 
561 562 563 1405 1406 1622 1623 
6 
566 567 568 1269 1489 1490 
6 
565 567 568 1269 1270 1490 
9 
565 566 568 1269 1270 1271 1272 1490 1491 
9 
565 566 567 1269 1272 1489 1490 1491 1492 
3 
570 571 572 
3 
569 571 572 
3 
569 570 572 
4 
358 569 570 571 
8 
354 355 574 575 576 932 1990 1991 
5 
573 575 576 931 932 
4 
573 574 576 1181 
5 
355 573 574 575 1991 
4 
578 579 580 1907 
3 
577 579 580 
3 
577 578 580 
4 
577 578 579 870 
9 
13 14 15 16 582 583 584 1099 1541 
7 
14 15 581 583 584 1424 1542 
6 
15 581 582 584 1542 1543 
7 
15 16 581 582 583 1541 1544 
6 
4 65 66 586 587 588 
6 
3 4 66 585 587 588 
8 
66 67 162 585 586 588 825 826 
10 
65 66 67 68 161 162 585 586 587 825 
5 
442 590 591 592 1487 
3 
589 591 592 
5 
589 590 592 729 730 
7 
442 443 589 590 591 729 1274 
4 
594 595 596 1904 
5 
593 595 596 1903 1904 
3 
593 594 596 
3 
593 594 595 
4 
598 599 600 1742 
5 
597 599 600 993 1921 
8 
85 597 598 600 993 996 1921 1924 
5 
597 598 599 1742 1743 
3 
602 603 604 
5 
601 603 604 917 920 
4 
601 602 604 920 
3 
601 602 603 
5 
489 490 606 607 608 
5 
490 605 607 608 788 
5 
490 491 605 606 608 
7 
489 490 491 492 605 606 607 
4 
610 611 612 717 
5 
609 611 612 717 718 
8 
609 610 612 717 718 719 720 726 
7 
609 610 611 717 720 725 726 
6 
99 100 614 615 616 682 
4 
99 613 615 616 
5 
197 198 613 614 616 
6 
197 613 614 615 682 683 
3 
618 619 620 
3 
617 619 620 
3 
617 618 620 
3 
617 618 619 
4 
622 623 624 923 
4 
357 621 623 624 
7 
357 360 621 622 624 1573 1574 
4 
621 622 623 1573 
5 
177 178 626 627 628 
5 
178 625 627 628 1404 
5 
178 179 625 626 628 
7 
177 178 179 180 625 626 627 
8 
53 245 364 510 511 630 631 632 
9 
53 54 245 246 363 364 629 631 632 
13 
53 54 55 56 245 246 247 248 629 630 632 737 738 
9 
53 56 245 248 511 629 630 631 737 
12 
85 86 634 635 636 667 668 993 994 995 996 1922 
7 
86 633 635 636 667 994 995 
6 
86 87 633 634 636 995 
10 
85 86 87 88 633 634 635 995 996 1923 
3 
638 639 640 
4 
637 639 640 776 
3 
637 638 640 
3 
637 638 639 
5 
642 643 644 1085 1088 
8 
641 643 644 648 1085 1086 1087 1088 
6 
405 641 642 644 1087 1088 
4 
641 642 643 1088 
5 
646 647 648 1085 1086 
4 
645 647 648 1086 
5 
645 646 648 1086 1087 
8 
642 645 646 647 1085 1086 1087 1088 
4 
650 651 652 972 
6 
649 651 652 971 972 1192 
5 
649 650 652 845 846 
4 
649 650 651 845 
8 
237 421 424 654 655 656 1565 1566 
10 
237 238 421 422 423 424 653 655 656 1566 
11 
237 238 239 240 423 424 653 654 656 1566 1567 
10 
237 240 424 653 654 655 1565 1566 1567 1568 
4 
658 659 660 1399 
3 
657 659 660 
3 
657 658 660 
3 
657 658 659 
8 
257 662 663 664 1005 1006 1801 1804 
10 
257 258 661 663 664 1006 1801 1802 1803 1804 
12 
257 258 259 260 661 662 664 1006 1007 1277 1803 1804 
10 
257 260 661 662 663 1005 1006 1007 1008 1804 
3 
666 667 668 
3 
665 667 668 
7 
86 633 634 665 666 668 994 
9 
85 86 633 665 666 667 993 994 1922 
7 
670 671 672 1373 1376 1749 1750 
10 
213 216 669 671 672 1373 1374 1375 1376 1750 
10 
216 361 362 669 670 672 1375 1376 1750 1751 
9 
361 669 670 671 1376 1749 1750 1751 1752 
8 
367 674 675 676 1777 1778 1779 1780 
6 
673 675 676 1552 1778 1779 
4 
673 674 676 1779 
5 
673 674 675 1779 1780 
5 
551 552 678 679 680 
6 
551 677 679 680 1501 1504 
4 
677 678 680 1504 
3 
677 678 679 
3 
682 683 684 
5 
613 616 681 683 684 
4 
616 681 682 684 
3 
681 682 683 
4 
686 687 688 1236 
5 
685 687 688 1235 1236 
5 
685 686 688 1425 1426 
4 
685 686 687 1425 
7 
181 182 183 184 690 691 692 
5 
182 183 689 691 692 
5 
183 689 690 692 1625 
5 
183 184 689 690 691 
7 
694 695 696 1025 1026 1027 1028 
5 
693 695 696 1026 1027 
4 
693 694 696 1027 
5 
693 694 695 1027 1028 
3 
698 699 700 
3 
697 699 700 
5 
697 698 700 1661 1662 
4 
697 698 699 1661 
5 
702 703 704 1645 1648 
7 
701 703 704 1645 1646 1647 1648 
6 
701 702 704 1126 1647 1648 
6 
701 702 703 1125 1126 1648 
3 
706 707 708 
5 
172 705 707 708 1973 
5 
705 706 708 1973 1976 
3 
705 706 707 
8 
118 298 710 711 712 1252 1547 1548 
6 
709 711 712 1251 1252 1547 
3 
709 710 712 
7 
118 119 298 299 709 710 711 
5 
714 715 716 1394 1395 
3 
713 715 716 
5 
713 714 716 1929 1930 
5 
713 714 715 1395 1929 
7 
609 610 611 612 718 719 720 
5 
610 611 717 719 720 
4 
611 717 718 720 
6 
611 612 717 718 719 726 
3 
722 723 724 
3 
721 723 724 
3 
721 722 724 
3 
721 722 723 
5 
612 726 727 728 1218 
6 
611 612 720 725 727 728 
3 
725 726 728 
6 
146 725 726 727 1218 1219 
5 
591 592 730 731 732 
4 
591 729 731 732 
4 
417 729 730 732 
3 
729 730 731 
3 
734 735 736 
7 
733 735 736 849 852 1925 1928 
7 
733 734 736 852 1873 1874 1928 
6 
733 734 735 946 1830 1873 
10 
55 56 248 631 632 738 739 740 1757 1758 
7 
55 247 631 737 739 740 1758 
5 
737 738 740 1758 1759 
7 
737 738 739 1757 1758 1759 1760 
5 
93 94 742 743 744 
4 
94 741 743 744 
5 
94 95 741 742 744 
7 
93 94 95 96 741 742 743 
9 
746 747 748 961 964 1414 1415 1862 1863 
7 
745 747 748 961 962 963 964 
5 
745 746 748 963 964 
6 
745 746 747 964 1415 1863 
5 
439 440 750 751 752 
4 
439 749 751 752 
5 
273 274 749 750 752 
4 
273 749 750 751 
9 
754 755 756 1175 1176 1298 1299 1434 1435 
5 
337 753 755 756 1175 
5 
337 340 753 754 756 
5 
753 754 755 1299 1435 
5 
758 759 760 1853 1856 
7 
757 759 760 1853 1854 1855 1856 
5 
757 758 760 1855 1856 
5 
757 758 759 958 1856 
5 
451 762 763 764 1290 
3 
761 763 764 
5 
425 426 761 762 764 
6 
425 761 762 763 1290 1291 
4 
766 767 768 798 
4 
765 767 768 1868 
3 
765 766 768 
5 
765 766 767 798 799 
3 
770 771 772 
3 
769 771 772 
3 
769 770 772 
3 
769 770 771 
4 
774 775 776 1773 
7 
773 775 776 1117 1120 1773 1774 
7 
773 774 776 1120 1705 1775 1776 
5 
638 773 774 775 1776 
3 
778 779 780 
3 
777 779 780 
3 
777 778 780 
3 
777 778 779 
3 
782 783 784 
3 
781 783 784 
3 
781 782 784 
3 
781 782 783 
5 
786 787 788 1451 1452 
4 
785 787 788 1451 
5 
785 786 788 1709 1710 
5 
606 785 786 787 1709 
5 
111 112 790 791 792 
6 
32 111 789 791 792 1745 
6 
789 790 792 1658 1745 1748 
5 
789 790 791 1657 1658 
6 
316 794 795 796 1171 1172 
8 
315 316 793 795 796 1171 1961 1964 
5 
793 794 796 1762 1964 
5 
793 794 795 1761 1762 
3 
798 799 800 
5 
765 768 797 799 800 
5 
768 797 798 800 1134 
5 
797 798 799 1133 1134 
4 
167 802 803 804 
5 
309 312 801 803 804 
4 
312 801 802 804 
3 
801 802 803 
3 
806 807 808 
3 
805 807 808 
3 
805 806 808 
3 
805 806 807 
5 
810 811 812 1869 1872 
7 
809 811 812 1869 1870 1871 1872 
5 
809 810 812 1871 1872 
4 
809 810 811 1872 
5 
409 412 814 815 816 
8 
409 410 411 412 513 813 815 816 
7 
411 412 513 516 813 814 816 
4 
412 813 814 815 
10 
81 818 819 820 1495 1496 1785 1788 1967 1968 
11 
81 82 817 819 820 1495 1785 1786 1787 1788 1967 
9 
81 82 83 84 817 818 820 1787 1788 
6 
81 84 817 818 819 1788 
3 
822 823 824 
3 
821 823 824 
3 
821 822 824 
3 
821 822 823 
8 
66 67 162 587 588 826 827 828 
4 
587 825 827 828 
3 
825 826 828 
6 
67 162 163 825 826 827 
4 
830 831 832 1721 
5 
829 831 832 1721 1722 
8 
370 829 830 832 1721 1722 1723 1724 
7 
369 370 829 830 831 1721 1724 
7 
834 835 836 1054 1345 1346 1369 
5 
833 835 836 1346 1370 
7 
833 834 836 1346 1347 1371 1906 
11 
833 834 835 1055 1345 1346 1347 1348 1372 1905 1906 
5 
838 839 840 1237 1240 
7 
837 839 840 1237 1238 1239 1240 
5 
837 838 840 1239 1240 
4 
837 838 839 1240 
6 
34 842 843 844 1467 1468 
8 
841 843 844 1467 1533 1536 1689 1692 
5 
841 842 844 1536 1692 
5 
34 35 841 842 843 
5 
651 652 846 847 848 
4 
651 845 847 848 
3 
845 846 848 
3 
845 846 847 
7 
132 734 850 851 852 1925 1926 
7 
131 132 849 851 852 1040 1926 
5 
849 850 852 1926 1927 
9 
734 735 849 850 851 1925 1926 1927 1928 
6 
493 494 854 855 856 1159 
4 
494 853 855 856 
6 
495 853 854 856 1673 1674 
6 
495 496 853 854 855 1673 
3 
858 859 860 
3 
857 859 860 
4 
857 858 860 1853 
3 
857 858 859 
3 
862 863 864 
3 
861 863 864 
3 
861 862 864 
3 
861 862 863 
5 
307 308 866 867 868 
6 
307 393 396 865 867 868 
6 
396 865 866 868 1337 1338 
4 
865 866 867 1337 
4 
870 871 872 1195 
4 
580 869 871 872 
5 
869 870 872 885 886 
4 
869 870 871 885 
3 
874 875 876 
4 
304 873 875 876 
5 
377 378 873 874 876 
4 
377 873 874 875 
4 
878 879 880 1635 
3 
877 879 880 
3 
877 878 880 
3 
877 878 879 
7 
882 883 884 1285 1286 1287 1288 
5 
881 883 884 1286 1287 
5 
462 881 882 884 1287 
7 
461 462 881 882 883 1287 1288 
5 
871 872 886 887 888 
4 
871 885 887 888 
4 
885 886 888 1061 
3 
885 886 887 
5 
890 891 892 1039 1577 
5 
889 891 892 1577 1578 
8 
889 890 892 1386 1577 1578 1579 1580 
7 
889 890 891 1385 1386 1577 1580 
3 
894 895 896 
3 
893 895 896 
3 
893 894 896 
3 
893 894 895 
3 
898 899 900 
3 
897 899 900 
3 
897 898 900 
3 
897 898 899 
3 
902 903 904 
3 
901 903 904 
5 
901 902 904 1981 1982 
4 
901 902 903 1981 
12 
397 400 906 907 908 983 984 1557 1789 1790 1791 1792 
12 
397 398 399 400 905 907 908 983 1557 1558 1790 1791 
12 
399 400 905 906 908 1445 1446 1557 1558 1559 1560 1791 
9 
400 905 906 907 1445 1557 1560 1791 1792 
5 
285 286 910 911 912 
6 
286 401 404 909 911 912 
6 
286 287 404 909 910 912 
7 
285 286 287 288 909 910 911 
4 
914 915 916 1851 
3 
913 915 916 
3 
913 914 916 
4 
913 914 915 1190 
4 
602 918 919 920 
6 
141 144 173 917 919 920 
6 
144 173 176 917 918 920 
5 
602 603 917 918 919 
3 
922 923 924 
3 
921 923 924 
4 
621 921 922 924 
3 
921 922 923 
7 
278 279 926 927 928 1511 1512 
5 
925 927 928 1100 1511 
3 
925 926 928 
5 
279 925 926 927 1506 
3 
930 931 932 
3 
929 931 932 
4 
574 929 930 932 
6 
573 574 929 930 931 1990 
9 
217 218 219 220 934 935 936 1614 1950 
6 
218 219 344 933 935 936 
6 
37 38 219 933 934 936 
10 
37 219 220 933 934 935 1614 1615 1950 1951 
4 
553 938 939 940 
7 
456 505 553 554 937 939 940 
9 
505 508 553 554 555 556 937 938 940 
5 
553 556 937 938 939 
3 
942 943 944 
3 
941 943 944 
3 
941 942 944 
3 
941 942 943 
4 
946 947 948 1829 
6 
736 945 947 948 1829 1830 
9 
945 946 948 1257 1258 1829 1830 1831 1832 
6 
945 946 947 1257 1829 1832 
5 
950 951 952 1681 1682 
4 
949 951 952 1682 
5 
949 950 952 1682 1683 
7 
949 950 951 1681 1682 1683 1684 
10 
429 430 431 432 954 955 956 979 1509 1510 
11 
430 431 953 955 956 1097 1417 1420 1497 1500 1510 
10 
431 953 954 956 1097 1100 1420 1500 1510 1511 
10 
278 431 432 953 954 955 1509 1510 1511 1512 
8 
507 958 959 960 1377 1378 1379 1380 
6 
760 957 959 960 1378 1379 
4 
957 958 960 1379 
8 
106 957 958 959 1046 1162 1379 1380 
6 
745 746 962 963 964 1414 
4 
746 961 963 964 
5 
746 747 961 962 964 
8 
745 746 747 748 961 962 963 1415 
3 
966 967 968 
3 
965 967 968 
4 
77 965 966 968 
3 
965 966 967 
5 
482 483 970 971 972 
5 
969 971 972 1189 1192 
5 
650 969 970 972 1192 
6 
483 649 650 969 970 971 
7 
137 138 139 140 974 975 976 
5 
138 139 973 975 976 
4 
139 973 974 976 
5 
139 140 973 974 975 
7 
978 979 980 1837 1838 1931 1932 
6 
977 979 980 1596 1838 1931 
7 
429 953 977 978 980 1838 1839 
7 
977 978 979 1837 1838 1839 1840 
4 
397 982 983 984 
5 
397 398 981 983 984 
13 
397 398 399 400 905 906 981 982 984 1557 1558 1789 1790 
8 
397 400 905 981 982 983 1557 1789 
5 
986 987 988 1818 1819 
3 
985 987 988 
4 
985 986 988 1130 
6 
985 986 987 1129 1130 1819 
3 
990 991 992 
3 
989 991 992 
4 
989 990 992 1065 
3 
989 990 991 
11 
85 86 598 599 633 668 994 995 996 1921 1922 
9 
86 633 634 667 668 993 995 996 1922 
11 
86 87 633 634 635 636 993 994 996 1922 1923 
14 
85 86 87 88 599 633 636 993 994 995 1921 1922 1923 1924 
4 
30 998 999 1000 
3 
997 999 1000 
4 
997 998 1000 1489 
5 
30 31 997 998 999 
6 
1002 1003 1004 1535 1691 1692 
4 
1001 1003 1004 1691 
5 
1001 1002 1004 1813 1814 
4 
1001 1002 1003 1813 
8 
257 260 661 664 1006 1007 1008 1804 
14 
257 258 259 260 661 662 663 664 1005 1007 1008 1277 1803 1804 
9 
259 260 663 664 1005 1006 1008 1277 1280 
5 
260 664 1005 1006 1007 
9 
545 548 1010 1011 1012 1245 1248 1619 1620 
12 
545 546 547 548 1009 1011 1012 1245 1246 1247 1248 1619 
8 
547 548 1009 1010 1012 1247 1248 1826 
7 
548 1009 1010 1011 1248 1825 1826 
8 
373 374 375 376 1014 1015 1016 1068 
10 
225 374 375 1013 1015 1016 1067 1068 1313 1316 
7 
225 228 375 1013 1014 1016 1316 
6 
166 375 376 1013 1014 1015 
3 
1018 1019 1020 
3 
1017 1019 1020 
3 
1017 1018 1020 
3 
1017 1018 1019 
4 
538 1022 1023 1024 
4 
1021 1023 1024 1265 
5 
1021 1022 1024 1265 1268 
5 
538 539 1021 1022 1023 
5 
693 1026 1027 1028 1971 
5 
693 694 1025 1027 1028 
7 
693 694 695 696 1025 1026 1028 
5 
693 696 1025 1026 1027 
5 
1030 1031 1032 1637 1638 
4 
1029 1031 1032 1638 
5 
1029 1030 1032 1638 1639 
7 
1029 1030 1031 1637 1638 1639 1640 
7 
1034 1035 1036 1455 1456 1527 1919 
8 
1033 1035 1036 1413 1416 1455 1861 1864 
5 
1033 1034 1036 1416 1864 
3 
1033 1034 1035 
9 
129 130 131 132 487 488 1038 1039 1040 
6 
130 131 487 1037 1039 1040 
6 
131 889 1037 1038 1040 1577 
6 
131 132 850 1037 1038 1039 
3 
1042 1043 1044 
3 
1041 1043 1044 
4 
1041 1042 1044 1782 
5 
1041 1042 1043 1781 1782 
5 
105 1046 1047 1048 1161 
9 
105 106 960 1045 1047 1048 1161 1162 1380 
11 
105 106 107 108 1045 1046 1048 1161 1162 1163 1164 
7 
105 108 1045 1046 1047 1161 1164 
5 
1050 1051 1052 1753 1756 
7 
1049 1051 1052 1753 1754 1755 1756 
7 
497 498 1049 1050 1052 1755 1756 
5 
497 1049 1050 1051 1756 
3 
1054 1055 1056 
6 
833 1053 1055 1056 1345 1369 
10 
836 1053 1054 1056 1345 1348 1369 1372 1905 1906 
4 
1053 1054 1055 1905 
7 
523 524 1058 1059 1060 1147 1148 
5 
523 1057 1059 1060 1147 
5 
485 486 1057 1058 1060 
4 
485 1057 1058 1059 
4 
887 1062 1063 1064 
4 
1061 1063 1064 1684 
3 
1061 1062 1064 
3 
1061 1062 1063 
4 
991 1066 1067 1068 
3 
1065 1067 1068 
6 
1014 1065 1066 1068 1313 1314 
7 
374 1013 1014 1065 1066 1067 1313 
10 
1070 1071 1072 1149 1150 1151 1152 1317 1766 1767 
8 
1069 1071 1072 1150 1151 1317 1318 1472 
9 
1069 1070 1072 1151 1317 1318 1319 1320 1877 
8 
1069 1070 1071 1151 1152 1317 1320 1767 
5 
1074 1075 1076 1937 1940 
7 
1073 1075 1076 1937 1938 1939 1940 
6 
1073 1074 1076 1513 1939 1940 
4 
1073 1074 1075 1940 
3 
1078 1079 1080 
3 
1077 1079 1080 
3 
1077 1078 1080 
3 
1077 1078 1079 
7 
230 231 1082 1083 1084 1478 1479 
3 
1081 1083 1084 
3 
1081 1082 1084 
5 
231 1081 1082 1083 1479 
7 
641 642 645 648 1086 1087 1088 
8 
642 645 646 647 648 1085 1087 1088 
7 
642 643 647 648 1085 1086 1088 
8 
641 642 643 644 648 1085 1086 1087 
5 
349 350 1090 1091 1092 
4 
350 1089 1091 1092 
5 
350 351 1089 1090 1092 
7 
349 350 351 352 1089 1090 1091 
7 
417 418 419 420 1094 1095 1096 
7 
418 419 489 492 1093 1095 1096 
5 
419 492 1093 1094 1096 
6 
282 419 420 1093 1094 1095 
9 
954 955 1098 1099 1100 1419 1420 1497 1500 
8 
1097 1099 1100 1419 1497 1498 1499 1500 
7 
13 581 1097 1098 1100 1499 1500 
6 
926 955 1097 1098 1099 1500 
3 
1102 1103 1104 
4 
1101 1103 1104 1172 
3 
1101 1102 1104 
3 
1101 1102 1103 
5 
329 332 1106 1107 1108 
7 
329 330 331 332 1105 1107 1108 
7 
331 332 1105 1106 1108 1473 1474 
5 
332 1105 1106 1107 1473 
7 
10 11 413 1110 1111 1112 1256 
7 
413 414 1109 1111 1112 1255 1256 
7 
413 414 415 416 1109 1110 1112 
7 
11 413 416 474 1109 1110 1111 
3 
1114 1115 1116 
3 
1113 1115 1116 
3 
1113 1114 1116 
3 
1113 1114 1115 
6 
774 1118 1119 1120 1773 1774 
4 
1117 1119 1120 1774 
5 
1117 1118 1120 1774 1775 
9 
774 775 1117 1118 1119 1773 1774 1775 1776 
3 
1122 1123 1124 
6 
385 457 460 1121 1123 1124 
6 
385 388 460 1121 1122 1124 
3 
1121 1122 1123 
5 
704 1126 1127 1128 1617 
7 
703 704 1125 1127 1128 1617 1618 
8 
545 1125 1126 1128 1617 1618 1619 1620 
5 
1125 1126 1127 1617 1620 
6 
988 1130 1131 1132 1819 1820 
6 
987 988 1129 1131 1132 1819 
4 
134 1129 1130 1132 
5 
133 134 1129 1130 1131 
4 
800 1134 1135 1136 
5 
799 800 1133 1135 1136 
3 
1133 1134 1136 
3 
1133 1134 1135 
3 
1138 1139 1140 
3 
1137 1139 1140 
3 
1137 1138 1140 
3 
1137 1138 1139 
7 
205 206 207 208 1142 1143 1144 
5 
206 207 1141 1143 1144 
5 
207 1141 1142 1144 1694 
7 
207 208 1141 1142 1143 1693 1694 
5 
521 524 1146 1147 1148 
7 
521 522 523 524 1145 1147 1148 
7 
523 524 1057 1058 1145 1146 1148 
5 
524 1057 1145 1146 1147 
6 
1069 1150 1151 1152 1317 1766 
7 
1069 1070 1149 1151 1152 1317 1318 
11 
1069 1070 1071 1072 1149 1150 1152 1317 1318 1319 1320 
9 
1069 1072 1149 1150 1151 1317 1320 1766 1767 
6 
1154 1155 1156 1359 1443 1444 
4 
1153 1155 1156 1443 
3 
1153 1154 1156 
3 
1153 1154 1155 
4 
1158 1159 1160 1439 
3 
1157 1159 1160 
6 
493 494 853 1157 1158 1160 
4 
493 1157 1158 1159 
9 
105 106 1045 1046 1047 1048 1162 1163 1164 
7 
106 960 1046 1047 1161 1163 1164 
5 
107 1047 1161 1162 1164 
7 
107 108 1047 1048 1161 1162 1163 
9 
1166 1167 1168 1677 1678 1679 1680 1945 1948 
9 
1165 1167 1168 1678 1679 1945 1946 1947 1948 
6 
1165 1166 1168 1679 1947 1948 
6 
1165 1166 1167 1679 1680 1948 
3 
1170 1171 1172 
4 
313 1169 1171 1172 
7 
313 316 793 794 1169 1170 1172 
5 
793 1102 1169 1170 1171 
4 
1174 1175 1176 1298 
3 
1173 1175 1176 
6 
337 753 754 1173 1174 1176 
7 
753 1173 1174 1175 1298 1299 1434 
5 
1178 1179 1180 1609 1610 
6 
1177 1179 1180 1457 1460 1610 
6 
1177 1178 1180 1460 1610 1611 
7 
1177 1178 1179 1609 1610 1611 1612 
5 
575 1182 1183 1184 1540 
5 
1181 1183 1184 1539 1540 
3 
1181 1182 1184 
3 
1181 1182 1183 
6 
268 1186 1187 1188 1882 1883 
5 
267 268 1185 1187 1188 
3 
1185 1186 1188 
4 
1185 1186 1187 1883 
4 
970 1190 1191 1192 
4 
916 1189 1191 1192 
3 
1189 1190 1192 
6 
650 970 971 1189 1190 1191 
5 
1194 1195 1196 1905 1908 
8 
1193 1195 1196 1348 1905 1906 1907 1908 
6 
869 1193 1194 1196 1907 1908 
4 
1193 1194 1195 1908 
3 
1198 1199 1200 
3 
1197 1199 1200 
3 
1197 1198 1200 
3 
1197 1198 1199 
5 
1202 1203 1204 1606 1607 
3 
1201 1203 1204 
5 
18 1201 1202 1204 1770 
8 
17 18 1201 1202 1203 1607 1769 1770 
3 
1206 1207 1208 
3 
1205 1207 1208 
3 
1205 1206 1208 
3 
1205 1206 1207 
6 
89 1210 1211 1212 1715 1716 
6 
89 90 1209 1211 1212 1715 
8 
89 90 91 92 1209 1210 1212 1953 
5 
89 92 1209 1210 1211 
3 
1214 1215 1216 
3 
1213 1215 1216 
3 
1213 1214 1216 
3 
1213 1214 1215 
5 
470 471 1218 1219 1220 
5 
725 728 1217 1219 1220 
6 
146 728 1217 1218 1220 1590 
8 
145 146 471 1217 1218 1219 1589 1590 
5 
358 359 1222 1223 1224 
3 
1221 1223 1224 
3 
1221 1222 1224 
4 
359 1221 1222 1223 
3 
1226 1227 1228 
4 
408 1225 1227 1228 
3 
1225 1226 1228 
3 
1225 1226 1227 
4 
1230 1231 1232 1963 
3 
1229 1231 1232 
3 
1229 1230 1232 
3 
1229 1230 1231 
3 
1234 1235 1236 
3 
1233 1235 1236 
4 
686 1233 1234 1236 
5 
685 686 1233 1234 1235 
5 
837 838 1238 1239 1240 
4 
838 1237 1239 1240 
5 
838 839 1237 1238 1240 
7 
837 838 839 840 1237 1238 1239 
3 
1242 1243 1244 
3 
1241 1243 1244 
3 
1241 1242 1244 
3 
1241 1242 1243 
8 
545 548 1009 1010 1246 1247 1248 1619 
8 
545 546 547 548 1010 1245 1247 1248 
7 
547 548 1010 1011 1245 1246 1248 
9 
548 1009 1010 1011 1012 1245 1246 1247 1826 
8 
1250 1251 1252 1349 1350 1351 1352 1546 
5 
1249 1251 1252 1350 1351 
5 
710 1249 1250 1252 1351 
9 
709 710 1249 1250 1251 1351 1352 1546 1547 
4 
10 1254 1255 1256 
3 
1253 1255 1256 
4 
1110 1253 1254 1256 
7 
10 11 1109 1110 1253 1254 1255 
7 
947 948 1258 1259 1260 1831 1832 
5 
947 1257 1259 1260 1831 
3 
1257 1258 1260 
3 
1257 1258 1259 
4 
284 1262 1263 1264 
5 
283 284 1261 1263 1264 
3 
1261 1262 1264 
3 
1261 1262 1263 
5 
1022 1023 1266 1267 1268 
3 
1265 1267 1268 
3 
1265 1266 1268 
4 
1023 1265 1266 1267 
11 
565 566 567 568 1270 1271 1272 1489 1490 1491 1492 
8 
292 566 567 1269 1271 1272 1490 1491 
6 
242 567 1269 1270 1272 1491 
9 
241 242 567 568 1269 1270 1271 1491 1492 
4 
444 1274 1275 1276 
6 
443 444 592 1273 1275 1276 
3 
1273 1274 1276 
3 
1273 1274 1275 
7 
259 663 1006 1007 1278 1279 1280 
3 
1277 1279 1280 
4 
1277 1278 1280 1442 
7 
1007 1277 1278 1279 1358 1441 1442 
5 
1282 1283 1284 1528 1920 
8 
1281 1283 1284 1456 1527 1528 1919 1920 
3 
1281 1282 1284 
3 
1281 1282 1283 
4 
881 1286 1287 1288 
5 
881 882 1285 1287 1288 
9 
461 462 881 882 883 884 1285 1286 1288 
6 
461 881 884 1285 1286 1287 
7 
451 452 1290 1291 1292 1303 1304 
8 
425 451 761 764 1289 1291 1292 1303 
6 
425 428 764 1289 1290 1292 
3 
1289 1290 1291 
4 
1294 1295 1296 1555 
3 
1293 1295 1296 
3 
1293 1294 1296 
4 
1293 1294 1295 1846 
7 
226 1298 1299 1300 1314 1433 1434 
7 
753 1173 1176 1297 1299 1300 1434 
8 
753 756 1176 1297 1298 1300 1434 1435 
10 
226 227 1297 1298 1299 1315 1433 1434 1435 1436 
10 
199 449 452 1302 1303 1304 1597 1598 1599 1600 
9 
449 450 451 452 1301 1303 1304 1598 1599 
8 
451 452 1289 1290 1301 1302 1304 1599 
7 
452 1289 1301 1302 1303 1599 1600 
5 
153 156 1306 1307 1308 
7 
153 154 155 156 1305 1307 1308 
5 
155 156 1305 1306 1308 
4 
156 1305 1306 1307 
5 
6 7 1310 1311 1312 
4 
165 1309 1311 1312 
5 
165 168 1309 1310 1312 
4 
7 1309 1310 1311 
9 
225 226 1014 1067 1068 1314 1315 1316 1433 
8 
226 1067 1297 1313 1315 1316 1433 1434 
10 
226 227 1300 1313 1314 1316 1433 1434 1435 1436 
11 
225 226 227 228 1014 1015 1313 1314 1315 1433 1436 
11 
1069 1070 1071 1072 1149 1150 1151 1152 1318 1319 1320 
11 
61 64 1070 1071 1150 1151 1317 1319 1320 1472 1888 
7 
64 1071 1151 1317 1318 1320 1877 
7 
1071 1072 1151 1152 1317 1318 1319 
3 
1322 1323 1324 
3 
1321 1323 1324 
3 
1321 1322 1324 
3 
1321 1322 1323 
9 
1326 1327 1328 1401 1402 1403 1404 1658 1659 
5 
1325 1327 1328 1402 1403 
4 
1325 1326 1328 1403 
6 
1325 1326 1327 1403 1404 1659 
8 
1330 1331 1332 1669 1670 1671 1672 1816 
7 
1329 1331 1332 1670 1671 1815 1816 
4 
1329 1330 1332 1671 
5 
1329 1330 1331 1671 1672 
3 
1334 1335 1336 
4 
1333 1335 1336 1588 
3 
1333 1334 1336 
3 
1333 1334 1335 
5 
867 868 1338 1339 1340 
4 
867 1337 1339 1340 
3 
1337 1338 1340 
3 
1337 1338 1339 
7 
127 128 512 533 1342 1343 1344 
8 
127 511 512 533 534 1341 1343 1344 
7 
533 534 535 536 1341 1342 1344 
5 
533 536 1341 1342 1343 
9 
833 836 1054 1055 1346 1347 1348 1369 1372 
11 
833 834 835 836 1345 1347 1348 1369 1370 1371 1372 
8 
835 836 1345 1346 1348 1371 1372 1906 
9 
836 1055 1194 1345 1346 1347 1372 1905 1906 
5 
1249 1350 1351 1352 1546 
5 
1249 1250 1349 1351 1352 
7 
1249 1250 1251 1252 1349 1350 1352 
7 
1249 1252 1349 1350 1351 1546 1547 
4 
264 1354 1355 1356 
6 
263 264 1353 1355 1356 1805 
5 
1353 1354 1356 1805 1808 
3 
1353 1354 1355 
4 
522 1358 1359 1360 
6 
1280 1357 1359 1360 1441 1444 
5 
1153 1357 1358 1360 1444 
5 
522 523 1357 1358 1359 
4 
1362 1363 1364 1806 
3 
1361 1363 1364 
3 
1361 1362 1364 
5 
1361 1362 1363 1806 1807 
3 
1366 1367 1368 
4 
1365 1367 1368 1553 
6 
1365 1366 1368 1553 1556 1630 
5 
1365 1366 1367 1629 1630 
8 
833 1054 1055 1345 1346 1370 1371 1372 
5 
834 1346 1369 1371 1372 
7 
835 1346 1347 1369 1370 1372 1906 
11 
836 1055 1345 1346 1347 1348 1369 1370 1371 1905 1906 
6 
213 669 670 1374 1375 1376 
8 
213 214 670 1373 1375 1376 1697 1700 
10 
213 214 215 216 670 671 1373 1374 1376 1700 
10 
213 216 669 670 671 672 1373 1374 1375 1750 
7 
506 507 555 957 1378 1379 1380 
5 
957 958 1377 1379 1380 
7 
957 958 959 960 1377 1378 1380 
7 
507 957 960 1046 1377 1378 1379 
3 
1382 1383 1384 
4 
1381 1383 1384 1988 
3 
1381 1382 1384 
3 
1381 1382 1383 
5 
892 1386 1387 1388 1580 
7 
891 892 1385 1387 1388 1579 1580 
3 
1385 1386 1388 
3 
1385 1386 1387 
4 
536 1390 1391 1392 
5 
535 536 1389 1391 1392 
3 
1389 1390 1392 
4 
1389 1390 1391 1626 
3 
1394 1395 1396 
5 
532 713 1393 1395 1396 
6 
713 716 1393 1394 1396 1929 
3 
1393 1394 1395 
9 
1398 1399 1400 1717 1718 1719 1720 1995 1996 
6 
1397 1399 1400 1718 1719 1995 
5 
657 1397 1398 1400 1719 
5 
1397 1398 1399 1719 1720 
8 
1325 1402 1403 1404 1657 1658 1659 1660 
7 
1325 1326 1401 1403 1404 1658 1659 
8 
1325 1326 1327 1328 1401 1402 1404 1659 
9 
178 626 1325 1328 1401 1402 1403 1659 1660 
8 
564 1406 1407 1408 1621 1622 1623 1624 
7 
563 564 1405 1407 1408 1622 1623 
4 
1405 1406 1408 1623 
5 
1405 1406 1407 1623 1624 
7 
189 190 191 192 1410 1411 1412 
5 
190 191 1409 1411 1412 
4 
191 1409 1410 1412 
5 
191 192 1409 1410 1411 
6 
1034 1414 1415 1416 1861 1862 
6 
745 961 1413 1415 1416 1862 
8 
745 748 964 1413 1414 1416 1862 1863 
9 
1034 1035 1413 1414 1415 1861 1862 1863 1864 
7 
430 954 1418 1419 1420 1497 1595 
5 
1417 1419 1420 1497 1498 
9 
1097 1098 1417 1418 1420 1497 1498 1499 1500 
11 
430 431 954 955 1097 1417 1418 1419 1497 1500 1510 
3 
1422 1423 1424 
3 
1421 1423 1424 
3 
1421 1422 1424 
5 
14 582 1421 1422 1423 
5 
687 688 1426 1427 1428 
4 
687 1425 1427 1428 
3 
1425 1426 1428 
4 
1425 1426 1427 1934 
4 
169 1430 1431 1432 
5 
169 170 1429 1431 1432 
9 
169 170 171 172 1429 1430 1432 1997 1998 
6 
169 172 1429 1430 1431 1997 
10 
226 1297 1300 1313 1314 1315 1316 1434 1435 1436 
11 
753 1176 1297 1298 1299 1300 1314 1315 1433 1435 1436 
8 
753 756 1299 1300 1315 1433 1434 1436 
8 
226 227 1300 1315 1316 1433 1434 1435 
3 
1438 1439 1440 
3 
1437 1439 1440 
4 
1157 1437 1438 1440 
3 
1437 1438 1439 
5 
1280 1358 1442 1443 1444 
5 
1279 1280 1441 1443 1444 
5 
1153 1154 1441 1442 1444 
6 
1153 1358 1359 1441 1442 1443 
12 
399 400 907 908 1446 1447 1448 1557 1558 1559 1560 1791 
7 
399 907 1445 1447 1448 1558 1559 
4 
1445 1446 1448 1559 
5 
1445 1446 1447 1559 1560 
3 
1450 1451 1452 
3 
1449 1451 1452 
5 
785 786 1449 1450 1452 
4 
785 1449 1450 1451 
6 
1454 1455 1456 1525 1526 1918 
4 
1453 1455 1456 1526 
7 
1033 1034 1453 1454 1456 1527 1861 
9 
1033 1282 1453 1454 1455 1527 1528 1918 1919 
4 
1178 1458 1459 1460 
3 
1457 1459 1460 
3 
1457 1458 1460 
5 
1178 1179 1457 1458 1459 
3 
1462 1463 1464 
3 
1461 1463 1464 
3 
1461 1462 1464 
3 
1461 1462 1463 
3 
1466 1467 1468 
3 
1465 1467 1468 
5 
841 842 1465 1466 1468 
4 
841 1465 1466 1467 
5 
1470 1471 1472 1885 1888 
7 
1469 1471 1472 1885 1886 1887 1888 
7 
61 62 1469 1470 1472 1887 1888 
7 
61 1070 1318 1469 1470 1471 1888 
7 
331 332 1107 1108 1474 1475 1476 
5 
331 1107 1473 1475 1476 
3 
1473 1474 1476 
4 
1473 1474 1475 1594 
5 
229 230 1478 1479 1480 
5 
230 1081 1477 1479 1480 
7 
230 231 1081 1084 1477 1478 1480 
7 
229 230 231 232 1477 1478 1479 
6 
1482 1483 1484 1823 1824 1848 
6 
1481 1483 1484 1823 1847 1848 
5 
301 302 1481 1482 1484 
4 
301 1481 1482 1483 
3 
1486 1487 1488 
3 
1485 1487 1488 
5 
442 589 1485 1486 1488 
5 
441 442 1485 1486 1487 
7 
565 568 999 1269 1490 1491 1492 
9 
565 566 567 568 1269 1270 1489 1491 1492 
9 
567 568 1269 1270 1271 1272 1489 1490 1492 
6 
568 1269 1272 1489 1490 1491 
4 
1494 1495 1496 1965 
6 
1493 1495 1496 1785 1965 1966 
9 
817 818 1493 1494 1496 1785 1788 1967 1968 
5 
817 1493 1494 1495 1968 
10 
954 1097 1098 1417 1418 1419 1420 1498 1499 1500 
6 
1098 1418 1419 1497 1499 1500 
7 
13 1098 1099 1419 1497 1498 1500 
11 
954 955 1097 1098 1099 1100 1419 1420 1497 1498 1499 
4 
678 1502 1503 1504 
4 
40 1501 1503 1504 
3 
1501 1502 1504 
5 
678 679 1501 1502 1503 
3 
1506 1507 1508 
4 
928 1505 1507 1508 
3 
1505 1506 1508 
3 
1505 1506 1507 
7 
432 953 956 1510 1511 1512 1839 
10 
431 432 953 954 955 956 1420 1509 1511 1512 
8 
278 925 926 955 956 1509 1510 1512 
7 
277 278 925 956 1509 1510 1511 
6 
1075 1514 1515 1516 1939 1940 
4 
1513 1515 1516 1939 
3 
1513 1514 1516 
3 
1513 1514 1515 
6 
157 158 392 1518 1519 1520 
6 
158 391 392 1517 1519 1520 
7 
114 158 159 1517 1518 1520 1570 
11 
113 114 157 158 159 160 1517 1518 1519 1569 1570 
3 
1522 1523 1524 
3 
1521 1523 1524 
4 
321 1521 1522 1524 
3 
1521 1522 1523 
6 
1453 1526 1527 1528 1917 1918 
6 
1453 1454 1525 1527 1528 1918 
9 
1033 1282 1455 1456 1525 1526 1528 1918 1919 
10 
1281 1282 1456 1525 1526 1527 1917 1918 1919 1920 
4 
36 1530 1531 1532 
5 
35 36 1529 1531 1532 
3 
1529 1530 1532 
4 
1529 1530 1531 1754 
5 
842 1534 1535 1536 1689 
5 
1533 1535 1536 1689 1690 
8 
1001 1533 1534 1536 1689 1690 1691 1692 
7 
842 843 1533 1534 1535 1689 1692 
3 
1538 1539 1540 
4 
72 1537 1539 1540 
4 
1182 1537 1538 1540 
5 
1181 1182 1537 1538 1539 
7 
15 16 581 584 1542 1543 1544 
6 
15 582 583 1541 1543 1544 
4 
583 1541 1542 1544 
4 
584 1541 1542 1543 
3 
1546 1547 1548 
7 
1249 1252 1349 1352 1545 1547 1548 
8 
118 709 710 1252 1352 1545 1546 1548 
7 
38 117 118 709 1545 1546 1547 
3 
1550 1551 1552 
6 
65 68 161 1549 1551 1552 
6 
68 161 164 1549 1550 1552 
4 
674 1549 1550 1551 
5 
1366 1367 1554 1555 1556 
3 
1553 1555 1556 
4 
1293 1553 1554 1556 
4 
1367 1553 1554 1555 
15 
400 905 906 907 908 983 984 1445 1558 1559 1560 1789 1790 1791 1792 
12 
399 400 906 907 983 1445 1446 1557 1559 1560 1790 1791 
9 
907 1445 1446 1447 1448 1557 1558 1560 1791 
9 
907 908 1445 1448 1557 1558 1559 1791 1792 
3 
1562 1563 1564 
3 
1561 1563 1564 
6 
1561 1562 1564 1678 1945 1946 
6 
1561 1562 1563 1677 1678 1945 
8 
237 421 424 653 656 1566 1567 1568 
13 
237 238 421 422 423 424 653 654 655 656 1565 1567 1568 
11 
237 238 239 240 423 424 655 656 1565 1566 1568 
7 
237 240 424 656 1565 1566 1567 
8 
113 157 160 1520 1570 1571 1572 1734 
11 
113 114 157 158 159 160 1519 1520 1569 1571 1572 
9 
113 114 115 116 159 160 1569 1570 1572 
8 
113 116 160 1569 1570 1571 1734 1735 
6 
360 623 624 1574 1575 1576 
6 
359 360 623 1573 1575 1576 
3 
1573 1574 1576 
3 
1573 1574 1575 
8 
889 890 891 892 1039 1578 1579 1580 
5 
890 891 1577 1579 1580 
5 
891 1386 1577 1578 1580 
7 
891 892 1385 1386 1577 1578 1579 
3 
1582 1583 1584 
3 
1581 1583 1584 
4 
249 1581 1582 1584 
3 
1581 1582 1583 
3 
1586 1587 1588 
3 
1585 1587 1588 
3 
1585 1586 1588 
4 
1334 1585 1586 1587 
10 
70 145 148 383 471 472 1220 1590 1591 1592 
10 
145 146 147 148 471 1219 1220 1589 1591 1592 
5 
147 148 1589 1590 1592 
6 
70 71 148 1589 1590 1591 
3 
1594 1595 1596 
4 
1476 1593 1595 1596 
4 
1417 1593 1594 1596 
4 
978 1593 1594 1595 
8 
197 198 199 200 1301 1598 1599 1600 
8 
198 199 449 1301 1302 1597 1599 1600 
10 
199 449 452 1301 1302 1303 1304 1597 1598 1600 
7 
199 200 1301 1304 1597 1598 1599 
3 
1602 1603 1604 
3 
1601 1603 1604 
3 
1601 1602 1604 
3 
1601 1602 1603 
4 
1606 1607 1608 1942 
4 
1201 1605 1607 1608 
7 
17 1201 1204 1605 1606 1608 1769 
5 
1605 1606 1607 1942 1943 
5 
1177 1180 1610 1611 1612 
7 
1177 1178 1179 1180 1609 1611 1612 
5 
1179 1180 1609 1610 1612 
4 
1180 1609 1610 1611 
5 
74 1614 1615 1616 1949 
8 
217 220 933 936 1613 1615 1616 1950 
8 
37 220 936 1613 1614 1616 1950 1951 
7 
74 75 1613 1614 1615 1949 1952 
7 
1125 1126 1127 1128 1618 1619 1620 
6 
545 1126 1127 1617 1619 1620 
9 
545 548 1009 1010 1127 1245 1617 1618 1620 
6 
1009 1127 1128 1617 1618 1619 
4 
1405 1622 1623 1624 
7 
561 564 1405 1406 1621 1623 1624 
8 
564 1405 1406 1407 1408 1621 1622 1624 
5 
1405 1408 1621 1622 1623 
5 
183 691 1626 1627 1628 
4 
1392 1625 1627 1628 
5 
101 102 1625 1626 1628 
4 
101 1625 1626 1627 
4 
1368 1630 1631 1632 
5 
1367 1368 1629 1631 1632 
3 
1629 1630 1632 
3 
1629 1630 1631 
3 
1634 1635 1636 
3 
1633 1635 1636 
4 
877 1633 1634 1636 
3 
1633 1634 1635 
5 
1029 1032 1638 1639 1640 
7 
1029 1030 1031 1032 1637 1639 1640 
5 
1031 1032 1637 1638 1640 
4 
1032 1637 1638 1639 
4 
44 1642 1643 1644 
6 
43 44 128 1641 1643 1644 
3 
1641 1642 1644 
3 
1641 1642 1643 
5 
701 702 1646 1647 1648 
4 
702 1645 1647 1648 
5 
702 703 1645 1646 1648 
7 
701 702 703 704 1645 1646 1647 
3 
1650 1651 1652 
3 
1649 1651 1652 
3 
1649 1650 1652 
3 
1649 1650 1651 
7 
209 210 211 212 1654 1655 1656 
5 
210 211 1653 1655 1656 
4 
211 1653 1654 1656 
5 
211 212 1653 1654 1655 
5 
792 1401 1658 1659 1660 
9 
791 792 1325 1401 1402 1657 1659 1660 1748 
9 
1325 1328 1401 1402 1403 1404 1657 1658 1660 
5 
1401 1404 1657 1658 1659 
5 
699 700 1662 1663 1664 
4 
699 1661 1663 1664 
3 
1661 1662 1664 
3 
1661 1662 1663 
3 
1666 1667 1668 
3 
1665 1667 1668 
3 
1665 1666 1668 
3 
1665 1666 1667 
4 
1329 1670 1671 1672 
6 
1329 1330 1669 1671 1672 1816 
7 
1329 1330 1331 1332 1669 1670 1672 
5 
1329 1332 1669 1670 1671 
6 
495 855 856 1674 1675 1676 
5 
855 1673 1675 1676 1741 
7 
501 502 1673 1674 1676 1741 1744 
4 
501 1673 1674 1675 
5 
1165 1564 1678 1679 1680 
8 
1165 1166 1563 1564 1677 1679 1680 1945 
8 
1165 1166 1167 1168 1677 1678 1680 1948 
5 
1165 1168 1677 1678 1679 
5 
949 952 1682 1683 1684 
7 
949 950 951 952 1681 1683 1684 
5 
951 952 1681 1682 1684 
5 
952 1062 1681 1682 1683 
4 
1686 1687 1688 1827 
3 
1685 1687 1688 
3 
1685 1686 1688 
3 
1685 1686 1687 
8 
842 1533 1534 1535 1536 1690 1691 1692 
5 
1534 1535 1689 1691 1692 
6 
1001 1002 1535 1689 1690 1692 
8 
842 843 1001 1535 1536 1689 1690 1691 
4 
1144 1694 1695 1696 
5 
1143 1144 1693 1695 1696 
4 
1693 1694 1696 1854 
5 
1693 1694 1695 1853 1854 
5 
214 1374 1698 1699 1700 
3 
1697 1699 1700 
3 
1697 1698 1700 
7 
214 215 1374 1375 1697 1698 1699 
5 
1702 1703 1704 1739 1740 
4 
1701 1703 1704 1739 
3 
1701 1702 1704 
3 
1701 1702 1703 
6 
775 1706 1707 1708 1775 1776 
4 
1705 1707 1708 1775 
4 
137 1705 1706 1708 
3 
1705 1706 1707 
5 
787 788 1710 1711 1712 
4 
787 1709 1711 1712 
4 
1709 1710 1712 1985 
3 
1709 1710 1711 
3 
1714 1715 1716 
3 
1713 1715 1716 
5 
1209 1210 1713 1714 1716 
4 
1209 1713 1714 1715 
6 
1397 1718 1719 1720 1993 1996 
9 
1397 1398 1717 1719 1720 1993 1994 1995 1996 
9 
1397 1398 1399 1400 1717 1718 1720 1995 1996 
6 
1397 1400 1717 1718 1719 1996 
7 
829 830 831 832 1722 1723 1724 
5 
830 831 1721 1723 1724 
4 
831 1721 1722 1724 
6 
370 831 832 1721 1722 1723 
11 
171 172 1726 1727 1728 1973 1974 1975 1976 1997 2000 
8 
171 1725 1727 1728 1974 1975 1998 1999 
5 
1725 1726 1728 1975 1999 
6 
1725 1726 1727 1975 1976 2000 
3 
1730 1731 1732 
3 
1729 1731 1732 
4 
142 1729 1730 1732 
5 
141 142 1729 1730 1731 
7 
317 318 319 320 1734 1735 1736 
7 
318 319 1569 1572 1733 1735 1736 
5 
319 1572 1733 1734 1736 
5 
319 320 1733 1734 1735 
3 
1738 1739 1740 
3 
1737 1739 1740 
5 
1701 1702 1737 1738 1740 
4 
1701 1737 1738 1739 
7 
501 502 1674 1675 1742 1743 1744 
6 
502 597 600 1741 1743 1744 
6 
502 503 600 1741 1742 1744 
8 
501 502 503 504 1675 1741 1742 1743 
7 
31 32 790 791 1746 1747 1748 
4 
31 1745 1747 1748 
3 
1745 1746 1748 
5 
791 1658 1745 1746 1747 
6 
361 669 672 1750 1751 1752 
10 
361 362 669 670 671 672 1376 1749 1751 1752 
9 
361 362 363 364 671 672 1749 1750 1752 
7 
361 364 510 672 1749 1750 1751 
5 
1049 1050 1754 1755 1756 
5 
1050 1532 1753 1755 1756 
5 
1050 1051 1753 1754 1756 
7 
1049 1050 1051 1052 1753 1754 1755 
5 
737 740 1758 1759 1760 
7 
737 738 739 740 1757 1759 1760 
5 
739 740 1757 1758 1760 
4 
740 1757 1758 1759 
4 
796 1762 1763 1764 
5 
795 796 1761 1763 1764 
3 
1761 1762 1764 
3 
1761 1762 1763 
4 
543 1766 1767 1768 
6 
1069 1149 1152 1765 1767 1768 
6 
1069 1072 1152 1765 1766 1768 
3 
1765 1766 1767 
7 
17 20 1204 1607 1770 1771 1772 
9 
17 18 19 20 1203 1204 1769 1771 1772 
5 
19 20 1769 1770 1772 
4 
20 1769 1770 1771 
7 
773 774 1117 1120 1774 1775 1776 
8 
774 1117 1118 1119 1120 1773 1775 1776 
8 
775 1119 1120 1705 1706 1773 1774 1776 
7 
775 776 1120 1705 1773 1774 1775 
6 
366 367 673 1778 1779 1780 
5 
673 674 1777 1779 1780 
7 
673 674 675 676 1777 1778 1780 
6 
367 673 676 1777 1778 1779 
4 
1044 1782 1783 1784 
5 
1043 1044 1781 1783 1784 
3 
1781 1782 1784 
3 
1781 1782 1783 
9 
817 818 1494 1495 1786 1787 1788 1966 1967 
5 
25 818 1785 1787 1788 
9 
25 28 81 82 818 819 1785 1786 1788 
10 
81 817 818 819 820 1495 1785 1786 1787 1967 
9 
397 400 905 983 984 1557 1790 1791 1792 
12 
397 398 399 400 905 906 983 1557 1558 1789 1791 1792 
14 
399 400 905 906 907 908 1445 1557 1558 1559 1560 1789 1790 1792 
8 
400 905 908 1557 1560 1789 1790 1791 
5 
325 328 1794 1795 1796 
8 
49 325 326 327 328 1793 1795 1796 
8 
49 52 327 328 345 1793 1794 1796 
4 
328 1793 1794 1795 
3 
1798 1799 1800 
3 
1797 1799 1800 
3 
1797 1798 1800 
3 
1797 1798 1799 
5 
661 662 1802 1803 1804 
4 
662 1801 1803 1804 
8 
257 258 662 663 1006 1801 1802 1804 
10 
257 661 662 663 664 1005 1006 1801 1802 1803 
6 
263 1354 1355 1806 1807 1808 
5 
1361 1364 1805 1807 1808 
4 
1364 1805 1806 1808 
4 
1355 1805 1806 1807 
3 
1810 1811 1812 
3 
1809 1811 1812 
3 
1809 1810 1812 
3 
1809 1810 1811 
5 
1003 1004 1814 1815 1816 
4 
1003 1813 1815 1816 
4 
1330 1813 1814 1816 
6 
1329 1330 1670 1813 1814 1815 
3 
1818 1819 1820 
4 
985 1817 1819 1820 
7 
985 988 1129 1130 1817 1818 1820 
4 
1129 1817 1818 1819 
4 
1822 1823 1824 1845 
5 
1821 1823 1824 1845 1846 
9 
1481 1482 1821 1822 1824 1845 1846 1847 1848 
6 
1481 1821 1822 1823 1845 1848 
4 
1012 1826 1827 1828 
7 
548 1011 1012 1248 1825 1827 1828 
4 
1685 1825 1826 1828 
3 
1825 1826 1827 
7 
945 946 947 948 1830 1831 1832 
6 
736 946 947 1829 1831 1832 
6 
947 1257 1258 1829 1830 1832 
6 
947 948 1257 1829 1830 1831 
3 
1834 1835 1836 
3 
1833 1835 1836 
3 
1833 1834 1836 
3 
1833 1834 1835 
6 
977 980 1838 1839 1840 1932 
10 
429 977 978 979 980 1837 1839 1840 1931 1932 
8 
429 432 979 980 1509 1837 1838 1840 
5 
980 1837 1838 1839 1914 
3 
1842 1843 1844 
5 
1841 1843 1844 1889 1892 
4 
1841 1842 1844 1892 
3 
1841 1842 1843 
7 
1821 1822 1823 1824 1846 1847 1848 
6 
1296 1822 1823 1845 1847 1848 
5 
1482 1823 1845 1846 1848 
7 
1481 1482 1823 1824 1845 1846 1847 
5 
291 292 1850 1851 1852 
4 
291 1849 1851 1852 
4 
913 1849 1850 1852 
3 
1849 1850 1851 
7 
757 758 859 1696 1854 1855 1856 
6 
758 1695 1696 1853 1855 1856 
5 
758 759 1853 1854 1856 
7 
757 758 759 760 1853 1854 1855 
3 
1858 1859 1860 
3 
1857 1859 1860 
3 
1857 1858 1860 
3 
1857 1858 1859 
7 
1034 1413 1416 1455 1862 1863 1864 
8 
745 1413 1414 1415 1416 1861 1863 1864 
7 
745 748 1415 1416 1861 1862 1864 
6 
1034 1035 1416 1861 1862 1863 
3 
1866 1867 1868 
3 
1865 1867 1868 
4 
33 1865 1866 1868 
4 
766 1865 1866 1867 
5 
809 810 1870 1871 1872 
4 
810 1869 1871 1872 
5 
810 811 1869 1870 1872 
7 
809 810 811 812 1869 1870 1871 
5 
735 736 1874 1875 1876 
5 
735 1873 1875 1876 1928 
5 
1873 1874 1876 1897 1898 
4 
1873 1874 1875 1897 
8 
5 8 64 1071 1319 1878 1879 1880 
9 
5 6 7 8 63 64 1877 1879 1880 
5 
7 8 1877 1878 1880 
4 
8 1877 1878 1879 
3 
1882 1883 1884 
4 
1185 1881 1883 1884 
5 
1185 1188 1881 1882 1884 
3 
1881 1882 1883 
5 
1469 1470 1886 1887 1888 
4 
1470 1885 1887 1888 
6 
62 1470 1471 1885 1886 1888 
10 
61 62 1318 1469 1470 1471 1472 1885 1886 1887 
4 
1842 1890 1891 1892 
3 
1889 1891 1892 
3 
1889 1890 1892 
5 
1842 1843 1889 1890 1891 
3 
1894 1895 1896 
3 
1893 1895 1896 
3 
1893 1894 1896 
3 
1893 1894 1895 
5 
1875 1876 1898 1899 1900 
4 
1875 1897 1899 1900 
3 
1897 1898 1900 
3 
1897 1898 1899 
3 
1902 1903 1904 
3 
1901 1903 1904 
4 
594 1901 1902 1904 
5 
593 594 1901 1902 1903 
10 
836 1055 1056 1193 1194 1348 1372 1906 1907 1908 
11 
835 836 1055 1194 1347 1348 1371 1372 1905 1907 1908 
6 
577 1194 1195 1905 1906 1908 
7 
1193 1194 1195 1196 1905 1906 1907 
3 
1910 1911 1912 
3 
1909 1911 1912 
5 
109 110 1909 1910 1912 
4 
109 1909 1910 1911 
5 
435 436 1914 1915 1916 
5 
435 1840 1913 1915 1916 
3 
1913 1914 1916 
3 
1913 1914 1915 
5 
1525 1528 1918 1919 1920 
9 
1453 1456 1525 1526 1527 1528 1917 1919 1920 
8 
1033 1282 1456 1527 1528 1917 1918 1920 
6 
1281 1282 1528 1917 1918 1919 
8 
85 598 599 993 996 1922 1923 1924 
11 
85 86 633 668 993 994 995 996 1921 1923 1924 
10 
85 86 87 88 636 995 996 1921 1922 1924 
7 
85 88 599 996 1921 1922 1923 
6 
734 849 852 1926 1927 1928 
7 
849 850 851 852 1925 1927 1928 
5 
851 852 1925 1926 1928 
7 
734 735 852 1874 1925 1926 1927 
6 
715 716 1395 1930 1931 1932 
4 
715 1929 1931 1932 
6 
977 978 1838 1929 1930 1932 
6 
977 1837 1838 1929 1930 1931 
3 
1934 1935 1936 
4 
1428 1933 1935 1936 
4 
254 1933 1934 1936 
5 
253 254 1933 1934 1935 
5 
1073 1074 1938 1939 1940 
4 
1074 1937 1939 1940 
7 
1074 1075 1513 1514 1937 1938 1940 
8 
1073 1074 1075 1076 1513 1937 1938 1939 
3 
1942 1943 1944 
5 
1605 1608 1941 1943 1944 
4 
1608 1941 1942 1944 
3 
1941 1942 1943 
8 
1165 1166 1563 1564 1678 1946 1947 1948 
5 
1166 1563 1945 1947 1948 
5 
1166 1167 1945 1946 1948 
8 
1165 1166 1167 1168 1679 1945 1946 1947 
6 
74 1613 1616 1950 1951 1952 
8 
220 933 936 1614 1615 1949 1951 1952 
6 
37 936 1615 1949 1950 1952 
7 
74 75 550 1616 1949 1950 1951 
8 
89 90 91 92 1211 1954 1955 1956 
5 
90 91 1953 1955 1956 
4 
91 1953 1954 1956 
5 
91 92 1953 1954 1955 
4 
334 1958 1959 1960 
3 
1957 1959 1960 
3 
1957 1958 1960 
5 
334 335 1957 1958 1959 
6 
314 315 794 1962 1963 1964 
3 
1961 1963 1964 
4 
1229 1961 1962 1964 
6 
315 794 795 1961 1962 1963 
5 
1493 1494 1966 1967 1968 
5 
1494 1785 1965 1967 1968 
8 
817 818 1495 1785 1788 1965 1966 1968 
6 
817 1495 1496 1965 1966 1967 
7 
121 122 123 124 1970 1971 1972 
6 
122 123 256 1969 1971 1972 
5 
123 1025 1969 1970 1972 
5 
123 124 1969 1970 1971 
9 
172 706 707 1725 1974 1975 1976 1997 2000 
11 
171 172 1725 1726 1973 1975 1976 1997 1998 1999 2000 
9 
1725 1726 1727 1728 1973 1974 1976 1999 2000 
7 
707 1725 1728 1973 1974 1975 2000 
3 
1978 1979 1980 
3 
1977 1979 1980 
3 
1977 1978 1980 
3 
1977 1978 1979 
5 
903 904 1982 1983 1984 
4 
903 1981 1983 1984 
3 
1981 1982 1984 
3 
1981 1982 1983 
4 
1711 1986 1987 1988 
3 
1985 1987 1988 
4 
537 1985 1986 1988 
4 
1382 1985 1986 1987 
5 
353 354 1990 1991 1992 
6 
354 573 932 1989 1991 1992 
7 
354 355 573 576 1989 1990 1992 
7 
353 354 355 356 1989 1990 1991 
5 
1717 1718 1994 1995 1996 
4 
1718 1993 1995 1996 
7 
1397 1398 1718 1719 1993 1994 1996 
8 
1397 1717 1718 1719 1720 1993 1994 1995 
10 
171 172 1431 1432 1725 1973 1974 1998 1999 2000 
7 
171 1431 1726 1974 1997 1999 2000 
7 
1726 1727 1974 1975 1997 1998 2000 
9 
1725 1728 1973 1974 1975 1976 1997 1998 1999 