
500 
4 
5 
2 3 4 1721 1724 
7 
1 3 4 1721 1722 1723 1724 
5 
1 2 4 1723 1724 
4 
1 2 3 1724 
5 
6 7 8 270 271 
3 
5 7 8 
4 
5 6 8 1529 
4 
5 6 7 271 
4 
10 11 12 1268 
5 
9 11 12 1267 1268 
3 
9 10 12 
3 
9 10 11 
3 
14 15 16 
4 
13 15 16 1489 
5 
13 14 16 1489 1492 
4 
13 14 15 882 
4 
18 19 20 760 
5 
17 19 20 759 760 
3 
17 18 20 
3 
17 18 19 
13 
22 23 24 473 1398 1693 1694 1695 1696 1781 1782 1783 1784 
10 
21 23 24 169 473 474 1694 1695 1782 1783 
15 
21 22 24 169 172 473 474 475 476 1365 1366 1569 1570 1695 1783 
13 
21 22 23 473 476 1365 1398 1399 1569 1695 1696 1783 1784 
10 
26 27 28 453 456 1592 1985 1986 1987 1988 
11 
25 27 28 453 454 455 456 1591 1592 1986 1987 
6 
25 26 28 455 456 1987 
6 
25 26 27 456 1987 1988 
5 
30 31 32 359 360 
4 
29 31 32 359 
5 
29 30 32 637 638 
4 
29 30 31 637 
4 
34 35 36 184 
5 
33 35 36 183 184 
3 
33 34 36 
3 
33 34 35 
9 
38 39 40 427 428 1049 1050 1051 1052 
6 
37 39 40 427 1050 1051 
6 
37 38 40 477 478 1051 
6 
37 38 39 477 1051 1052 
5 
42 43 44 1955 1956 
4 
41 43 44 1955 
3 
41 42 44 
3 
41 42 43 
3 
46 47 48 
3 
45 47 48 
3 
45 46 48 
4 
45 46 47 1250 
5 
50 51 52 721 724 
7 
49 51 52 721 722 723 724 
6 
49 50 52 723 724 1698 
7 
49 50 51 534 724 1697 1698 
5 
54 55 56 1026 1127 
3 
53 55 56 
3 
53 54 56 
4 
53 54 55 1027 
3 
58 59 60 
4 
57 59 60 885 
7 
57 58 60 885 888 1857 1858 
4 
57 58 59 1857 
4 
62 63 64 870 
3 
61 63 64 
3 
61 62 64 
5 
61 62 63 870 871 
7 
66 67 68 1889 1890 1891 1892 
5 
65 67 68 1890 1891 
4 
65 66 68 1891 
5 
65 66 67 1891 1892 
5 
70 71 72 109 112 
10 
69 71 72 109 110 111 112 824 865 868 
8 
69 70 72 111 112 868 1013 1014 
5 
69 70 71 112 1013 
5 
74 75 76 308 1289 
7 
73 75 76 307 308 1289 1290 
6 
73 74 76 705 1291 1292 
5 
73 74 75 482 1292 
5 
78 79 80 580 840 
9 
77 79 80 129 132 579 580 839 840 
4 
77 78 80 132 
4 
77 78 79 1686 
5 
82 83 84 243 244 
5 
81 83 84 243 640 
3 
81 82 84 
3 
81 82 83 
3 
86 87 88 
5 
85 87 88 809 812 
5 
85 86 88 750 812 
5 
85 86 87 749 750 
5 
90 91 92 693 694 
4 
89 91 92 694 
7 
89 90 92 694 695 1893 1894 
8 
89 90 91 693 694 695 696 1893 
9 
94 95 96 273 274 275 276 1095 1199 
5 
93 95 96 274 275 
5 
93 94 96 275 1822 
8 
93 94 95 275 276 1622 1821 1822 
5 
98 99 100 685 688 
7 
97 99 100 685 686 687 688 
5 
97 98 100 687 688 
4 
97 98 99 688 
3 
102 103 104 
3 
101 103 104 
3 
101 102 104 
3 
101 102 103 
8 
106 107 108 215 216 329 330 1314 
5 
105 107 108 215 330 
5 
105 106 108 330 331 
9 
105 106 107 329 330 331 332 1314 1315 
8 
69 70 110 111 112 821 824 865 
11 
70 109 111 112 821 822 823 824 865 866 1600 
11 
70 71 109 110 112 823 824 865 866 867 868 
10 
69 70 71 72 109 110 111 824 865 868 
4 
114 115 116 1374 
3 
113 115 116 
3 
113 114 116 
5 
113 114 115 1374 1375 
13 
118 119 120 237 238 239 240 1777 1778 1816 1846 1847 1876 
10 
117 119 120 238 239 1778 1815 1816 1875 1876 
6 
117 118 120 239 1778 1779 
10 
117 118 119 239 240 1777 1778 1779 1780 1847 
3 
122 123 124 
5 
121 123 124 1297 1300 
5 
121 122 124 1300 1589 
3 
121 122 123 
7 
126 127 128 207 208 994 995 
4 
125 127 128 207 
3 
125 126 128 
4 
125 126 127 995 
10 
78 130 131 132 577 578 579 580 838 839 
5 
129 131 132 578 579 
4 
129 130 132 579 
8 
78 79 129 130 131 579 580 839 
5 
134 135 136 897 898 
6 
133 135 136 898 1808 1932 
6 
133 134 136 898 899 1357 
7 
133 134 135 897 898 899 900 
7 
138 139 140 673 674 1362 1363 
4 
137 139 140 674 
7 
137 138 140 569 674 675 1370 
10 
137 138 139 673 674 675 676 1363 1369 1370 
6 
142 143 144 529 615 616 
6 
141 143 144 529 530 615 
7 
141 142 144 529 530 531 532 
5 
141 142 143 529 532 
10 
146 147 148 834 1509 1510 1511 1512 1758 1759 
5 
145 147 148 1510 1511 
4 
145 146 148 1511 
8 
145 146 147 834 835 1511 1512 1759 
3 
150 151 152 
3 
149 151 152 
5 
149 150 152 277 278 
4 
149 150 151 277 
5 
154 155 156 657 660 
7 
153 155 156 657 658 659 660 
5 
153 154 156 659 660 
4 
153 154 155 660 
4 
158 159 160 1525 
5 
157 159 160 1525 1526 
7 
157 158 160 1525 1526 1527 1528 
6 
157 158 159 894 1525 1528 
8 
162 163 164 765 766 1348 1926 1927 
6 
161 163 164 766 1347 1348 
4 
161 162 164 767 
7 
161 162 163 767 768 1182 1927 
8 
166 167 168 1646 1745 1748 1793 1794 
8 
165 167 168 1745 1746 1747 1748 1794 
7 
165 166 168 1747 1748 1794 1795 
11 
165 166 167 1646 1647 1748 1793 1794 1795 1796 1962 
8 
22 23 170 171 172 474 475 1366 
6 
169 171 172 920 1117 1120 
6 
169 170 172 985 986 1120 
9 
23 169 170 171 475 985 1366 1367 1570 
5 
174 175 176 439 440 
4 
173 175 176 439 
4 
173 174 176 962 
5 
173 174 175 961 962 
3 
178 179 180 
3 
177 179 180 
3 
177 178 180 
3 
177 178 179 
3 
182 183 184 
5 
181 183 184 1705 1708 
5 
34 181 182 184 1708 
5 
33 34 181 182 183 
5 
186 187 188 1190 1191 
4 
185 187 188 257 
9 
185 186 188 257 260 1401 1402 1425 1426 
6 
185 186 187 1191 1401 1425 
6 
190 191 192 1305 1306 1634 
5 
189 191 192 1306 1788 
5 
189 190 192 1306 1307 
9 
189 190 191 1305 1306 1307 1308 1634 1635 
4 
194 195 196 381 
5 
193 195 196 381 382 
7 
193 194 196 381 382 383 384 
5 
193 194 195 381 384 
4 
198 199 200 1381 
10 
197 199 200 1353 1356 1381 1382 1636 1761 1764 
9 
197 198 200 1356 1381 1382 1383 1384 1764 
6 
197 198 199 1082 1381 1384 
5 
202 203 204 590 1324 
5 
201 203 204 1323 1324 
3 
201 202 204 
5 
201 202 203 590 591 
4 
206 207 208 684 
5 
205 207 208 683 684 
5 
125 126 205 206 208 
5 
125 205 206 207 994 
3 
210 211 212 
3 
209 211 212 
4 
209 210 212 810 
5 
209 210 211 809 810 
3 
214 215 216 
3 
213 215 216 
5 
105 106 213 214 216 
5 
105 213 214 215 1314 
7 
218 219 220 321 322 1549 1552 
8 
217 219 220 322 1549 1550 1551 1552 
9 
217 218 220 322 323 1441 1442 1551 1552 
10 
217 218 219 321 322 323 324 1441 1552 1938 
4 
222 223 224 1257 
5 
221 223 224 1257 1258 
5 
221 222 224 1259 1260 
4 
221 222 223 1260 
4 
226 227 228 278 
8 
225 227 228 601 604 1437 1440 1497 
6 
225 226 228 604 1440 1500 
5 
225 226 227 278 279 
5 
230 231 232 977 1349 
9 
229 231 232 977 978 1349 1350 1529 1532 
12 
229 230 232 977 978 979 980 1349 1350 1351 1352 1532 
8 
229 230 231 977 980 1349 1352 1522 
5 
234 235 236 1270 1271 
5 
233 235 236 1521 1524 
4 
233 234 236 1524 
4 
233 234 235 1271 
9 
117 238 239 240 610 1816 1845 1846 1876 
10 
117 118 237 239 240 1815 1816 1846 1875 1876 
10 
117 118 119 120 237 238 240 1777 1778 1847 
10 
117 120 237 238 239 610 611 1777 1847 1848 
3 
242 243 244 
3 
241 243 244 
5 
81 82 241 242 244 
4 
81 241 242 243 
8 
246 247 248 262 489 492 1074 1075 
9 
245 247 248 489 490 491 492 1585 1588 
6 
245 246 248 491 492 1588 
7 
245 246 247 262 263 492 1075 
5 
250 251 252 1765 1768 
7 
249 251 252 1765 1766 1767 1768 
5 
249 250 252 1767 1768 
4 
249 250 251 1768 
6 
254 255 256 326 327 1100 
5 
253 255 256 1099 1100 
4 
253 254 256 1130 
6 
253 254 255 327 1129 1130 
5 
186 187 258 259 260 
3 
257 259 260 
4 
257 258 260 1426 
7 
187 257 258 259 1402 1425 1426 
5 
262 263 264 1073 1076 
9 
245 248 261 263 264 1073 1074 1075 1076 
7 
248 261 262 264 1075 1076 1230 
6 
261 262 263 1076 1229 1230 
3 
266 267 268 
4 
265 267 268 1572 
4 
265 266 268 1870 
5 
265 266 267 1869 1870 
3 
270 271 272 
4 
5 269 271 272 
5 
5 8 269 270 272 
3 
269 270 271 
8 
93 274 275 276 1094 1095 1198 1199 
5 
93 94 273 275 276 
9 
93 94 95 96 273 274 276 1622 1822 
12 
93 96 273 274 275 1095 1199 1338 1621 1622 1821 1822 
5 
151 152 278 279 280 
6 
151 225 228 277 279 280 
5 
228 277 278 280 1690 
6 
277 278 279 646 1689 1690 
3 
282 283 284 
3 
281 283 284 
4 
281 282 284 533 
3 
281 282 283 
7 
286 287 288 1881 1882 1883 1884 
7 
285 287 288 1833 1836 1882 1883 
5 
285 286 288 1836 1883 
5 
285 286 287 1883 1884 
4 
290 291 292 1606 
5 
289 291 292 1209 1212 
4 
289 290 292 1212 
4 
289 290 291 1607 
4 
294 295 296 484 
6 
293 295 296 483 484 1541 
5 
293 294 296 1541 1544 
3 
293 294 295 
9 
298 299 300 677 678 1213 1214 1215 1216 
6 
297 299 300 678 1214 1215 
8 
297 298 300 678 679 1215 1701 1702 
10 
297 298 299 677 678 679 680 1215 1216 1701 
10 
302 303 304 778 779 991 1537 1540 1673 1676 
11 
301 303 304 1537 1538 1539 1540 1673 1674 1675 1676 
7 
301 302 304 1539 1540 1675 1676 
6 
301 302 303 779 1540 1676 
6 
306 307 308 943 1155 1156 
4 
305 307 308 1155 
5 
74 305 306 308 1290 
7 
73 74 305 306 307 1289 1290 
3 
310 311 312 
3 
309 311 312 
4 
309 310 312 1469 
3 
309 310 311 
7 
314 315 316 1917 1918 1919 1920 
5 
313 315 316 1918 1919 
4 
313 314 316 1919 
5 
313 314 315 1919 1920 
5 
318 319 320 1825 1935 
5 
317 319 320 1825 1826 
7 
317 318 320 1825 1826 1827 1828 
5 
317 318 319 1825 1828 
5 
217 220 322 323 324 
8 
217 218 219 220 321 323 324 1552 
7 
219 220 321 322 324 1441 1442 
6 
220 321 322 323 1441 1938 
4 
326 327 328 1467 
6 
253 325 327 328 1097 1100 
6 
253 256 325 326 328 1100 
3 
325 326 327 
7 
105 108 330 331 332 1314 1315 
7 
105 106 107 108 329 331 332 
6 
107 108 329 330 332 1578 
7 
108 329 330 331 1315 1577 1578 
3 
334 335 336 
3 
333 335 336 
3 
333 334 336 
3 
333 334 335 
3 
338 339 340 
3 
337 339 340 
3 
337 338 340 
3 
337 338 339 
3 
342 343 344 
3 
341 343 344 
5 
341 342 344 433 781 
3 
341 342 343 
3 
346 347 348 
3 
345 347 348 
3 
345 346 348 
4 
345 346 347 1918 
3 
350 351 352 
4 
349 351 352 400 
3 
349 350 352 
3 
349 350 351 
8 
354 355 356 745 746 747 748 989 
7 
353 355 356 746 747 989 990 
9 
353 354 356 747 777 989 990 991 992 
8 
353 354 355 747 748 989 992 1086 
5 
358 359 360 549 552 
7 
357 359 360 549 550 551 552 
7 
29 30 357 358 360 551 552 
5 
29 357 358 359 552 
8 
362 363 364 846 1017 1018 1019 1020 
5 
361 363 364 1018 1019 
4 
361 362 364 1019 
7 
361 362 363 846 847 1019 1020 
3 
366 367 368 
4 
365 367 368 1660 
3 
365 366 368 
4 
365 366 367 682 
5 
370 371 372 1022 1023 
3 
369 371 372 
3 
369 370 372 
4 
369 370 371 1023 
5 
374 375 376 947 1028 
5 
373 375 376 1027 1028 
5 
373 374 376 389 390 
4 
373 374 375 389 
4 
378 379 380 1913 
8 
377 379 380 873 877 880 1913 1914 
10 
377 378 380 873 876 880 1913 1914 1915 1916 
6 
377 378 379 970 1913 1916 
7 
193 194 195 196 382 383 384 
5 
194 195 381 383 384 
5 
195 381 382 384 1977 
5 
195 196 381 382 383 
7 
386 387 388 405 406 407 408 
5 
385 387 388 406 407 
5 
385 386 388 407 1725 
5 
385 386 387 407 408 
5 
375 376 390 391 392 
4 
375 389 391 392 
3 
389 390 392 
4 
389 390 391 1950 
5 
394 395 396 1455 1456 
5 
393 395 396 741 1455 
5 
393 394 396 741 744 
3 
393 394 395 
3 
398 399 400 
3 
397 399 400 
3 
397 398 400 
4 
350 397 398 399 
4 
402 403 404 1942 
3 
401 403 404 
3 
401 402 404 
5 
401 402 403 1942 1943 
4 
385 406 407 408 
5 
385 386 405 407 408 
7 
385 386 387 388 405 406 408 
5 
385 388 405 406 407 
3 
410 411 412 
3 
409 411 412 
5 
409 410 412 689 690 
4 
409 410 411 689 
7 
414 415 416 971 1045 1048 1614 
8 
413 415 416 876 1045 1046 1047 1048 
7 
413 414 416 1047 1048 1277 1278 
6 
413 414 415 1048 1277 1615 
4 
418 419 420 537 
5 
417 419 420 537 538 
7 
417 418 420 537 538 539 540 
5 
417 418 419 537 540 
7 
422 423 424 857 858 859 860 
7 
421 423 424 858 859 1401 1404 
6 
421 422 424 859 1265 1404 
5 
421 422 423 859 860 
5 
426 427 428 1049 1050 
4 
425 427 428 1050 
7 
37 38 425 426 428 1050 1051 
8 
37 425 426 427 1049 1050 1051 1052 
4 
430 431 432 442 
3 
429 431 432 
5 
429 430 432 1253 1254 
6 
429 430 431 442 443 1253 
8 
343 434 435 436 781 782 783 784 
5 
433 435 436 782 783 
6 
433 434 436 783 1433 1434 
6 
433 434 435 783 784 1433 
3 
438 439 440 
3 
437 439 440 
5 
173 174 437 438 440 
4 
173 437 438 439 
5 
442 443 444 1010 1011 
5 
429 432 441 443 444 
4 
432 441 442 444 
4 
441 442 443 1011 
4 
446 447 448 1084 
5 
445 447 448 1083 1084 
4 
445 446 448 1273 
3 
445 446 447 
3 
450 451 452 
3 
449 451 452 
3 
449 450 452 
3 
449 450 451 
8 
25 26 454 455 456 1591 1592 1986 
5 
26 453 455 456 1591 
5 
26 27 453 454 456 
9 
25 26 27 28 453 454 455 1986 1987 
3 
458 459 460 
3 
457 459 460 
3 
457 458 460 
3 
457 458 459 
3 
462 463 464 
4 
461 463 464 856 
3 
461 462 464 
3 
461 462 463 
4 
466 467 468 1247 
3 
465 467 468 
6 
465 466 468 581 582 813 
4 
465 466 467 581 
4 
470 471 472 1839 
4 
469 471 472 564 
3 
469 470 472 
3 
469 470 471 
16 
21 22 23 24 474 475 476 1398 1693 1694 1695 1696 1781 1782 1783 1784 
10 
22 23 169 473 475 476 1694 1695 1782 1783 
12 
23 169 172 473 474 476 1365 1366 1569 1570 1695 1783 
12 
23 24 473 474 475 1365 1399 1569 1695 1696 1783 1784 
6 
39 40 478 479 480 1051 
4 
39 477 479 480 
3 
477 478 480 
3 
477 478 479 
3 
482 483 484 
5 
76 481 483 484 1292 
7 
294 481 482 484 1541 1542 1617 
6 
293 294 481 482 483 1541 
8 
486 487 488 734 735 955 1478 1479 
6 
485 487 488 1065 1068 1312 
4 
485 486 488 1068 
5 
485 486 487 735 1479 
7 
245 246 490 491 492 1585 1588 
8 
246 489 491 492 1585 1586 1587 1588 
7 
246 247 489 490 492 1587 1588 
8 
245 246 247 248 489 490 491 1588 
3 
494 495 496 
3 
493 495 496 
3 
493 494 496 
3 
493 494 495 
3 
498 499 500 
3 
497 499 500 
5 
497 498 500 793 794 
4 
497 498 499 793 
4 
502 503 504 1383 
4 
501 503 504 1664 
3 
501 502 504 
3 
501 502 503 
6 
506 507 508 1249 1252 1593 
8 
505 507 508 1249 1250 1251 1252 1594 
7 
505 506 508 1251 1252 1594 1595 
6 
505 506 507 1252 1593 1596 
5 
510 511 512 1483 1484 
4 
509 511 512 1483 
6 
509 510 512 1305 1633 1634 
4 
509 510 511 1633 
6 
514 515 516 1171 1710 1711 
4 
513 515 516 764 
3 
513 514 516 
4 
513 514 515 1711 
3 
518 519 520 
3 
517 519 520 
3 
517 518 520 
3 
517 518 519 
3 
522 523 524 
5 
521 523 524 1685 1688 
8 
521 522 524 1688 1813 1814 1873 1874 
5 
521 522 523 1813 1873 
7 
526 527 528 1281 1282 1283 1284 
5 
525 527 528 1282 1283 
4 
525 526 528 1283 
5 
525 526 527 1283 1284 
9 
141 142 143 144 530 531 532 615 616 
7 
142 143 529 531 532 615 1957 
6 
143 529 530 532 1957 1960 
5 
143 144 529 530 531 
6 
283 534 535 536 1697 1700 
8 
52 533 535 536 1697 1698 1699 1700 
6 
533 534 536 1658 1699 1700 
5 
533 534 535 1657 1700 
7 
417 418 419 420 538 539 540 
8 
418 419 537 539 540 1337 1340 1812 
5 
419 537 538 540 1340 
5 
419 420 537 538 539 
7 
542 543 544 641 644 801 802 
6 
541 543 544 642 643 802 
6 
541 542 544 643 802 803 
8 
541 542 543 644 801 802 803 804 
3 
546 547 548 
5 
545 547 548 1933 1936 
4 
545 546 548 1936 
3 
545 546 547 
5 
357 358 550 551 552 
4 
358 549 551 552 
5 
358 359 549 550 552 
7 
357 358 359 360 549 550 551 
7 
554 555 556 1061 1062 1102 1103 
4 
553 555 556 1062 
5 
553 554 556 1062 1063 
8 
553 554 555 1061 1062 1063 1064 1103 
4 
558 559 560 1430 
5 
557 559 560 736 1480 
3 
557 558 560 
4 
557 558 559 1431 
4 
562 563 564 1743 
3 
561 563 564 
3 
561 562 564 
4 
470 561 562 563 
3 
566 567 568 
3 
565 567 568 
4 
565 566 568 1574 
5 
565 566 567 1573 1574 
7 
139 570 571 572 675 1141 1370 
5 
569 571 572 1141 1142 
7 
569 570 572 1141 1142 1143 1144 
7 
569 570 571 1141 1144 1370 1371 
3 
574 575 576 
3 
573 575 576 
3 
573 574 576 
3 
573 574 575 
9 
129 578 579 580 837 838 839 840 1628 
9 
129 130 577 579 580 838 839 1627 1628 
9 
78 129 130 131 132 577 578 580 839 
9 
77 78 129 132 577 578 579 839 840 
7 
467 468 582 583 584 813 816 
8 
467 581 583 584 813 814 815 816 
6 
581 582 584 815 816 1666 
6 
581 582 583 816 1665 1666 
6 
586 587 588 975 976 1507 
4 
585 587 588 975 
3 
585 586 588 
3 
585 586 587 
3 
590 591 592 
5 
201 204 589 591 592 
4 
204 589 590 592 
3 
589 590 591 
3 
594 595 596 
3 
593 595 596 
3 
593 594 596 
3 
593 594 595 
7 
598 599 600 1486 1487 1557 1558 
4 
597 599 600 1558 
5 
597 598 600 1558 1559 
8 
597 598 599 1487 1557 1558 1559 1560 
6 
226 602 603 604 1437 1438 
4 
601 603 604 1438 
7 
601 602 604 1438 1439 1497 1498 
10 
226 227 601 602 603 1437 1438 1439 1440 1497 
6 
606 607 608 1474 1895 1896 
5 
605 607 608 1612 1895 
3 
605 606 608 
4 
605 606 607 1475 
7 
610 611 612 1753 1754 1755 1756 
9 
237 240 609 611 612 1754 1755 1845 1848 
6 
240 609 610 612 1755 1848 
6 
609 610 611 746 1755 1756 
3 
614 615 616 
3 
613 615 616 
7 
141 142 529 530 613 614 616 
5 
141 529 613 614 615 
10 
618 619 620 957 958 959 960 1121 1122 1380 
8 
617 619 620 958 959 1122 1379 1380 
6 
617 618 620 959 1122 1123 
9 
617 618 619 959 960 1121 1122 1123 1124 
5 
622 623 624 805 808 
7 
621 623 624 805 806 807 808 
6 
621 622 624 807 808 1146 
7 
621 622 623 790 808 1145 1146 
3 
626 627 628 
3 
625 627 628 
3 
625 626 628 
3 
625 626 627 
3 
630 631 632 
3 
629 631 632 
3 
629 630 632 
3 
629 630 631 
4 
634 635 636 754 
4 
633 635 636 1513 
4 
633 634 636 1516 
6 
633 634 635 754 755 1518 
5 
31 32 638 639 640 
4 
31 637 639 640 
4 
637 638 640 745 
4 
82 637 638 639 
4 
541 642 643 644 
4 
542 641 643 644 
6 
542 543 641 642 644 802 
7 
541 544 641 642 643 801 802 
3 
646 647 648 
5 
280 645 647 648 1689 
5 
645 646 648 1689 1692 
3 
645 646 647 
5 
650 651 652 1841 1842 
4 
649 651 652 1842 
5 
649 650 652 1842 1843 
7 
649 650 651 1841 1842 1843 1844 
3 
654 655 656 
3 
653 655 656 
3 
653 654 656 
3 
653 654 655 
5 
153 154 658 659 660 
4 
154 657 659 660 
5 
154 155 657 658 660 
7 
153 154 155 156 657 658 659 
7 
662 663 664 1389 1390 1391 1392 
5 
661 663 664 1390 1391 
4 
661 662 664 1391 
5 
661 662 663 1391 1392 
4 
666 667 668 671 
3 
665 667 668 
4 
665 666 668 981 
3 
665 666 667 
7 
670 671 672 1325 1326 1494 1495 
4 
669 671 672 1326 
6 
665 669 670 672 1326 1327 
8 
669 670 671 1325 1326 1327 1328 1495 
7 
137 140 674 675 676 1362 1363 
7 
137 138 139 140 673 675 676 
8 
139 140 569 673 674 676 1369 1370 
6 
140 673 674 675 1363 1369 
7 
297 300 678 679 680 758 1216 
9 
297 298 299 300 677 679 680 1215 1216 
6 
299 300 677 678 680 1701 
6 
300 677 678 679 758 759 
5 
682 683 684 1719 1720 
5 
368 681 683 684 1719 
4 
206 681 682 684 
5 
205 206 681 682 683 
5 
97 98 686 687 688 
5 
98 685 687 688 828 
5 
98 99 685 686 688 
7 
97 98 99 100 685 686 687 
5 
411 412 690 691 692 
4 
411 689 691 692 
3 
689 690 692 
3 
689 690 691 
5 
89 92 694 695 696 
8 
89 90 91 92 693 695 696 1893 
8 
91 92 693 694 696 1473 1893 1896 
5 
92 693 694 695 890 
3 
698 699 700 
3 
697 699 700 
3 
697 698 700 
3 
697 698 699 
3 
702 703 704 
3 
701 703 704 
3 
701 702 704 
3 
701 702 703 
6 
75 706 707 708 1291 1292 
4 
705 707 708 1291 
4 
705 706 708 1618 
6 
705 706 707 1542 1617 1618 
3 
710 711 712 
4 
709 711 712 1984 
3 
709 710 712 
3 
709 710 711 
3 
714 715 716 
3 
713 715 716 
4 
713 714 716 1741 
3 
713 714 715 
4 
718 719 720 1293 
5 
717 719 720 1293 1294 
7 
717 718 720 1293 1294 1295 1296 
5 
717 718 719 1293 1296 
5 
49 50 722 723 724 
4 
50 721 723 724 
5 
50 51 721 722 724 
7 
49 50 51 52 721 722 723 
3 
726 727 728 
3 
725 727 728 
6 
725 726 728 1161 1162 1582 
6 
725 726 727 1161 1581 1582 
3 
730 731 732 
4 
729 731 732 1341 
5 
729 730 732 1341 1344 
3 
729 730 731 
9 
734 735 736 955 956 1477 1478 1479 1480 
7 
485 733 735 736 955 1478 1479 
6 
485 488 733 734 736 1479 
6 
558 733 734 735 1479 1480 
5 
738 739 740 1797 1800 
8 
737 739 740 1652 1797 1798 1799 1800 
5 
737 738 740 1799 1800 
4 
737 738 739 1800 
5 
394 395 742 743 744 
3 
741 743 744 
3 
741 742 744 
4 
395 741 742 743 
5 
353 639 746 747 748 
7 
353 354 612 745 747 748 1756 
8 
353 354 355 356 745 746 748 989 
5 
353 356 745 746 747 
4 
88 750 751 752 
5 
87 88 749 751 752 
4 
749 750 752 1485 
3 
749 750 751 
5 
754 755 756 1517 1518 
6 
633 636 753 755 756 1518 
6 
636 753 754 756 1518 1519 
7 
753 754 755 1517 1518 1519 1520 
3 
758 759 760 
6 
677 680 757 759 760 1216 
5 
18 680 757 758 760 
5 
17 18 757 758 759 
3 
762 763 764 
3 
761 763 764 
3 
761 762 764 
4 
514 761 762 763 
7 
161 766 767 768 1348 1926 1927 
7 
161 162 765 767 768 1347 1348 
5 
163 164 765 766 768 
6 
164 765 766 767 1182 1927 
5 
770 771 772 1903 1904 
5 
769 771 772 1140 1903 
3 
769 770 772 
3 
769 770 771 
3 
774 775 776 
4 
773 775 776 1388 
3 
773 774 776 
3 
773 774 775 
6 
355 778 779 780 991 992 
7 
301 777 779 780 991 1537 1540 
6 
301 304 777 778 780 1540 
3 
777 778 779 
5 
343 433 782 783 784 
5 
433 434 781 783 784 
8 
433 434 435 436 781 782 784 1433 
5 
433 436 781 782 783 
3 
786 787 788 
3 
785 787 788 
3 
785 786 788 
3 
785 786 787 
5 
790 791 792 1145 1148 
8 
624 789 791 792 1145 1146 1147 1148 
6 
789 790 792 1147 1148 1445 
4 
789 790 791 1148 
5 
499 500 794 795 796 
5 
499 793 795 796 1125 
5 
793 794 796 1125 1128 
3 
793 794 795 
3 
798 799 800 
3 
797 799 800 
3 
797 798 800 
3 
797 798 799 
6 
541 544 644 802 803 804 
9 
541 542 543 544 643 644 801 803 804 
6 
543 544 801 802 804 941 
4 
544 801 802 803 
5 
621 622 806 807 808 
4 
622 805 807 808 
5 
622 623 805 806 808 
7 
621 622 623 624 805 806 807 
5 
86 212 810 811 812 
5 
211 212 809 811 812 
3 
809 810 812 
5 
86 87 809 810 811 
6 
467 581 582 814 815 816 
5 
582 813 815 816 912 
6 
582 583 813 814 816 1666 
9 
581 582 583 584 813 814 815 1665 1666 
5 
818 819 820 1241 1242 
4 
817 819 820 1242 
7 
817 818 820 1242 1243 1905 1906 
8 
817 818 819 1241 1242 1243 1244 1905 
5 
109 110 822 823 824 
6 
110 821 823 824 1597 1600 
7 
110 111 821 822 824 866 1600 
10 
70 109 110 111 112 821 822 823 865 866 
3 
826 827 828 
4 
825 827 828 1069 
5 
825 826 828 1069 1072 
4 
686 825 826 827 
6 
830 831 832 951 1029 1030 
4 
829 831 832 1030 
5 
829 830 832 1030 1031 
7 
829 830 831 1029 1030 1031 1032 
9 
834 835 836 938 1509 1512 1547 1759 1760 
10 
145 148 833 835 836 1509 1510 1511 1512 1759 
6 
148 833 834 836 1511 1512 
6 
833 834 835 938 939 1512 
4 
577 838 839 840 
7 
129 577 578 837 839 840 1628 
10 
78 129 132 577 578 579 580 837 838 840 
7 
77 78 577 580 837 838 839 
3 
842 843 844 
3 
841 843 844 
3 
841 842 844 
3 
841 842 843 
4 
846 847 848 1020 
7 
361 364 845 847 848 1019 1020 
4 
364 845 846 848 
3 
845 846 847 
7 
850 851 852 1801 1802 1803 1804 
6 
849 851 852 1088 1802 1803 
4 
849 850 852 1803 
5 
849 850 851 1803 1804 
5 
854 855 856 1273 1276 
9 
853 855 856 1233 1236 1273 1274 1275 1276 
6 
853 854 856 1236 1275 1276 
5 
462 853 854 855 1276 
4 
421 858 859 860 
5 
421 422 857 859 860 
7 
421 422 423 424 857 858 860 
5 
421 424 857 858 859 
4 
862 863 864 1423 
3 
861 863 864 
3 
861 862 864 
3 
861 862 863 
9 
70 109 110 111 112 824 866 867 868 
7 
110 111 823 824 865 867 868 
5 
111 865 866 868 1733 
8 
70 71 111 112 865 866 867 1014 
3 
870 871 872 
5 
61 64 869 871 872 
4 
64 869 870 872 
3 
869 870 871 
11 
378 379 874 875 876 877 880 1913 1914 1915 1916 
9 
873 875 876 877 878 879 880 1914 1915 
7 
873 874 876 879 880 1046 1915 
10 
379 414 873 874 875 880 1045 1046 1915 1916 
8 
378 873 874 878 879 880 1544 1914 
7 
874 877 879 880 1543 1544 1620 
5 
874 875 877 878 880 
11 
378 379 873 874 875 876 877 878 879 1914 1915 
3 
882 883 884 
4 
16 881 883 884 
3 
881 882 884 
3 
881 882 883 
5 
58 59 886 887 888 
3 
885 887 888 
3 
885 886 888 
5 
59 885 886 887 1858 
3 
890 891 892 
4 
696 889 891 892 
3 
889 890 892 
3 
889 890 891 
5 
894 895 896 1975 1976 
5 
160 893 895 896 1975 
3 
893 894 896 
3 
893 894 895 
5 
133 136 898 899 900 
9 
133 134 135 136 897 899 900 1808 1932 
6 
135 136 897 898 900 1357 
4 
136 897 898 899 
4 
902 903 904 1774 
4 
901 903 904 1553 
5 
901 902 904 1553 1556 
5 
901 902 903 1774 1775 
3 
906 907 908 
3 
905 907 908 
4 
905 906 908 1470 
5 
905 906 907 1469 1470 
3 
910 911 912 
3 
909 911 912 
3 
909 910 912 
4 
814 909 910 911 
3 
914 915 916 
3 
913 915 916 
3 
913 914 916 
3 
913 914 915 
3 
918 919 920 
3 
917 919 920 
4 
917 918 920 1118 
5 
170 917 918 919 1117 
3 
922 923 924 
4 
921 923 924 1229 
6 
921 922 924 1034 1229 1232 
5 
921 922 923 1033 1034 
5 
926 927 928 1859 1860 
4 
925 927 928 1859 
5 
925 926 928 1081 1082 
4 
925 926 927 1081 
4 
930 931 932 1251 
3 
929 931 932 
3 
929 930 932 
3 
929 930 931 
5 
934 935 936 1461 1462 
4 
933 935 936 1462 
5 
933 934 936 1462 1463 
7 
933 934 935 1461 1462 1463 1464 
6 
938 939 940 1138 1179 1760 
7 
833 836 937 939 940 1759 1760 
4 
836 937 938 940 
5 
937 938 939 1138 1139 
4 
803 942 943 944 
5 
941 943 944 1153 1156 
5 
305 941 942 944 1156 
3 
941 942 943 
3 
946 947 948 
6 
945 947 948 1025 1028 1128 
5 
373 945 946 948 1028 
3 
945 946 947 
4 
950 951 952 1534 
3 
949 951 952 
4 
829 949 950 952 
5 
949 950 951 1534 1535 
4 
954 955 956 1477 
5 
953 955 956 1477 1478 
10 
485 733 734 953 954 956 1477 1478 1479 1480 
6 
733 953 954 955 1477 1480 
5 
617 958 959 960 1121 
9 
617 618 957 959 960 1121 1122 1377 1380 
12 
617 618 619 620 957 958 960 1121 1122 1123 1124 1380 
7 
617 620 957 958 959 1121 1124 
4 
176 962 963 964 
5 
175 176 961 963 964 
4 
961 962 964 1058 
6 
961 962 963 1057 1058 1334 
6 
966 967 968 1222 1223 1409 
8 
965 967 968 1409 1410 1856 1909 1912 
8 
965 966 968 1409 1410 1411 1412 1912 
6 
965 966 967 1223 1409 1412 
6 
970 971 972 1134 1135 1346 
4 
380 969 971 972 
5 
413 969 970 972 1614 
8 
969 970 971 1135 1346 1347 1613 1614 
7 
974 975 976 1505 1506 1507 1508 
5 
973 975 976 1506 1507 
6 
585 586 973 974 976 1507 
6 
585 973 974 975 1507 1508 
12 
229 230 231 232 978 979 980 1349 1350 1351 1352 1522 
8 
230 231 977 979 980 1350 1351 1532 
5 
231 977 978 980 1351 
9 
231 232 977 978 979 1351 1352 1522 1523 
4 
667 982 983 984 
3 
981 983 984 
5 
981 982 984 1157 1158 
4 
981 982 983 1157 
8 
171 172 986 987 988 1120 1366 1367 
6 
171 985 987 988 1119 1120 
3 
985 986 988 
4 
985 986 987 1367 
8 
353 354 355 356 747 990 991 992 
5 
354 355 989 991 992 
7 
301 355 777 778 989 990 992 
6 
355 356 777 989 990 991 
4 
994 995 996 1678 
5 
125 208 993 995 996 
5 
125 128 993 994 996 
4 
993 994 995 1679 
7 
998 999 1000 1405 1413 1435 1436 
8 
997 999 1000 1405 1406 1413 1414 1435 
9 
997 998 1000 1407 1408 1413 1414 1415 1416 
6 
997 998 999 1408 1413 1416 
6 
1002 1003 1004 1442 1625 1949 
7 
1001 1003 1004 1625 1626 1949 1950 
11 
1001 1002 1004 1625 1626 1627 1628 1949 1950 1951 1952 
9 
1001 1002 1003 1442 1443 1625 1628 1949 1952 
3 
1006 1007 1008 
3 
1005 1007 1008 
3 
1005 1006 1008 
3 
1005 1006 1007 
7 
1010 1011 1012 1538 1539 1674 1675 
4 
441 1009 1011 1012 
5 
441 444 1009 1010 1012 
5 
1009 1010 1011 1539 1675 
5 
71 72 1014 1015 1016 
5 
71 868 1013 1015 1016 
3 
1013 1014 1016 
3 
1013 1014 1015 
4 
361 1018 1019 1020 
5 
361 362 1017 1019 1020 
8 
361 362 363 364 846 1017 1018 1020 
7 
361 364 845 846 1017 1018 1019 
3 
1022 1023 1024 
4 
369 1021 1023 1024 
5 
369 372 1021 1022 1024 
4 
1021 1022 1023 1758 
6 
946 1026 1027 1028 1127 1128 
5 
53 1025 1027 1028 1127 
5 
56 374 1025 1026 1028 
7 
373 374 946 947 1025 1026 1027 
5 
829 832 1030 1031 1032 
7 
829 830 831 832 1029 1031 1032 
5 
831 832 1029 1030 1032 
4 
832 1029 1030 1031 
4 
924 1034 1035 1036 
7 
923 924 1033 1035 1036 1229 1232 
4 
1033 1034 1036 1232 
3 
1033 1034 1035 
4 
1038 1039 1040 1954 
3 
1037 1039 1040 
4 
1037 1038 1040 1077 
5 
1037 1038 1039 1954 1955 
3 
1042 1043 1044 
5 
1041 1043 1044 1485 1488 
4 
1041 1042 1044 1488 
3 
1041 1042 1043 
7 
413 414 876 1046 1047 1048 1916 
9 
414 875 876 1045 1047 1048 1169 1915 1916 
8 
414 415 1045 1046 1048 1169 1172 1278 
9 
413 414 415 416 1045 1046 1047 1277 1278 
6 
37 425 428 1050 1051 1052 
9 
37 38 425 426 427 428 1049 1051 1052 
10 
37 38 39 40 427 428 477 1049 1050 1052 
6 
37 40 428 1049 1050 1051 
5 
1054 1055 1056 1218 1219 
3 
1053 1055 1056 
4 
1053 1054 1056 1505 
4 
1053 1054 1055 1219 
6 
964 1058 1059 1060 1334 1335 
5 
963 964 1057 1059 1060 
3 
1057 1058 1060 
4 
1057 1058 1059 1335 
6 
553 556 1062 1063 1064 1103 
7 
553 554 555 556 1061 1063 1064 
5 
555 556 1061 1062 1064 
4 
556 1061 1062 1063 
6 
486 1066 1067 1068 1311 1312 
4 
1065 1067 1068 1311 
3 
1065 1066 1068 
5 
486 487 1065 1066 1067 
5 
826 827 1070 1071 1072 
3 
1069 1071 1072 
3 
1069 1070 1072 
4 
827 1069 1070 1071 
5 
261 262 1074 1075 1076 
5 
245 262 1073 1075 1076 
7 
245 248 262 263 1073 1074 1076 
8 
261 262 263 264 1073 1074 1075 1230 
4 
1039 1078 1079 1080 
3 
1077 1079 1080 
3 
1077 1078 1080 
3 
1077 1078 1079 
5 
927 928 1082 1083 1084 
5 
200 927 1081 1083 1084 
4 
446 1081 1082 1084 
5 
445 446 1081 1082 1083 
4 
1086 1087 1088 1802 
4 
356 1085 1087 1088 
3 
1085 1086 1088 
6 
850 1085 1086 1087 1802 1803 
3 
1090 1091 1092 
3 
1089 1091 1092 
3 
1089 1090 1092 
3 
1089 1090 1091 
7 
1094 1095 1096 1197 1809 1810 1843 
7 
273 1093 1095 1096 1197 1198 1810 
13 
93 273 276 1093 1094 1096 1197 1198 1199 1200 1338 1810 1811 
11 
1093 1094 1095 1197 1200 1337 1338 1809 1810 1811 1812 
4 
326 1098 1099 1100 
3 
1097 1099 1100 
4 
254 1097 1098 1100 
7 
253 254 326 327 1097 1098 1099 
3 
1102 1103 1104 
4 
553 1101 1103 1104 
6 
553 556 1061 1101 1102 1104 
3 
1101 1102 1103 
3 
1106 1107 1108 
3 
1105 1107 1108 
3 
1105 1106 1108 
3 
1105 1106 1107 
5 
1110 1111 1112 1258 1259 
3 
1109 1111 1112 
3 
1109 1110 1112 
4 
1109 1110 1111 1259 
9 
1114 1115 1116 1329 1330 1331 1332 1515 1516 
6 
1113 1115 1116 1330 1331 1515 
4 
1113 1114 1116 1331 
5 
1113 1114 1115 1331 1332 
5 
170 920 1118 1119 1120 
4 
919 1117 1119 1120 
4 
986 1117 1118 1120 
7 
170 171 985 986 1117 1118 1119 
10 
617 620 957 958 959 960 1122 1123 1124 1380 
11 
617 618 619 620 958 959 1121 1123 1124 1379 1380 
6 
619 620 959 1121 1122 1124 
6 
620 959 960 1121 1122 1123 
5 
794 795 1126 1127 1128 
3 
1125 1127 1128 
6 
53 1025 1026 1125 1126 1128 
6 
795 946 1025 1125 1126 1127 
4 
256 1130 1131 1132 
5 
255 256 1129 1131 1132 
3 
1129 1130 1132 
3 
1129 1130 1131 
5 
1134 1135 1136 1735 1736 
5 
969 1133 1135 1136 1735 
6 
969 972 1133 1134 1136 1346 
5 
1133 1134 1135 1345 1346 
3 
1138 1139 1140 
5 
937 940 1137 1139 1140 
4 
940 1137 1138 1140 
4 
770 1137 1138 1139 
7 
569 570 571 572 1142 1143 1144 
5 
570 571 1141 1143 1144 
4 
571 1141 1142 1144 
5 
571 572 1141 1142 1143 
6 
624 789 790 1146 1147 1148 
6 
623 624 790 1145 1147 1148 
6 
790 791 1145 1146 1148 1445 
7 
789 790 791 792 1145 1146 1147 
3 
1150 1151 1152 
3 
1149 1151 1152 
4 
1149 1150 1152 1394 
5 
1149 1150 1151 1393 1394 
4 
942 1154 1155 1156 
3 
1153 1155 1156 
5 
305 306 1153 1154 1156 
6 
305 942 943 1153 1154 1155 
5 
983 984 1158 1159 1160 
4 
983 1157 1159 1160 
3 
1157 1158 1160 
3 
1157 1158 1159 
6 
727 728 1162 1163 1164 1582 
4 
727 1161 1163 1164 
3 
1161 1162 1164 
5 
1161 1162 1163 1582 1583 
3 
1166 1167 1168 
4 
1165 1167 1168 1220 
3 
1165 1166 1168 
3 
1165 1166 1167 
5 
1046 1047 1170 1171 1172 
3 
1169 1171 1172 
6 
513 1169 1170 1172 1709 1710 
5 
1047 1169 1170 1171 1709 
3 
1174 1175 1176 
3 
1173 1175 1176 
3 
1173 1174 1176 
3 
1173 1174 1175 
5 
1178 1179 1180 1545 1548 
7 
1177 1179 1180 1545 1546 1547 1548 
6 
937 1177 1178 1180 1547 1548 
4 
1177 1178 1179 1548 
6 
1182 1183 1184 1193 1194 1928 
8 
164 768 1181 1183 1184 1194 1927 1928 
5 
1181 1182 1184 1194 1195 
7 
1181 1182 1183 1193 1194 1195 1196 
3 
1186 1187 1188 
3 
1185 1187 1188 
5 
1185 1186 1188 1637 1638 
4 
1185 1186 1187 1637 
3 
1190 1191 1192 
4 
185 1189 1191 1192 
5 
185 188 1189 1190 1192 
3 
1189 1190 1191 
5 
1181 1184 1194 1195 1196 
7 
1181 1182 1183 1184 1193 1195 1196 
5 
1183 1184 1193 1194 1196 
4 
1184 1193 1194 1195 
10 
1093 1094 1095 1096 1198 1199 1200 1809 1810 1843 
7 
273 1094 1095 1197 1199 1200 1810 
10 
93 273 276 1095 1197 1198 1200 1338 1810 1811 
11 
1095 1096 1197 1198 1199 1337 1338 1809 1810 1811 1812 
3 
1202 1203 1204 
3 
1201 1203 1204 
3 
1201 1202 1204 
3 
1201 1202 1203 
3 
1206 1207 1208 
4 
1205 1207 1208 1900 
3 
1205 1206 1208 
3 
1205 1206 1207 
4 
290 1210 1211 1212 
3 
1209 1211 1212 
3 
1209 1210 1212 
5 
290 291 1209 1210 1211 
5 
297 1214 1215 1216 1280 
7 
297 298 1213 1215 1216 1279 1280 
8 
297 298 299 300 678 1213 1214 1216 
8 
297 300 677 678 758 1213 1214 1215 
3 
1218 1219 1220 
4 
1053 1217 1219 1220 
5 
1053 1056 1217 1218 1220 
4 
1166 1217 1218 1219 
3 
1222 1223 1224 
4 
965 1221 1223 1224 
5 
965 968 1221 1222 1224 
3 
1221 1222 1223 
4 
1226 1227 1228 1990 
3 
1225 1227 1228 
3 
1225 1226 1228 
5 
1225 1226 1227 1990 1991 
7 
264 922 923 1034 1230 1231 1232 
6 
263 264 1076 1229 1231 1232 
3 
1229 1230 1232 
6 
923 1034 1035 1229 1230 1231 
5 
854 1234 1235 1236 1274 
3 
1233 1235 1236 
4 
1233 1234 1236 1937 
7 
854 855 1233 1234 1235 1274 1275 
3 
1238 1239 1240 
3 
1237 1239 1240 
5 
1237 1238 1240 1641 1642 
4 
1237 1238 1239 1641 
5 
817 820 1242 1243 1244 
7 
817 818 819 820 1241 1243 1244 
6 
819 820 1241 1242 1244 1905 
4 
820 1241 1242 1243 
3 
1246 1247 1248 
3 
1245 1247 1248 
4 
465 1245 1246 1248 
3 
1245 1246 1247 
7 
505 506 1250 1251 1252 1593 1594 
6 
48 506 1249 1251 1252 1594 
8 
506 507 929 1249 1250 1252 1594 1595 
11 
505 506 507 508 1249 1250 1251 1593 1594 1595 1596 
5 
431 432 1254 1255 1256 
4 
431 1253 1255 1256 
3 
1253 1254 1256 
3 
1253 1254 1255 
5 
221 222 1258 1259 1260 
5 
222 1109 1257 1259 1260 
6 
223 1109 1112 1257 1258 1260 
5 
223 224 1257 1258 1259 
5 
1262 1263 1264 1863 1864 
4 
1261 1263 1264 1863 
3 
1261 1262 1264 
3 
1261 1262 1263 
4 
423 1266 1267 1268 
3 
1265 1267 1268 
4 
10 1265 1266 1268 
5 
9 10 1265 1266 1267 
3 
1270 1271 1272 
4 
233 1269 1271 1272 
5 
233 236 1269 1270 1272 
3 
1269 1270 1271 
6 
447 853 854 1274 1275 1276 
6 
854 1233 1236 1273 1275 1276 
6 
854 855 1236 1273 1274 1276 
7 
853 854 855 856 1273 1274 1275 
6 
415 416 1048 1278 1279 1280 
6 
415 1047 1048 1277 1279 1280 
4 
1214 1277 1278 1280 
5 
1213 1214 1277 1278 1279 
4 
525 1282 1283 1284 
5 
525 526 1281 1283 1284 
7 
525 526 527 528 1281 1282 1284 
5 
525 528 1281 1282 1283 
3 
1286 1287 1288 
3 
1285 1287 1288 
3 
1285 1286 1288 
3 
1285 1286 1287 
6 
73 74 308 1290 1291 1292 
6 
74 307 308 1289 1291 1292 
6 
75 705 706 1289 1290 1292 
7 
75 76 482 705 1289 1290 1291 
7 
717 718 719 720 1294 1295 1296 
5 
718 719 1293 1295 1296 
4 
719 1293 1294 1296 
5 
719 720 1293 1294 1295 
4 
122 1298 1299 1300 
3 
1297 1299 1300 
5 
1297 1298 1300 1589 1590 
6 
122 123 1297 1298 1299 1589 
3 
1302 1303 1304 
3 
1301 1303 1304 
3 
1301 1302 1304 
3 
1301 1302 1303 
10 
189 192 511 1306 1307 1308 1633 1634 1635 1636 
9 
189 190 191 192 1305 1307 1308 1634 1635 
8 
191 192 1305 1306 1308 1635 1661 1662 
9 
192 1305 1306 1307 1354 1635 1636 1661 1762 
3 
1310 1311 1312 
4 
1309 1311 1312 1772 
5 
1065 1066 1309 1310 1312 
5 
486 1065 1309 1310 1311 
3 
1314 1315 1316 
7 
105 108 216 329 1313 1315 1316 
6 
108 329 332 1313 1314 1316 
3 
1313 1314 1315 
3 
1318 1319 1320 
3 
1317 1319 1320 
3 
1317 1318 1320 
3 
1317 1318 1319 
5 
1322 1323 1324 1738 1739 
3 
1321 1323 1324 
4 
202 1321 1322 1324 
6 
201 202 1321 1322 1323 1739 
7 
669 672 1326 1327 1328 1494 1495 
7 
669 670 671 672 1325 1327 1328 
5 
671 672 1325 1326 1328 
5 
672 1325 1326 1327 1495 
8 
1113 1330 1331 1332 1513 1514 1515 1516 
7 
1113 1114 1329 1331 1332 1514 1515 
8 
1113 1114 1115 1116 1329 1330 1332 1515 
7 
1113 1116 1329 1330 1331 1515 1516 
3 
1334 1335 1336 
5 
964 1057 1333 1335 1336 
5 
1057 1060 1333 1334 1336 
3 
1333 1334 1335 
8 
538 1096 1200 1338 1339 1340 1811 1812 
11 
276 1095 1096 1199 1200 1337 1339 1340 1621 1811 1821 
7 
1337 1338 1340 1621 1624 1821 1824 
5 
538 539 1337 1338 1339 
5 
730 731 1342 1343 1344 
3 
1341 1343 1344 
3 
1341 1342 1344 
4 
731 1341 1342 1343 
4 
1136 1346 1347 1348 
8 
969 972 1135 1136 1345 1347 1348 1613 
8 
162 766 972 1345 1346 1348 1613 1616 
7 
161 162 765 766 1345 1346 1347 
9 
229 230 231 232 977 1350 1351 1352 1522 
8 
230 231 977 978 1349 1351 1352 1532 
8 
231 977 978 979 980 1349 1350 1352 
9 
231 232 977 980 1349 1350 1351 1522 1523 
9 
198 1354 1355 1356 1636 1761 1762 1763 1764 
8 
1308 1353 1355 1356 1635 1636 1762 1763 
5 
1353 1354 1356 1382 1763 
9 
198 199 1353 1354 1355 1381 1382 1763 1764 
5 
135 899 1358 1359 1360 
3 
1357 1359 1360 
3 
1357 1358 1360 
3 
1357 1358 1359 
3 
1362 1363 1364 
5 
137 673 1361 1363 1364 
7 
137 140 673 676 1361 1362 1364 
3 
1361 1362 1363 
11 
23 24 475 476 1366 1367 1368 1569 1570 1695 1783 
9 
23 169 172 475 985 1365 1367 1368 1570 
8 
172 985 988 1365 1366 1368 1570 1571 
7 
1365 1366 1367 1569 1570 1571 1572 
6 
140 675 676 1370 1371 1372 
8 
139 140 569 572 675 1369 1371 1372 
4 
572 1369 1370 1372 
4 
1369 1370 1371 1790 
3 
1374 1375 1376 
5 
113 116 1373 1375 1376 
4 
116 1373 1374 1376 
3 
1373 1374 1375 
4 
958 1378 1379 1380 
3 
1377 1379 1380 
5 
618 1122 1377 1378 1380 
9 
617 618 958 959 1121 1122 1377 1378 1379 
9 
197 198 199 200 1356 1382 1383 1384 1764 
9 
198 199 1355 1356 1381 1383 1384 1763 1764 
5 
199 501 1381 1382 1384 
5 
199 200 1381 1382 1383 
4 
1386 1387 1388 1452 
5 
1385 1387 1388 1451 1452 
3 
1385 1386 1388 
4 
774 1385 1386 1387 
4 
661 1390 1391 1392 
5 
661 662 1389 1391 1392 
7 
661 662 663 664 1389 1390 1392 
5 
661 664 1389 1390 1391 
6 
1152 1394 1395 1396 1978 1979 
5 
1151 1152 1393 1395 1396 
3 
1393 1394 1396 
5 
1393 1394 1395 1979 1998 
7 
1398 1399 1400 1693 1696 1781 1784 
14 
21 24 473 1397 1399 1400 1693 1694 1695 1696 1781 1782 1783 1784 
10 
24 476 1397 1398 1400 1569 1695 1696 1783 1784 
5 
1397 1398 1399 1696 1784 
7 
187 188 422 1402 1403 1404 1425 
7 
187 260 1401 1403 1404 1425 1426 
5 
1401 1402 1404 1427 1428 
6 
422 423 1401 1402 1403 1428 
8 
997 998 1406 1407 1408 1413 1435 1436 
7 
998 1405 1407 1408 1413 1414 1435 
8 
999 1405 1406 1408 1413 1414 1415 1416 
7 
999 1000 1405 1406 1407 1413 1416 
7 
965 966 967 968 1410 1411 1412 
7 
966 967 1409 1411 1412 1496 1912 
4 
967 1409 1410 1412 
5 
967 968 1409 1410 1411 
12 
997 998 999 1000 1405 1406 1407 1408 1414 1415 1416 1435 
7 
998 999 1406 1407 1413 1415 1416 
5 
999 1407 1413 1414 1416 
7 
999 1000 1407 1408 1413 1414 1415 
3 
1418 1419 1420 
4 
1417 1419 1420 1653 
5 
1417 1418 1420 1653 1656 
3 
1417 1418 1419 
3 
1422 1423 1424 
3 
1421 1423 1424 
4 
861 1421 1422 1424 
3 
1421 1422 1423 
8 
187 188 260 1401 1402 1426 1427 1428 
7 
187 259 260 1402 1425 1427 1428 
4 
1403 1425 1426 1428 
5 
1403 1404 1425 1426 1427 
3 
1430 1431 1432 
4 
557 1429 1431 1432 
4 
560 1429 1430 1432 
3 
1429 1430 1431 
6 
435 436 783 1434 1435 1436 
4 
435 1433 1435 1436 
8 
997 998 1405 1406 1413 1433 1434 1436 
5 
997 1405 1433 1434 1435 
7 
226 601 604 1438 1439 1440 1497 
9 
601 602 603 604 1437 1439 1440 1497 1498 
9 
603 604 1437 1438 1440 1497 1498 1499 1500 
8 
226 227 604 1437 1438 1439 1497 1500 
7 
219 220 323 324 1442 1443 1444 
8 
219 323 1001 1004 1441 1443 1444 1625 
6 
1004 1441 1442 1444 1625 1628 
3 
1441 1442 1443 
5 
791 1147 1446 1447 1448 
3 
1445 1447 1448 
3 
1445 1446 1448 
3 
1445 1446 1447 
3 
1450 1451 1452 
3 
1449 1451 1452 
4 
1386 1449 1450 1452 
5 
1385 1386 1449 1450 1451 
3 
1454 1455 1456 
3 
1453 1455 1456 
5 
393 394 1453 1454 1456 
4 
393 1453 1454 1455 
3 
1458 1459 1460 
3 
1457 1459 1460 
3 
1457 1458 1460 
3 
1457 1458 1459 
5 
933 936 1462 1463 1464 
7 
933 934 935 936 1461 1463 1464 
5 
935 936 1461 1462 1464 
4 
936 1461 1462 1463 
3 
1466 1467 1468 
3 
1465 1467 1468 
4 
325 1465 1466 1468 
3 
1465 1466 1467 
5 
311 908 1470 1471 1472 
5 
907 908 1469 1471 1472 
3 
1469 1470 1472 
3 
1469 1470 1471 
6 
695 1474 1475 1476 1893 1896 
8 
605 1473 1475 1476 1893 1894 1895 1896 
6 
608 1473 1474 1476 1895 1896 
4 
1473 1474 1475 1896 
8 
733 953 954 955 956 1478 1479 1480 
8 
485 733 734 954 955 1477 1479 1480 
10 
485 488 733 734 735 736 955 1477 1478 1480 
8 
558 733 736 955 956 1477 1478 1479 
3 
1482 1483 1484 
3 
1481 1483 1484 
5 
509 510 1481 1482 1484 
4 
509 1481 1482 1483 
5 
751 1042 1486 1487 1488 
4 
597 1485 1487 1488 
6 
597 600 1485 1486 1488 1557 
5 
1042 1043 1485 1486 1487 
5 
14 15 1490 1491 1492 
3 
1489 1491 1492 
3 
1489 1490 1492 
4 
15 1489 1490 1491 
10 
1494 1495 1496 1853 1854 1855 1856 1909 1910 1923 
8 
669 1325 1493 1495 1496 1854 1855 1910 
10 
669 672 1325 1328 1493 1494 1496 1855 1910 1911 
10 
1410 1493 1494 1495 1855 1856 1909 1910 1911 1912 
10 
226 603 604 1437 1438 1439 1440 1498 1499 1500 
6 
603 1438 1439 1497 1499 1500 
4 
1439 1497 1498 1500 
6 
227 1439 1440 1497 1498 1499 
3 
1502 1503 1504 
3 
1501 1503 1504 
3 
1501 1502 1504 
3 
1501 1502 1503 
5 
973 1055 1506 1507 1508 
5 
973 974 1505 1507 1508 
8 
585 973 974 975 976 1505 1506 1508 
5 
973 976 1505 1506 1507 
8 
145 833 834 1510 1511 1512 1758 1759 
6 
145 146 834 1509 1511 1512 
9 
145 146 147 148 834 835 1509 1510 1512 
10 
145 148 833 834 835 836 1509 1510 1511 1759 
5 
634 1329 1514 1515 1516 
5 
1329 1330 1513 1515 1516 
9 
1113 1114 1329 1330 1331 1332 1513 1514 1516 
7 
635 1113 1329 1332 1513 1514 1515 
5 
753 756 1518 1519 1520 
8 
636 753 754 755 756 1517 1519 1520 
5 
755 756 1517 1518 1520 
4 
756 1517 1518 1519 
4 
234 1522 1523 1524 
8 
232 977 980 1349 1352 1521 1523 1524 
5 
980 1352 1521 1522 1524 
5 
234 235 1521 1522 1523 
7 
157 158 159 160 1526 1527 1528 
5 
158 159 1525 1527 1528 
4 
159 1525 1526 1528 
5 
159 160 1525 1526 1527 
5 
7 230 1530 1531 1532 
3 
1529 1531 1532 
3 
1529 1530 1532 
7 
230 231 978 1350 1529 1530 1531 
3 
1534 1535 1536 
5 
949 952 1533 1535 1536 
4 
952 1533 1534 1536 
3 
1533 1534 1535 
7 
301 302 778 1538 1539 1540 1673 
7 
302 1009 1537 1539 1540 1673 1674 
11 
302 303 1009 1012 1537 1538 1540 1673 1674 1675 1676 
11 
301 302 303 304 778 779 1537 1538 1539 1673 1676 
7 
294 295 483 484 1542 1543 1544 
6 
483 708 1541 1543 1544 1617 
5 
878 1541 1542 1544 1620 
6 
295 877 878 1541 1542 1543 
5 
1177 1178 1546 1547 1548 
5 
1178 1545 1547 1548 1757 
8 
833 1178 1179 1545 1546 1548 1757 1760 
7 
1177 1178 1179 1180 1545 1546 1547 
5 
217 218 1550 1551 1552 
4 
218 1549 1551 1552 
5 
218 219 1549 1550 1552 
8 
217 218 219 220 322 1549 1550 1551 
5 
902 903 1554 1555 1556 
3 
1553 1555 1556 
3 
1553 1554 1556 
4 
903 1553 1554 1555 
6 
597 600 1487 1558 1559 1560 
7 
597 598 599 600 1557 1559 1560 
5 
599 600 1557 1558 1560 
4 
600 1557 1558 1559 
3 
1562 1563 1564 
3 
1561 1563 1564 
3 
1561 1562 1564 
3 
1561 1562 1563 
3 
1566 1567 1568 
3 
1565 1567 1568 
3 
1565 1566 1568 
3 
1565 1566 1567 
12 
23 24 475 476 1365 1368 1399 1570 1571 1572 1695 1783 
10 
23 172 475 1365 1366 1367 1368 1569 1571 1572 
5 
1367 1368 1569 1570 1572 
5 
266 1368 1569 1570 1571 
4 
568 1574 1575 1576 
5 
567 568 1573 1575 1576 
3 
1573 1574 1576 
3 
1573 1574 1575 
4 
332 1578 1579 1580 
5 
331 332 1577 1579 1580 
3 
1577 1578 1580 
3 
1577 1578 1579 
4 
728 1582 1583 1584 
7 
727 728 1161 1164 1581 1583 1584 
6 
1164 1581 1582 1584 1717 1718 
4 
1581 1582 1583 1717 
6 
246 489 490 1586 1587 1588 
4 
490 1585 1587 1588 
5 
490 491 1585 1586 1588 
9 
246 247 489 490 491 492 1585 1586 1587 
6 
123 1299 1300 1590 1591 1592 
4 
1299 1589 1591 1592 
6 
26 453 454 1589 1590 1592 
7 
25 26 453 1589 1590 1591 1986 
7 
505 508 1249 1252 1594 1595 1596 
9 
506 507 1249 1250 1251 1252 1593 1595 1596 
6 
507 1251 1252 1593 1594 1596 
5 
508 1252 1593 1594 1595 
4 
822 1598 1599 1600 
4 
1597 1599 1600 1877 
6 
1597 1598 1600 1669 1877 1880 
6 
110 822 823 1597 1598 1599 
3 
1602 1603 1604 
3 
1601 1603 1604 
3 
1601 1602 1604 
3 
1601 1602 1603 
3 
1606 1607 1608 
4 
289 1605 1607 1608 
4 
292 1605 1606 1608 
3 
1605 1606 1607 
3 
1610 1611 1612 
3 
1609 1611 1612 
3 
1609 1610 1612 
4 
606 1609 1610 1611 
6 
972 1346 1347 1614 1615 1616 
6 
413 971 972 1613 1615 1616 
4 
416 1613 1614 1616 
4 
1347 1613 1614 1615 
6 
483 708 1542 1618 1619 1620 
5 
707 708 1617 1619 1620 
3 
1617 1618 1620 
5 
878 1543 1617 1618 1619 
8 
276 1338 1339 1622 1623 1624 1811 1821 
8 
96 275 276 1621 1623 1624 1821 1822 
7 
1621 1622 1624 1821 1822 1823 1824 
6 
1339 1621 1622 1623 1821 1824 
11 
1001 1002 1003 1004 1442 1443 1626 1627 1628 1949 1952 
9 
1002 1003 1625 1627 1628 1949 1950 1951 1952 
7 
578 1003 1625 1626 1628 1951 1952 
10 
577 578 838 1003 1004 1443 1625 1626 1627 1952 
3 
1630 1631 1632 
3 
1629 1631 1632 
3 
1629 1630 1632 
3 
1629 1630 1631 
6 
511 512 1305 1634 1635 1636 
8 
189 192 511 1305 1306 1633 1635 1636 
11 
192 1305 1306 1307 1308 1354 1633 1634 1636 1661 1762 
10 
198 1305 1308 1353 1354 1633 1634 1635 1761 1762 
6 
1187 1188 1638 1639 1640 1989 
6 
1187 1637 1639 1640 1989 1990 
7 
1637 1638 1640 1989 1990 1991 1992 
5 
1637 1638 1639 1989 1992 
5 
1239 1240 1642 1643 1644 
4 
1239 1641 1643 1644 
3 
1641 1642 1644 
3 
1641 1642 1643 
3 
1646 1647 1648 
8 
165 168 1645 1647 1648 1748 1793 1796 
6 
168 1645 1646 1648 1796 1962 
5 
1645 1646 1647 1961 1962 
3 
1650 1651 1652 
3 
1649 1651 1652 
4 
1649 1650 1652 1798 
6 
738 1649 1650 1651 1797 1798 
5 
1418 1419 1654 1655 1656 
3 
1653 1655 1656 
3 
1653 1654 1656 
4 
1419 1653 1654 1655 
5 
536 1658 1659 1660 1700 
6 
535 1657 1659 1660 1699 1700 
3 
1657 1658 1660 
4 
366 1657 1658 1659 
6 
1307 1308 1635 1662 1663 1664 
4 
1307 1661 1663 1664 
3 
1661 1662 1664 
4 
502 1661 1662 1663 
5 
584 816 1666 1667 1668 
7 
583 584 815 816 1665 1667 1668 
3 
1665 1666 1668 
3 
1665 1666 1667 
5 
1599 1670 1671 1672 1880 
5 
1669 1671 1672 1879 1880 
4 
1669 1670 1672 1866 
5 
1669 1670 1671 1865 1866 
9 
301 302 1537 1538 1539 1540 1674 1675 1676 
7 
302 1009 1538 1539 1673 1675 1676 
8 
302 303 1009 1012 1539 1673 1674 1676 
9 
301 302 303 304 1539 1540 1673 1674 1675 
3 
1678 1679 1680 
4 
993 1677 1679 1680 
4 
996 1677 1678 1680 
3 
1677 1678 1679 
3 
1682 1683 1684 
3 
1681 1683 1684 
3 
1681 1682 1684 
3 
1681 1682 1683 
4 
522 1686 1687 1688 
4 
80 1685 1687 1688 
3 
1685 1686 1688 
7 
522 523 1685 1686 1687 1814 1874 
6 
280 646 647 1690 1691 1692 
5 
279 280 1689 1691 1692 
3 
1689 1690 1692 
4 
647 1689 1690 1691 
10 
21 473 1397 1398 1694 1695 1696 1751 1752 1781 
10 
21 22 473 474 1398 1693 1695 1696 1751 1782 
16 
21 22 23 24 473 474 475 476 1365 1398 1399 1569 1693 1694 1696 1783 
12 
21 24 473 476 1397 1398 1399 1400 1693 1694 1695 1784 
6 
52 533 534 1698 1699 1700 
6 
51 52 534 1697 1699 1700 
6 
534 535 1658 1697 1698 1700 
9 
533 534 535 536 1657 1658 1697 1698 1699 
6 
299 300 679 1702 1703 1704 
4 
299 1701 1703 1704 
4 
1701 1702 1704 1941 
3 
1701 1702 1703 
4 
182 1706 1707 1708 
3 
1705 1707 1708 
3 
1705 1706 1708 
5 
182 183 1705 1706 1707 
5 
1171 1172 1710 1711 1712 
5 
513 1171 1709 1711 1712 
5 
513 516 1709 1710 1712 
3 
1709 1710 1711 
3 
1714 1715 1716 
3 
1713 1715 1716 
3 
1713 1714 1716 
3 
1713 1714 1715 
5 
1583 1584 1718 1719 1720 
4 
1583 1717 1719 1720 
5 
681 682 1717 1718 1720 
4 
681 1717 1718 1719 
5 
1 2 1722 1723 1724 
4 
2 1721 1723 1724 
5 
2 3 1721 1722 1724 
7 
1 2 3 4 1721 1722 1723 
4 
387 1726 1727 1728 
3 
1725 1727 1728 
3 
1725 1726 1728 
3 
1725 1726 1727 
3 
1730 1731 1732 
3 
1729 1731 1732 
3 
1729 1730 1732 
4 
1729 1730 1731 1750 
6 
867 1734 1735 1736 1865 1868 
7 
1733 1735 1736 1865 1866 1867 1868 
7 
1133 1134 1733 1734 1736 1867 1868 
5 
1133 1733 1734 1735 1868 
3 
1738 1739 1740 
4 
1321 1737 1739 1740 
5 
1321 1324 1737 1738 1740 
3 
1737 1738 1739 
4 
715 1742 1743 1744 
3 
1741 1743 1744 
4 
561 1741 1742 1744 
3 
1741 1742 1743 
5 
165 166 1746 1747 1748 
5 
166 1745 1747 1748 1776 
6 
166 167 1745 1746 1748 1794 
10 
165 166 167 168 1646 1745 1746 1747 1793 1794 
3 
1750 1751 1752 
4 
1732 1749 1751 1752 
7 
1693 1694 1749 1750 1752 1781 1782 
5 
1693 1749 1750 1751 1781 
4 
609 1754 1755 1756 
6 
609 610 1753 1755 1756 1845 
8 
609 610 611 612 1753 1754 1756 1848 
6 
609 612 746 1753 1754 1755 
5 
1546 1547 1758 1759 1760 
6 
145 1024 1509 1757 1759 1760 
10 
145 148 833 834 938 1509 1512 1757 1758 1760 
7 
833 937 938 1547 1757 1758 1759 
6 
198 1353 1636 1762 1763 1764 
8 
1308 1353 1354 1635 1636 1761 1763 1764 
8 
1353 1354 1355 1356 1382 1761 1762 1764 
9 
198 199 1353 1356 1381 1382 1761 1762 1763 
5 
249 250 1766 1767 1768 
4 
250 1765 1767 1768 
5 
250 251 1765 1766 1768 
7 
249 250 251 252 1765 1766 1767 
3 
1770 1771 1772 
3 
1769 1771 1772 
3 
1769 1770 1772 
4 
1310 1769 1770 1771 
3 
1774 1775 1776 
5 
901 904 1773 1775 1776 
4 
904 1773 1774 1776 
4 
1746 1773 1774 1775 
8 
117 120 239 240 1778 1779 1780 1847 
8 
117 118 119 120 239 1777 1779 1780 
5 
119 120 1777 1778 1780 
4 
120 1777 1778 1779 
10 
21 473 1397 1398 1693 1751 1752 1782 1783 1784 
10 
21 22 473 474 1398 1694 1751 1781 1783 1784 
16 
21 22 23 24 473 474 475 476 1365 1398 1399 1569 1695 1781 1782 1784 
12 
21 24 473 476 1397 1398 1399 1400 1696 1781 1782 1783 
3 
1786 1787 1788 
3 
1785 1787 1788 
3 
1785 1786 1788 
4 
190 1785 1786 1787 
3 
1790 1791 1792 
4 
1372 1789 1791 1792 
3 
1789 1790 1792 
3 
1789 1790 1791 
7 
165 168 1646 1748 1794 1795 1796 
9 
165 166 167 168 1747 1748 1793 1795 1796 
5 
167 168 1793 1794 1796 
7 
168 1646 1647 1793 1794 1795 1962 
6 
737 738 1652 1798 1799 1800 
6 
738 1651 1652 1797 1799 1800 
5 
738 739 1797 1798 1800 
7 
737 738 739 740 1797 1798 1799 
4 
849 1802 1803 1804 
7 
849 850 1085 1088 1801 1803 1804 
8 
849 850 851 852 1088 1801 1802 1804 
5 
849 852 1801 1802 1803 
5 
1806 1807 1808 1929 1932 
7 
1805 1807 1808 1929 1930 1931 1932 
5 
1805 1806 1808 1931 1932 
6 
134 898 1805 1806 1807 1932 
7 
1093 1096 1197 1200 1810 1811 1812 
11 
1093 1094 1095 1096 1197 1198 1199 1200 1809 1811 1812 
10 
1095 1096 1199 1200 1337 1338 1621 1809 1810 1812 
7 
538 1096 1200 1337 1809 1810 1811 
6 
523 524 1814 1815 1816 1873 
6 
523 1688 1813 1815 1816 1874 
7 
118 238 1813 1814 1816 1874 1875 
10 
117 118 237 238 1813 1814 1815 1846 1873 1876 
3 
1818 1819 1820 
3 
1817 1819 1820 
3 
1817 1818 1820 
3 
1817 1818 1819 
11 
96 276 1338 1339 1621 1622 1623 1624 1822 1823 1824 
9 
95 96 275 276 1622 1623 1821 1823 1824 
4 
1623 1821 1822 1824 
6 
1339 1623 1624 1821 1822 1823 
7 
317 318 319 320 1826 1827 1828 
5 
318 319 1825 1827 1828 
4 
319 1825 1826 1828 
5 
319 320 1825 1826 1827 
3 
1830 1831 1832 
3 
1829 1831 1832 
3 
1829 1830 1832 
3 
1829 1830 1831 
5 
286 1834 1835 1836 1882 
3 
1833 1835 1836 
3 
1833 1834 1836 
6 
286 287 1833 1834 1835 1883 
3 
1838 1839 1840 
3 
1837 1839 1840 
4 
469 1837 1838 1840 
3 
1837 1838 1839 
5 
649 652 1842 1843 1844 
7 
649 650 651 652 1841 1843 1844 
7 
651 652 1093 1197 1841 1842 1844 
4 
652 1841 1842 1843 
6 
237 610 1754 1846 1847 1848 
8 
117 237 238 1816 1845 1847 1848 1876 
8 
117 120 239 240 1777 1845 1846 1848 
7 
240 610 611 1755 1845 1846 1847 
3 
1850 1851 1852 
3 
1849 1851 1852 
3 
1849 1850 1852 
3 
1849 1850 1851 
9 
1493 1854 1855 1856 1909 1921 1922 1923 1924 
9 
1493 1494 1853 1855 1856 1909 1910 1922 1923 
12 
1493 1494 1495 1496 1853 1854 1856 1909 1910 1911 1912 1923 
10 
966 1493 1496 1853 1854 1855 1909 1912 1923 1924 
5 
59 60 1858 1859 1860 
5 
59 888 1857 1859 1860 
5 
925 926 1857 1858 1860 
4 
925 1857 1858 1859 
4 
1862 1863 1864 1948 
5 
1861 1863 1864 1947 1948 
5 
1261 1262 1861 1862 1864 
4 
1261 1861 1862 1863 
6 
1672 1733 1734 1866 1867 1868 
6 
1671 1672 1734 1865 1867 1868 
5 
1734 1735 1865 1866 1868 
7 
1733 1734 1735 1736 1865 1866 1867 
4 
268 1870 1871 1872 
5 
267 268 1869 1871 1872 
3 
1869 1870 1872 
3 
1869 1870 1871 
7 
523 524 1813 1816 1874 1875 1876 
7 
523 1688 1814 1815 1873 1875 1876 
6 
118 238 1815 1873 1874 1876 
9 
117 118 237 238 1816 1846 1873 1874 1875 
5 
1598 1599 1878 1879 1880 
3 
1877 1879 1880 
4 
1670 1877 1878 1880 
6 
1599 1669 1670 1877 1878 1879 
4 
285 1882 1883 1884 
6 
285 286 1833 1881 1883 1884 
8 
285 286 287 288 1836 1881 1882 1884 
5 
285 288 1881 1882 1883 
3 
1886 1887 1888 
3 
1885 1887 1888 
4 
1885 1886 1888 1969 
3 
1885 1886 1887 
4 
65 1890 1891 1892 
5 
65 66 1889 1891 1892 
7 
65 66 67 68 1889 1890 1892 
5 
65 68 1889 1890 1891 
9 
91 92 694 695 1473 1474 1894 1895 1896 
5 
91 1474 1893 1895 1896 
7 
605 606 1474 1475 1893 1894 1896 
9 
605 695 1473 1474 1475 1476 1893 1894 1895 
3 
1898 1899 1900 
3 
1897 1899 1900 
3 
1897 1898 1900 
4 
1206 1897 1898 1899 
3 
1902 1903 1904 
3 
1901 1903 1904 
5 
769 770 1901 1902 1904 
4 
769 1901 1902 1903 
6 
819 820 1243 1906 1907 1908 
4 
819 1905 1907 1908 
3 
1905 1906 1908 
3 
1905 1906 1907 
12 
966 1493 1496 1853 1854 1855 1856 1910 1911 1912 1923 1924 
10 
1493 1494 1495 1496 1854 1855 1909 1911 1912 1923 
6 
1495 1496 1855 1909 1910 1912 
9 
966 967 1410 1496 1855 1856 1909 1910 1911 
8 
377 378 379 380 873 1914 1915 1916 
9 
378 379 873 874 877 880 1913 1915 1916 
10 
379 873 874 875 876 880 1046 1913 1914 1916 
9 
379 380 873 876 1045 1046 1913 1914 1915 
4 
313 1918 1919 1920 
6 
313 314 348 1917 1919 1920 
7 
313 314 315 316 1917 1918 1920 
5 
313 316 1917 1918 1919 
4 
1853 1922 1923 1924 
5 
1853 1854 1921 1923 1924 
10 
1493 1853 1854 1855 1856 1909 1910 1921 1922 1924 
6 
1853 1856 1909 1921 1922 1923 
5 
1926 1927 1928 1994 1995 
5 
161 765 1925 1927 1928 
8 
161 164 765 768 1182 1925 1926 1928 
6 
1181 1182 1925 1926 1927 1995 
5 
1805 1806 1930 1931 1932 
4 
1806 1929 1931 1932 
5 
1806 1807 1929 1930 1932 
9 
134 898 1805 1806 1807 1808 1929 1930 1931 
4 
546 1934 1935 1936 
3 
1933 1935 1936 
4 
317 1933 1934 1936 
5 
546 547 1933 1934 1935 
4 
1235 1938 1939 1940 
5 
220 324 1937 1939 1940 
3 
1937 1938 1940 
3 
1937 1938 1939 
4 
1703 1942 1943 1944 
5 
401 404 1941 1943 1944 
4 
404 1941 1942 1944 
3 
1941 1942 1943 
3 
1946 1947 1948 
3 
1945 1947 1948 
4 
1862 1945 1946 1948 
5 
1861 1862 1945 1946 1947 
9 
1001 1002 1003 1004 1625 1626 1950 1951 1952 
7 
392 1002 1003 1626 1949 1951 1952 
6 
1003 1626 1627 1949 1950 1952 
9 
1003 1004 1625 1626 1627 1628 1949 1950 1951 
3 
1954 1955 1956 
5 
1037 1040 1953 1955 1956 
6 
41 42 1040 1953 1954 1956 
4 
41 1953 1954 1955 
5 
530 531 1958 1959 1960 
3 
1957 1959 1960 
3 
1957 1958 1960 
4 
531 1957 1958 1959 
4 
1648 1962 1963 1964 
7 
168 1647 1648 1796 1961 1963 1964 
3 
1961 1962 1964 
3 
1961 1962 1963 
3 
1966 1967 1968 
3 
1965 1967 1968 
3 
1965 1966 1968 
3 
1965 1966 1967 
4 
1887 1970 1971 1972 
3 
1969 1971 1972 
3 
1969 1970 1972 
3 
1969 1970 1971 
3 
1974 1975 1976 
3 
1973 1975 1976 
5 
893 894 1973 1974 1976 
4 
893 1973 1974 1975 
4 
383 1978 1979 1980 
4 
1393 1977 1979 1980 
5 
1393 1396 1977 1978 1980 
3 
1977 1978 1979 
3 
1982 1983 1984 
3 
1981 1983 1984 
3 
1981 1982 1984 
4 
710 1981 1982 1983 
4 
25 1986 1987 1988 
8 
25 26 453 456 1592 1985 1987 1988 
8 
25 26 27 28 456 1985 1986 1988 
5 
25 28 1985 1986 1987 
7 
1637 1638 1639 1640 1990 1991 1992 
7 
1225 1228 1638 1639 1989 1991 1992 
5 
1228 1639 1989 1990 1992 
5 
1639 1640 1989 1990 1991 
3 
1994 1995 1996 
4 
1925 1993 1995 1996 
5 
1925 1928 1993 1994 1996 
3 
1993 1994 1995 
3 
1998 1999 2000 
4 
1396 1997 1999 2000 
3 
1997 1998 2000 
3 
1997 1998 1999 