
500 
4 
3 
2 3 4 
3 
1 3 4 
4 
1 2 4 402 
5 
1 2 3 401 402 
5 
6 7 8 1001 1004 
7 
5 7 8 1001 1002 1003 1004 
5 
5 6 8 1003 1004 
4 
5 6 7 1004 
4 
10 11 12 150 
3 
9 11 12 
3 
9 10 12 
5 
9 10 11 150 151 
7 
14 15 16 1625 1626 1945 1946 
5 
13 15 16 1626 1946 
7 
13 14 16 1626 1627 1946 1947 
13 
13 14 15 230 962 1625 1626 1627 1628 1945 1946 1947 1948 
8 
18 19 20 1554 1555 1622 1673 1674 
7 
17 19 20 1501 1504 1656 1674 
8 
17 18 20 274 317 1210 1504 1675 
13 
17 18 19 273 274 1209 1210 1555 1558 1622 1623 1675 1676 
5 
22 23 24 856 897 
8 
21 23 24 628 855 856 897 898 
7 
21 22 24 897 898 899 900 
6 
21 22 23 66 897 900 
3 
26 27 28 
3 
25 27 28 
3 
25 26 28 
3 
25 26 27 
3 
30 31 32 
3 
29 31 32 
3 
29 30 32 
3 
29 30 31 
7 
34 35 36 93 94 95 96 
5 
33 35 36 94 95 
4 
33 34 36 95 
5 
33 34 35 95 96 
10 
38 39 40 976 1201 1202 1203 1204 1805 1808 
11 
37 39 40 975 976 1202 1203 1805 1806 1807 1808 
10 
37 38 40 781 782 885 886 1203 1807 1808 
8 
37 38 39 781 885 1203 1204 1808 
3 
42 43 44 
3 
41 43 44 
4 
41 42 44 278 
5 
41 42 43 277 278 
9 
46 47 48 1305 1306 1307 1308 1721 1724 
9 
45 47 48 1306 1307 1721 1722 1723 1724 
7 
45 46 48 741 1307 1723 1724 
6 
45 46 47 1307 1308 1724 
3 
50 51 52 
5 
49 51 52 877 880 
4 
49 50 52 880 
3 
49 50 51 
3 
54 55 56 
4 
53 55 56 1672 
5 
53 54 56 1949 1950 
4 
53 54 55 1949 
5 
58 59 60 678 679 
3 
57 59 60 
5 
57 58 60 1505 1506 
5 
57 58 59 679 1505 
7 
62 63 64 1138 1139 1937 1938 
7 
61 63 64 841 844 1840 1938 
8 
61 62 64 844 1126 1226 1938 1939 
12 
61 62 63 1125 1126 1139 1225 1226 1937 1938 1939 1940 
5 
66 67 68 1534 1535 
4 
24 65 67 68 
4 
65 66 68 1653 
5 
65 66 67 1535 1554 
6 
70 71 72 1411 1412 1897 
6 
69 71 72 1411 1897 1898 
7 
69 70 72 1897 1898 1899 1900 
5 
69 70 71 1897 1900 
3 
74 75 76 
4 
73 75 76 820 
3 
73 74 76 
3 
73 74 75 
7 
78 79 80 1445 1446 1447 1448 
6 
77 79 80 753 1446 1447 
6 
77 78 80 753 756 1447 
6 
77 78 79 1447 1448 1818 
9 
82 83 84 98 99 745 746 747 748 
5 
81 83 84 746 747 
5 
81 82 84 474 747 
8 
81 82 83 99 473 474 747 748 
6 
86 87 88 1660 1713 1716 
9 
85 87 88 1659 1660 1713 1714 1715 1716 
5 
85 86 88 1715 1716 
4 
85 86 87 1716 
4 
90 91 92 1370 
3 
89 91 92 
3 
89 90 92 
5 
89 90 91 1370 1371 
4 
33 94 95 96 
5 
33 34 93 95 96 
7 
33 34 35 36 93 94 96 
6 
33 36 93 94 95 490 
4 
98 99 100 745 
6 
81 97 99 100 745 746 
11 
81 84 97 98 100 473 474 745 746 747 748 
6 
97 98 99 473 745 748 
8 
102 103 104 318 319 791 792 1503 
4 
101 103 104 791 
3 
101 102 104 
4 
101 102 103 319 
5 
106 107 108 1195 1196 
4 
105 107 108 1195 
7 
105 106 108 117 118 1601 1602 
5 
105 106 107 117 1601 
5 
110 111 112 1978 1979 
5 
109 111 112 1100 1876 
3 
109 110 112 
4 
109 110 111 1979 
5 
114 115 116 1287 1288 
4 
113 115 116 1287 
6 
113 114 116 949 1605 1606 
4 
113 114 115 1605 
9 
107 108 118 119 120 1601 1602 1603 1604 
8 
107 117 119 120 265 268 1602 1603 
5 
117 118 120 268 1603 
5 
117 118 119 1603 1604 
10 
122 123 124 1029 1030 1701 1704 1940 1997 1998 
14 
121 123 124 1030 1128 1225 1228 1701 1702 1703 1704 1939 1940 1998 
10 
121 122 124 1030 1031 1228 1703 1704 1998 1999 
13 
121 122 123 1029 1030 1031 1032 1086 1704 1997 1998 1999 2000 
8 
126 127 128 343 344 1045 1046 1924 
9 
125 127 128 343 413 416 1046 1923 1924 
10 
125 126 128 416 541 542 1046 1047 1254 1549 
10 
125 126 127 541 1045 1046 1047 1048 1253 1254 
3 
130 131 132 
5 
129 131 132 281 284 
4 
129 130 132 284 
3 
129 130 131 
7 
134 135 136 405 406 711 712 
5 
133 135 136 406 711 
6 
133 134 136 407 774 1705 
7 
133 134 135 407 408 773 774 
9 
138 139 140 1345 1346 1347 1348 1402 1403 
6 
137 139 140 860 1346 1347 
4 
137 138 140 1347 
7 
137 138 139 1330 1347 1348 1403 
5 
142 143 144 988 1858 
6 
141 143 144 728 987 988 
3 
141 142 144 
5 
141 142 143 1858 1859 
7 
146 147 148 1429 1430 1431 1432 
7 
145 147 148 1181 1184 1430 1431 
7 
145 146 148 429 430 1184 1431 
6 
145 146 147 429 1431 1432 
4 
150 151 152 1746 
5 
9 12 149 151 152 
4 
12 149 150 152 
6 
149 150 151 658 1746 1747 
4 
154 155 156 768 
5 
153 155 156 767 768 
3 
153 154 156 
3 
153 154 155 
4 
158 159 160 1517 
5 
157 159 160 1517 1518 
6 
157 158 160 1130 1519 1520 
7 
157 158 159 1129 1130 1520 1538 
12 
162 163 164 274 275 320 977 978 1209 1210 1211 1212 
8 
161 163 164 319 320 978 1210 1211 
7 
161 162 164 978 979 1185 1211 
10 
161 162 163 275 977 978 979 980 1211 1212 
8 
166 167 168 1116 1205 1206 1766 1767 
6 
165 167 168 1115 1116 1206 
6 
165 166 168 706 1206 1207 
10 
165 166 167 705 706 1205 1206 1207 1208 1767 
11 
170 171 172 510 511 629 630 631 632 944 1104 
9 
169 171 172 630 631 943 944 1103 1104 
5 
169 170 172 285 631 
6 
169 170 171 511 631 632 
3 
174 175 176 
3 
173 175 176 
3 
173 174 176 
3 
173 174 175 
8 
178 179 180 209 210 211 212 724 
7 
177 179 180 210 211 723 724 
5 
177 178 180 211 954 
7 
177 178 179 211 212 953 954 
5 
182 183 184 1133 1136 
7 
181 183 184 1133 1134 1135 1136 
5 
181 182 184 1135 1136 
4 
181 182 183 1136 
5 
186 187 188 929 930 
4 
185 187 188 930 
6 
185 186 188 698 930 931 
9 
185 186 187 697 698 929 930 931 932 
5 
190 191 192 235 1423 
3 
189 191 192 
3 
189 190 192 
3 
189 190 191 
3 
194 195 196 
3 
193 195 196 
3 
193 194 196 
3 
193 194 195 
9 
198 199 200 782 783 886 887 1120 1807 
5 
197 199 200 1119 1120 
3 
197 198 200 
5 
197 198 199 783 887 
3 
202 203 204 
3 
201 203 204 
3 
201 202 204 
3 
201 202 203 
6 
206 207 208 358 702 703 
5 
205 207 208 1292 1373 
5 
205 206 208 1373 1376 
6 
205 206 207 358 359 703 
7 
177 210 211 212 721 724 1239 
9 
177 178 209 211 212 721 722 723 724 
10 
177 178 179 180 209 210 212 723 724 954 
8 
177 180 209 210 211 724 953 954 
5 
214 215 216 1313 1433 
7 
213 215 216 1313 1314 1433 1434 
12 
213 214 216 681 1313 1314 1315 1316 1433 1434 1435 1436 
8 
213 214 215 1158 1313 1316 1433 1436 
4 
218 219 220 578 
3 
217 219 220 
3 
217 218 220 
5 
217 218 219 578 579 
5 
222 223 224 1259 1260 
4 
221 223 224 1259 
3 
221 222 224 
3 
221 222 223 
7 
226 227 228 1529 1530 1531 1532 
5 
225 227 228 1530 1531 
4 
225 226 228 1531 
5 
225 226 227 1531 1532 
7 
230 231 232 878 879 961 1948 
10 
16 229 231 232 961 962 1625 1628 1947 1948 
8 
229 230 232 961 962 963 964 1628 
6 
229 230 231 879 961 964 
4 
234 235 236 1421 
5 
233 235 236 1421 1422 
8 
189 233 234 236 1421 1422 1423 1424 
5 
233 234 235 1421 1424 
7 
238 239 240 248 851 895 896 
7 
237 239 240 247 248 656 895 
3 
237 238 240 
3 
237 238 239 
7 
242 243 244 581 582 707 708 
5 
241 243 244 582 707 
6 
241 242 244 582 583 1073 
7 
241 242 243 581 582 583 584 
5 
246 247 248 893 894 
6 
245 247 248 653 656 894 
7 
238 245 246 248 656 894 895 
9 
237 238 245 246 247 893 894 895 896 
9 
250 251 252 431 452 598 810 811 1368 
7 
249 251 252 451 452 1367 1368 
4 
249 250 252 1546 
8 
249 250 251 598 599 811 1545 1546 
6 
254 255 256 647 648 1299 
5 
253 255 256 647 1580 
5 
253 254 256 765 766 
4 
253 254 255 765 
3 
258 259 260 
4 
257 259 260 417 
5 
257 258 260 417 420 
3 
257 258 259 
8 
262 263 264 453 456 993 1070 1071 
9 
261 263 264 453 454 455 456 993 994 
9 
261 262 264 455 456 993 994 995 996 
7 
261 262 263 456 993 996 1071 
4 
118 266 267 268 
3 
265 267 268 
5 
265 266 268 1669 1670 
6 
118 119 265 266 267 1669 
6 
270 271 272 1510 1541 1804 
7 
269 271 272 1541 1542 1803 1804 
7 
269 270 272 1541 1542 1543 1544 
7 
269 270 271 1510 1511 1541 1544 
10 
20 274 275 276 977 1209 1558 1559 1623 1676 
14 
19 20 161 273 275 276 317 320 977 978 1209 1210 1675 1676 
12 
161 164 273 274 276 320 977 978 979 980 1211 1212 
7 
273 274 275 977 980 1212 1559 
4 
44 278 279 280 
5 
43 44 277 279 280 
3 
277 278 280 
3 
277 278 279 
4 
130 282 283 284 
3 
281 283 284 
4 
281 282 284 1021 
5 
130 131 281 282 283 
4 
171 286 287 288 
3 
285 287 288 
3 
285 286 288 
3 
285 286 287 
5 
290 291 292 1467 1468 
4 
289 291 292 1467 
3 
289 290 292 
3 
289 290 291 
5 
294 295 296 1661 1662 
4 
293 295 296 1662 
5 
293 294 296 1662 1663 
7 
293 294 295 1661 1662 1663 1664 
4 
298 299 300 606 
3 
297 299 300 
3 
297 298 300 
5 
297 298 299 606 607 
4 
302 303 304 1594 
3 
301 303 304 
4 
301 302 304 1285 
5 
301 302 303 1594 1595 
5 
306 307 308 1476 1977 
7 
305 307 308 1475 1476 1977 1978 
7 
305 306 308 1977 1978 1979 1980 
5 
305 306 307 1977 1980 
5 
310 311 312 339 340 
4 
309 311 312 339 
5 
309 310 312 349 350 
4 
309 310 311 349 
3 
314 315 316 
3 
313 315 316 
5 
313 314 316 1109 1110 
4 
313 314 315 1109 
9 
19 274 318 319 320 1210 1503 1504 1675 
7 
101 317 319 320 789 792 1503 
7 
101 104 162 317 318 320 792 
10 
161 162 274 275 317 318 319 978 1210 1211 
3 
322 323 324 
3 
321 323 324 
4 
321 322 324 1778 
5 
321 322 323 1777 1778 
4 
326 327 328 821 
6 
325 327 328 821 822 1192 
7 
325 326 328 821 822 823 824 
5 
325 326 327 821 824 
3 
330 331 332 
4 
329 331 332 1929 
5 
329 330 332 1929 1932 
3 
329 330 331 
5 
334 335 336 355 840 
5 
333 335 336 839 840 
4 
333 334 336 1249 
3 
333 334 335 
4 
338 339 340 604 
6 
337 339 340 603 604 1356 
5 
309 310 337 338 340 
4 
309 337 338 339 
4 
342 343 344 1921 
5 
341 343 344 1921 1922 
10 
125 126 341 342 344 413 1921 1922 1923 1924 
6 
125 341 342 343 1921 1924 
4 
346 347 348 1967 
3 
345 347 348 
3 
345 346 348 
3 
345 346 347 
7 
311 312 350 351 352 1385 1386 
5 
311 349 351 352 1386 
5 
349 350 352 1386 1387 
7 
349 350 351 1385 1386 1387 1388 
3 
354 355 356 
3 
353 355 356 
4 
333 353 354 356 
3 
353 354 355 
7 
358 359 360 701 702 703 704 
7 
205 208 357 359 360 702 703 
5 
208 357 358 360 703 
5 
357 358 359 703 704 
4 
362 363 364 992 
6 
361 363 364 991 992 1248 
4 
361 362 364 1573 
3 
361 362 363 
6 
366 367 368 612 1343 1344 
6 
365 367 368 611 612 1343 
3 
365 366 368 
3 
365 366 367 
4 
370 371 372 677 
5 
369 371 372 677 678 
7 
369 370 372 677 678 679 680 
6 
369 370 371 677 680 1214 
3 
374 375 376 
3 
373 375 376 
3 
373 374 376 
3 
373 374 375 
6 
378 379 380 738 1494 1495 
3 
377 379 380 
3 
377 378 380 
6 
377 378 379 738 739 1495 
5 
382 383 384 1737 1738 
4 
381 383 384 1738 
4 
381 382 384 1739 
5 
381 382 383 1739 1740 
3 
386 387 388 
3 
385 387 388 
3 
385 386 388 
3 
385 386 387 
3 
390 391 392 
6 
389 391 392 537 1901 1904 
5 
389 390 392 540 1904 
3 
389 390 391 
4 
394 395 396 409 
6 
393 395 396 409 410 1877 
9 
393 394 396 409 410 411 412 1877 1880 
5 
393 394 395 409 412 
3 
398 399 400 
3 
397 399 400 
3 
397 398 400 
3 
397 398 399 
4 
4 402 403 404 
5 
3 4 401 403 404 
3 
401 402 404 
4 
401 402 403 462 
8 
133 406 407 408 712 802 803 1763 
7 
133 134 405 407 408 711 712 
8 
135 136 405 406 408 773 774 1705 
6 
136 405 406 407 773 803 
7 
393 394 395 396 410 411 412 
6 
394 395 409 411 412 1877 
6 
395 409 410 412 1877 1880 
5 
395 396 409 410 411 
7 
126 343 414 415 416 1922 1923 
5 
413 415 416 641 644 
5 
413 414 416 542 644 
10 
126 127 413 414 415 541 542 1046 1254 1923 
5 
258 259 418 419 420 
3 
417 419 420 
3 
417 418 420 
4 
259 417 418 419 
5 
422 423 424 1497 1959 
6 
421 423 424 777 1497 1498 
9 
421 422 424 777 780 1497 1498 1499 1500 
5 
421 422 423 1497 1500 
4 
426 427 428 723 
5 
425 427 428 1281 1284 
4 
425 426 428 1284 
3 
425 426 427 
6 
147 148 430 431 432 809 
7 
147 429 431 432 496 809 810 
8 
249 429 430 432 809 810 811 812 
5 
429 430 431 809 812 
4 
434 435 436 1218 
4 
433 435 436 1492 
3 
433 434 436 
5 
433 434 435 1218 1219 
6 
438 439 440 891 1819 1820 
4 
437 439 440 1819 
4 
437 438 440 770 
5 
437 438 439 769 770 
5 
442 443 444 1694 1695 
4 
441 443 444 1989 
6 
441 442 444 1362 1989 1992 
6 
441 442 443 1361 1362 1695 
3 
446 447 448 
3 
445 447 448 
3 
445 446 448 
4 
445 446 447 974 
7 
450 451 452 495 496 1044 1365 
8 
449 451 452 495 1043 1044 1365 1366 
6 
250 449 450 452 1367 1368 
7 
249 250 449 450 451 810 1368 
5 
261 262 454 455 456 
4 
262 453 455 456 
6 
262 263 453 454 456 994 
9 
261 262 263 264 453 454 455 993 994 
3 
458 459 460 
3 
457 459 460 
3 
457 458 460 
3 
457 458 459 
3 
462 463 464 
4 
404 461 463 464 
3 
461 462 464 
3 
461 462 463 
3 
466 467 468 
3 
465 467 468 
3 
465 466 468 
3 
465 466 467 
3 
470 471 472 
3 
469 471 472 
4 
469 470 472 1790 
5 
469 470 471 1789 1790 
8 
84 99 100 474 475 476 747 748 
7 
83 84 99 473 475 476 747 
3 
473 474 476 
3 
473 474 475 
5 
478 479 480 1276 1619 
5 
477 479 480 1275 1276 
4 
477 478 480 778 
6 
477 478 479 777 778 1498 
8 
482 483 484 715 1917 1918 1919 1920 
5 
481 483 484 1918 1919 
4 
481 482 484 1919 
5 
481 482 483 1919 1920 
5 
486 487 488 1537 1540 
9 
485 487 488 1129 1132 1537 1538 1539 1540 
6 
485 486 488 1132 1539 1540 
4 
485 486 487 1540 
3 
490 491 492 
4 
96 489 491 492 
3 
489 490 492 
3 
489 490 491 
9 
494 495 496 1041 1044 1181 1182 1183 1184 
9 
493 495 496 1041 1042 1043 1044 1182 1183 
10 
449 450 493 494 496 1043 1044 1183 1365 1366 
9 
430 449 493 494 495 1044 1183 1184 1365 
3 
498 499 500 
3 
497 499 500 
3 
497 498 500 
4 
497 498 499 1266 
5 
502 503 504 1169 1172 
7 
501 503 504 1169 1170 1171 1172 
5 
501 502 504 1171 1172 
4 
501 502 503 1172 
3 
506 507 508 
3 
505 507 508 
3 
505 506 508 
3 
505 506 507 
5 
510 511 512 629 632 
9 
169 509 511 512 629 630 631 632 1104 
7 
169 172 509 510 512 631 632 
4 
509 510 511 632 
5 
514 515 516 619 1872 
4 
513 515 516 1871 
3 
513 514 516 
3 
513 514 515 
3 
518 519 520 
3 
517 519 520 
3 
517 518 520 
4 
517 518 519 786 
5 
522 523 524 1081 1082 
4 
521 523 524 1082 
5 
521 522 524 1082 1083 
7 
521 522 523 1081 1082 1083 1084 
5 
526 527 528 1581 1584 
7 
525 527 528 1581 1582 1583 1584 
5 
525 526 528 1583 1584 
4 
525 526 527 1584 
5 
530 531 532 1333 1334 
4 
529 531 532 1334 
5 
529 530 532 1334 1335 
7 
529 530 531 1333 1334 1335 1336 
3 
534 535 536 
3 
533 535 536 
3 
533 534 536 
3 
533 534 535 
8 
390 538 539 540 1901 1902 1903 1904 
5 
537 539 540 1902 1903 
4 
537 538 540 1903 
6 
391 537 538 539 1903 1904 
13 
127 128 416 542 543 544 1046 1047 1253 1254 1255 1256 1549 
12 
127 415 416 541 543 544 845 1173 1254 1255 1549 1550 
12 
541 542 544 845 848 1173 1176 1255 1549 1550 1551 1552 
8 
541 542 543 1047 1255 1256 1549 1552 
4 
546 547 548 759 
5 
545 547 548 1177 1629 
6 
545 546 548 1180 1629 1632 
3 
545 546 547 
6 
550 551 552 1590 1733 1734 
4 
549 551 552 1734 
5 
549 550 552 1734 1735 
9 
549 550 551 1590 1591 1733 1734 1735 1736 
3 
554 555 556 
3 
553 555 556 
3 
553 554 556 
4 
553 554 555 1882 
6 
558 559 560 868 1955 1956 
6 
557 559 560 867 868 1955 
3 
557 558 560 
3 
557 558 559 
7 
562 563 564 917 918 1018 1019 
4 
561 563 564 918 
6 
561 562 564 674 918 919 
10 
561 562 563 673 674 917 918 919 920 1019 
4 
566 567 568 957 
7 
565 567 568 569 572 957 958 
9 
565 566 568 572 957 958 959 960 1685 
5 
565 566 567 957 960 
5 
566 570 571 572 958 
4 
569 571 572 761 
6 
569 570 572 761 764 1686 
9 
566 567 569 570 571 958 959 1685 1686 
4 
574 575 576 828 
5 
573 575 576 827 828 
3 
573 574 576 
3 
573 574 575 
3 
578 579 580 
5 
217 220 577 579 580 
4 
220 577 578 580 
3 
577 578 579 
6 
241 244 582 583 584 708 
9 
241 242 243 244 581 583 584 707 708 
5 
243 244 581 582 584 
4 
244 581 582 583 
3 
586 587 588 
3 
585 587 588 
4 
585 586 588 1886 
5 
585 586 587 1885 1886 
3 
590 591 592 
3 
589 591 592 
4 
589 590 592 1970 
5 
589 590 591 1969 1970 
4 
594 595 596 1732 
6 
593 595 596 1731 1732 1912 
3 
593 594 596 
3 
593 594 595 
4 
598 599 600 812 
8 
249 252 597 599 600 811 812 1545 
6 
252 597 598 600 1545 1548 
3 
597 598 599 
5 
602 603 604 1353 1356 
9 
601 603 604 1053 1056 1353 1354 1355 1356 
7 
338 601 602 604 1056 1355 1356 
6 
337 338 601 602 603 1356 
3 
606 607 608 
5 
297 300 605 607 608 
5 
300 605 606 608 1382 
6 
605 606 607 858 1381 1382 
4 
610 611 612 1342 
3 
609 611 612 
4 
366 609 610 612 
7 
365 366 609 610 611 1342 1343 
3 
614 615 616 
5 
613 615 616 1213 1216 
7 
613 614 616 1216 1393 1394 1826 
7 
613 614 615 798 1393 1825 1826 
5 
618 619 620 1397 1398 
5 
617 619 620 1398 1869 
8 
513 617 618 620 1398 1399 1869 1872 
7 
617 618 619 1397 1398 1399 1400 
3 
622 623 624 
5 
621 623 624 701 704 
4 
621 622 624 704 
3 
621 622 623 
6 
626 627 628 854 1050 1051 
4 
625 627 628 1756 
3 
625 626 628 
7 
22 625 626 627 854 855 1051 
8 
169 509 510 630 631 632 1101 1104 
12 
169 170 510 629 631 632 941 944 1101 1102 1103 1104 
12 
169 170 171 172 510 511 629 630 632 944 1103 1104 
10 
169 172 509 510 511 512 629 630 631 1104 
4 
634 635 636 1906 
5 
633 635 636 1741 1744 
4 
633 634 636 1744 
5 
633 634 635 1906 1907 
4 
638 639 640 1425 
5 
637 639 640 1425 1426 
7 
637 638 640 1425 1426 1427 1428 
5 
637 638 639 1425 1428 
4 
414 642 643 644 
3 
641 643 644 
3 
641 642 644 
5 
414 415 641 642 643 
4 
646 647 648 1298 
4 
645 647 648 1577 
7 
253 254 645 646 648 1577 1580 
6 
253 645 646 647 1298 1299 
5 
650 651 652 1925 1926 
4 
649 651 652 1926 
5 
649 650 652 1926 1927 
7 
649 650 651 1925 1926 1927 1928 
4 
246 654 655 656 
5 
653 655 656 1377 1380 
4 
653 654 656 1380 
6 
238 246 247 653 654 655 
5 
658 659 660 1745 1748 
8 
152 657 659 660 1745 1746 1747 1748 
5 
657 658 660 1747 1748 
5 
657 658 659 1722 1748 
3 
662 663 664 
3 
661 663 664 
3 
661 662 664 
3 
661 662 663 
5 
666 667 668 835 836 
5 
665 667 668 760 835 
4 
665 666 668 1122 
5 
665 666 667 1121 1122 
5 
670 671 672 1993 1994 
4 
669 671 672 1994 
5 
669 670 672 1994 1995 
7 
669 670 671 1993 1994 1995 1996 
9 
564 674 675 676 917 920 1019 1020 1194 
10 
563 564 673 675 676 917 918 919 920 1019 
5 
673 674 676 919 920 
6 
673 674 675 920 1194 1195 
7 
369 370 371 372 678 679 680 
6 
57 370 371 677 679 680 
6 
57 60 371 677 678 680 
6 
371 372 677 678 679 1486 
12 
215 682 683 684 1313 1314 1315 1316 1433 1434 1435 1436 
7 
681 683 684 1314 1315 1434 1435 
5 
681 682 684 1315 1435 
7 
681 682 683 1315 1316 1435 1436 
3 
686 687 688 
4 
685 687 688 1788 
3 
685 686 688 
3 
685 686 687 
6 
690 691 692 1610 1851 1852 
7 
689 691 692 905 908 1692 1851 
4 
689 690 692 908 
5 
689 690 691 1610 1611 
3 
694 695 696 
4 
693 695 696 1397 
5 
693 694 696 1397 1400 
3 
693 694 695 
6 
188 698 699 700 929 932 
9 
187 188 697 699 700 929 930 931 932 
7 
697 698 700 869 870 931 932 
5 
697 698 699 869 932 
5 
357 622 702 703 704 
6 
205 357 358 701 703 704 
9 
205 208 357 358 359 360 701 702 704 
7 
357 360 622 623 701 702 703 
8 
168 706 707 708 1205 1206 1207 1208 
7 
167 168 705 707 708 1206 1207 
7 
241 242 582 705 706 708 1207 
8 
241 581 582 705 706 707 1207 1208 
6 
710 711 712 802 1762 1763 
3 
709 711 712 
6 
133 134 406 709 710 712 
9 
133 405 406 709 710 711 802 803 1763 
4 
714 715 716 1917 
5 
713 715 716 1917 1918 
8 
481 713 714 716 1917 1918 1919 1920 
5 
713 714 715 1917 1920 
12 
718 719 720 1185 1186 1187 1188 1229 1637 1638 1639 1640 
9 
717 719 720 1186 1187 1229 1230 1638 1639 
9 
717 718 720 1187 1229 1230 1231 1232 1639 
9 
717 718 719 1187 1188 1229 1232 1639 1640 
5 
209 210 722 723 724 
4 
210 721 723 724 
7 
178 210 211 425 721 722 724 
9 
177 178 209 210 211 212 721 722 723 
6 
726 727 728 985 986 1867 
4 
725 727 728 986 
5 
725 726 728 986 987 
8 
142 725 726 727 985 986 987 988 
3 
730 731 732 
5 
729 731 732 1321 1324 
4 
729 730 732 1324 
3 
729 730 731 
7 
734 735 736 837 838 1441 1444 
8 
733 735 736 838 1441 1442 1443 1444 
7 
733 734 736 838 839 1443 1444 
8 
733 734 735 837 838 839 840 1444 
5 
738 739 740 1495 1496 
6 
377 380 737 739 740 1495 
5 
380 737 738 740 1286 
5 
737 738 739 1285 1286 
5 
47 742 743 744 1723 
3 
741 743 744 
3 
741 742 744 
3 
741 742 743 
8 
81 97 98 99 100 746 747 748 
7 
81 82 98 99 745 747 748 
10 
81 82 83 84 99 473 474 745 746 748 
8 
81 84 99 100 473 745 746 747 
5 
750 751 752 831 832 
4 
749 751 752 831 
3 
749 750 752 
4 
749 750 751 1586 
7 
78 79 754 755 756 1446 1447 
3 
753 755 756 
3 
753 754 756 
5 
79 753 754 755 1447 
5 
758 759 760 834 835 
5 
757 759 760 1633 1636 
5 
545 757 758 760 1636 
5 
666 757 758 759 835 
5 
570 571 762 763 764 
3 
761 763 764 
3 
761 762 764 
4 
571 761 762 763 
5 
255 256 766 767 768 
4 
255 765 767 768 
4 
154 765 766 768 
5 
153 154 765 766 767 
5 
440 770 771 772 891 
5 
439 440 769 771 772 
3 
769 770 772 
3 
769 770 771 
6 
136 407 408 774 775 776 
8 
135 136 407 773 775 776 1705 1708 
7 
773 774 776 1181 1429 1430 1708 
4 
773 774 775 1429 
7 
422 423 480 778 779 780 1498 
5 
479 480 777 779 780 
3 
777 778 780 
5 
423 777 778 779 1499 
8 
39 40 782 783 784 885 1203 1808 
8 
39 197 781 783 784 885 886 1807 
9 
197 200 781 782 784 885 886 887 888 
5 
781 782 783 885 888 
5 
786 787 788 1481 1482 
5 
520 785 787 788 1482 
5 
785 786 788 1482 1483 
7 
785 786 787 1481 1482 1483 1484 
8 
318 790 791 792 1502 1503 1655 1656 
4 
789 791 792 1655 
5 
101 102 789 790 792 
7 
101 318 319 789 790 791 1503 
3 
794 795 796 
3 
793 795 796 
3 
793 794 796 
3 
793 794 795 
5 
798 799 800 1825 1828 
8 
616 797 799 800 1825 1826 1827 1828 
5 
797 798 800 1827 1828 
4 
797 798 799 1828 
5 
802 803 804 1763 1764 
7 
405 709 712 801 803 804 1763 
6 
405 408 712 801 802 804 
3 
801 802 803 
3 
806 807 808 
3 
805 807 808 
3 
805 806 808 
3 
805 806 807 
7 
429 430 431 432 810 811 812 
8 
249 430 431 452 809 811 812 1368 
8 
249 252 431 598 809 810 812 1545 
7 
431 432 597 598 809 810 811 
3 
814 815 816 
3 
813 815 816 
3 
813 814 816 
3 
813 814 815 
4 
818 819 820 1836 
6 
817 819 820 1693 1835 1836 
5 
817 818 820 1693 1696 
4 
74 817 818 819 
7 
325 326 327 328 822 823 824 
6 
326 327 821 823 824 1192 
4 
327 821 822 824 
5 
327 328 821 822 823 
5 
826 827 828 1075 1076 
4 
825 827 828 1075 
4 
574 825 826 828 
5 
573 574 825 826 827 
3 
830 831 832 
3 
829 831 832 
5 
749 750 829 830 832 
4 
749 829 830 831 
3 
834 835 836 
4 
757 833 835 836 
7 
665 666 757 760 833 834 836 
4 
665 833 834 835 
6 
733 736 838 839 840 1444 
9 
733 734 735 736 837 839 840 1443 1444 
6 
334 735 736 837 838 840 
6 
333 334 736 837 838 839 
8 
62 842 843 844 1837 1838 1839 1840 
5 
841 843 844 1838 1839 
4 
841 842 844 1839 
9 
62 63 841 842 843 1126 1839 1840 1938 
11 
542 543 846 847 848 1173 1174 1549 1550 1551 1552 
7 
845 847 848 1174 1550 1551 1857 
8 
845 846 848 1174 1175 1551 1857 1860 
10 
543 845 846 847 1173 1174 1175 1176 1551 1552 
3 
850 851 852 
4 
849 851 852 893 
6 
237 849 850 852 893 896 
3 
849 850 851 
5 
854 855 856 1051 1052 
6 
625 628 853 855 856 1051 
7 
22 628 853 854 856 897 898 
6 
21 22 853 854 855 897 
5 
858 859 860 1381 1384 
8 
608 857 859 860 1381 1382 1383 1384 
6 
857 858 860 1383 1384 1965 
6 
138 857 858 859 1346 1384 
5 
862 863 864 871 1914 
3 
861 863 864 
5 
861 862 864 1297 1298 
6 
861 862 863 1297 1914 1915 
5 
866 867 868 1953 1954 
4 
865 867 868 1954 
6 
558 865 866 868 1954 1955 
9 
557 558 865 866 867 1953 1954 1955 1956 
5 
699 700 870 871 872 
4 
699 869 871 872 
5 
861 869 870 872 1914 
5 
869 870 871 1913 1914 
5 
874 875 876 1219 1220 
4 
873 875 876 1219 
3 
873 874 876 
3 
873 874 875 
4 
50 878 879 880 
6 
229 877 879 880 961 1948 
7 
229 232 877 878 880 961 964 
5 
50 51 877 878 879 
5 
882 883 884 1105 1108 
10 
881 883 884 1105 1106 1107 1108 1557 1560 1624 
6 
881 882 884 1107 1108 1560 
4 
881 882 883 1108 
11 
39 40 781 782 783 784 886 887 888 1807 1808 
9 
39 197 782 783 885 887 888 1120 1807 
6 
197 200 783 885 886 888 
5 
783 784 885 886 887 
5 
890 891 892 1817 1820 
7 
889 891 892 1817 1818 1819 1820 
7 
437 769 889 890 892 1819 1820 
4 
889 890 891 1820 
7 
245 248 850 851 894 895 896 
7 
245 246 247 248 893 895 896 
7 
237 238 247 248 893 894 896 
6 
237 248 851 893 894 895 
9 
21 22 23 24 855 856 898 899 900 
6 
22 23 855 897 899 900 
4 
23 897 898 900 
5 
23 24 897 898 899 
3 
902 903 904 
3 
901 903 904 
4 
901 902 904 1833 
3 
901 902 903 
11 
690 906 907 908 1392 1689 1690 1691 1692 1850 1851 
7 
905 907 908 1391 1392 1690 1691 
5 
905 906 908 1681 1691 
8 
690 691 905 906 907 1691 1692 1851 
7 
910 911 912 1261 1453 1809 1812 
11 
909 911 912 1261 1262 1453 1454 1809 1810 1811 1812 
11 
909 910 912 1263 1264 1453 1454 1455 1456 1811 1812 
7 
909 910 911 1264 1453 1456 1812 
3 
914 915 916 
3 
913 915 916 
3 
913 914 916 
3 
913 914 915 
9 
561 564 673 674 918 919 920 1018 1019 
8 
561 562 563 564 674 917 919 920 
7 
563 564 674 675 917 918 920 
10 
564 673 674 675 676 917 918 919 1019 1194 
8 
922 923 924 1362 1363 1725 1726 1992 
6 
921 923 924 1726 1991 1992 
5 
921 922 924 1726 1727 
9 
921 922 923 1114 1363 1725 1726 1727 1728 
4 
926 927 928 1856 
5 
925 927 928 1855 1856 
3 
925 926 928 
3 
925 926 927 
7 
185 188 697 698 930 931 932 
8 
185 186 187 188 698 929 931 932 
7 
187 188 698 699 929 930 932 
8 
188 697 698 699 700 929 930 931 
6 
934 935 936 1845 1846 1981 
6 
933 935 936 1846 1981 1982 
8 
933 934 936 1847 1981 1982 1983 1984 
7 
933 934 935 1847 1848 1981 1984 
3 
938 939 940 
3 
937 939 940 
3 
937 938 940 
3 
937 938 939 
6 
630 942 943 944 1101 1102 
4 
941 943 944 1102 
6 
170 941 942 944 1102 1103 
11 
169 170 630 631 941 942 943 1101 1102 1103 1104 
3 
946 947 948 
4 
945 947 948 1677 
5 
945 946 948 1677 1680 
3 
945 946 947 
12 
115 950 951 952 1097 1098 1605 1606 1607 1608 1873 1874 
7 
949 951 952 1098 1606 1607 1874 
8 
949 950 952 1098 1099 1607 1874 1875 
13 
949 950 951 1097 1098 1099 1100 1607 1608 1873 1874 1875 1876 
5 
180 212 954 955 956 
7 
179 180 211 212 953 955 956 
3 
953 954 956 
3 
953 954 955 
8 
565 566 567 568 958 959 960 1685 
9 
566 567 569 572 957 959 960 1685 1686 
10 
567 572 957 958 960 1066 1685 1686 1687 1688 
9 
567 568 957 958 959 1065 1066 1685 1688 
10 
229 230 231 232 878 879 962 963 964 1948 
9 
16 230 231 961 963 964 1628 1947 1948 
4 
231 961 962 964 
6 
231 232 879 961 962 963 
4 
966 967 968 1976 
6 
965 967 968 1405 1975 1976 
7 
965 966 968 1270 1302 1405 1408 
7 
965 966 967 1269 1270 1301 1302 
4 
970 971 972 1310 
3 
969 971 972 
3 
969 970 972 
4 
969 970 971 1311 
3 
974 975 976 
4 
448 973 975 976 
6 
38 973 974 976 1805 1806 
7 
37 38 973 974 975 1202 1805 
14 
161 164 273 274 275 276 978 979 980 1209 1210 1211 1212 1559 
12 
161 162 163 164 274 275 320 977 979 980 1210 1211 
7 
163 164 275 977 978 980 1211 
9 
164 275 276 977 978 979 1211 1212 1446 
6 
982 983 984 1025 1026 1712 
6 
981 983 984 1026 1711 1712 
5 
981 982 984 1026 1027 
7 
981 982 983 1025 1026 1027 1028 
5 
725 728 986 987 988 
7 
725 726 727 728 985 987 988 
6 
142 727 728 985 986 988 
6 
141 142 728 985 986 987 
7 
990 991 992 1063 1235 1245 1928 
8 
989 991 992 1013 1245 1246 1927 1928 
10 
362 989 990 992 1013 1016 1245 1246 1247 1248 
7 
361 362 989 990 991 1245 1248 
8 
261 262 263 264 456 994 995 996 
7 
262 263 455 456 993 995 996 
4 
263 993 994 996 
5 
263 264 993 994 995 
3 
998 999 1000 
3 
997 999 1000 
3 
997 998 1000 
3 
997 998 999 
5 
5 6 1002 1003 1004 
5 
6 1001 1003 1004 1664 
5 
6 7 1001 1002 1004 
7 
5 6 7 8 1001 1002 1003 
5 
1006 1007 1008 1335 1336 
4 
1005 1007 1008 1335 
4 
1005 1006 1008 1222 
5 
1005 1006 1007 1221 1222 
3 
1010 1011 1012 
3 
1009 1011 1012 
3 
1009 1010 1012 
3 
1009 1010 1011 
10 
990 991 1014 1015 1016 1137 1245 1246 1247 1248 
8 
1013 1015 1016 1137 1138 1246 1247 1937 
10 
1013 1014 1016 1125 1139 1140 1225 1247 1937 1940 
7 
991 1013 1014 1015 1140 1247 1248 
3 
1018 1019 1020 
5 
561 917 1017 1019 1020 
9 
561 564 673 674 917 920 1017 1018 1020 
4 
673 1017 1018 1019 
4 
283 1022 1023 1024 
3 
1021 1023 1024 
3 
1021 1022 1024 
3 
1021 1022 1023 
6 
981 984 1026 1027 1028 1198 
8 
981 982 983 984 1025 1027 1028 1712 
5 
983 984 1025 1026 1028 
6 
984 1025 1026 1027 1198 1199 
12 
121 124 1030 1031 1032 1086 1574 1575 1701 1704 1997 2000 
16 
121 122 123 124 1029 1031 1032 1228 1701 1702 1703 1704 1997 1998 1999 2000 
9 
123 124 1029 1030 1032 1703 1704 1999 2000 
9 
124 1029 1030 1031 1086 1087 1575 1704 2000 
3 
1034 1035 1036 
5 
1033 1035 1036 1969 1972 
5 
1033 1034 1036 1037 1972 
3 
1033 1034 1035 
4 
1035 1038 1039 1040 
3 
1037 1039 1040 
3 
1037 1038 1040 
3 
1037 1038 1039 
7 
493 494 1042 1043 1044 1182 1183 
4 
494 1041 1043 1044 
7 
450 494 495 1041 1042 1044 1366 
12 
449 450 493 494 495 496 1041 1042 1043 1183 1365 1366 
7 
125 128 1046 1047 1048 1253 1924 
13 
125 126 127 128 416 541 1045 1047 1048 1253 1254 1923 1924 
11 
127 128 541 544 1045 1046 1048 1253 1254 1255 1256 
6 
128 1045 1046 1047 1253 1256 
3 
1050 1051 1052 
4 
625 1049 1051 1052 
7 
625 628 853 854 1049 1050 1052 
4 
853 1049 1050 1051 
6 
602 1054 1055 1056 1353 1354 
4 
1053 1055 1056 1354 
5 
1053 1054 1056 1354 1355 
9 
602 603 1053 1054 1055 1353 1354 1355 1356 
3 
1058 1059 1060 
4 
1057 1059 1060 1260 
3 
1057 1058 1060 
3 
1057 1058 1059 
5 
1062 1063 1064 1233 1234 
4 
1061 1063 1064 1234 
6 
989 1061 1062 1064 1234 1235 
7 
1061 1062 1063 1233 1234 1235 1236 
4 
960 1066 1067 1068 
7 
959 960 1065 1067 1068 1685 1688 
4 
1065 1066 1068 1688 
3 
1065 1066 1067 
4 
1070 1071 1072 1663 
4 
261 1069 1071 1072 
5 
261 264 1069 1070 1072 
3 
1069 1070 1071 
4 
243 1074 1075 1076 
3 
1073 1075 1076 
5 
825 826 1073 1074 1076 
4 
825 1073 1074 1075 
3 
1078 1079 1080 
3 
1077 1079 1080 
3 
1077 1078 1080 
3 
1077 1078 1079 
5 
521 524 1082 1083 1084 
7 
521 522 523 524 1081 1083 1084 
5 
523 524 1081 1082 1084 
4 
524 1081 1082 1083 
5 
1086 1087 1088 1575 1576 
9 
124 1029 1032 1085 1087 1088 1575 1704 2000 
4 
1032 1085 1086 1088 
3 
1085 1086 1087 
3 
1090 1091 1092 
3 
1089 1091 1092 
3 
1089 1090 1092 
3 
1089 1090 1091 
3 
1094 1095 1096 
4 
1093 1095 1096 1561 
5 
1093 1094 1096 1561 1564 
3 
1093 1094 1095 
8 
949 952 1098 1099 1100 1605 1608 1873 
13 
949 950 951 952 1097 1099 1100 1605 1606 1607 1608 1873 1874 
11 
951 952 1097 1098 1100 1607 1608 1873 1874 1875 1876 
8 
110 952 1097 1098 1099 1608 1873 1876 
7 
629 630 941 944 1102 1103 1104 
8 
630 941 942 943 944 1101 1103 1104 
8 
170 630 631 943 944 1101 1102 1104 
11 
169 170 510 629 630 631 632 944 1101 1102 1103 
5 
881 882 1106 1107 1108 
7 
882 1105 1107 1108 1557 1560 1624 
6 
882 883 1105 1106 1108 1560 
7 
881 882 883 884 1105 1106 1107 
7 
315 316 1110 1111 1112 1697 1698 
5 
315 1109 1111 1112 1698 
5 
1109 1110 1112 1698 1699 
7 
1109 1110 1111 1697 1698 1699 1700 
8 
1114 1115 1116 1363 1364 1725 1728 1766 
9 
924 1113 1115 1116 1363 1725 1726 1727 1728 
6 
166 1113 1114 1116 1727 1728 
8 
165 166 1113 1114 1115 1728 1766 1767 
3 
1118 1119 1120 
3 
1117 1119 1120 
4 
198 1117 1118 1120 
6 
197 198 886 1117 1118 1119 
4 
668 1122 1123 1124 
5 
667 668 1121 1123 1124 
3 
1121 1122 1124 
3 
1121 1122 1123 
12 
64 1015 1126 1127 1128 1139 1225 1226 1937 1938 1939 1940 
9 
63 64 844 1125 1127 1128 1226 1938 1939 
6 
1125 1126 1128 1226 1227 1939 
12 
122 1125 1126 1127 1225 1226 1227 1228 1702 1939 1940 1998 
6 
160 486 1130 1131 1132 1538 
6 
159 160 1129 1131 1132 1520 
3 
1129 1130 1132 
6 
486 487 1129 1130 1131 1539 
5 
181 182 1134 1135 1136 
4 
182 1133 1135 1136 
5 
182 183 1133 1134 1136 
7 
181 182 183 184 1133 1134 1135 
8 
1013 1014 1138 1139 1140 1246 1247 1937 
7 
61 1014 1137 1139 1140 1937 1938 
13 
61 64 1015 1125 1137 1138 1140 1225 1226 1937 1938 1939 1940 
9 
1015 1016 1137 1138 1139 1225 1247 1937 1940 
5 
1142 1143 1144 1893 1894 
4 
1141 1143 1144 1894 
6 
1141 1142 1144 1193 1894 1895 
7 
1141 1142 1143 1893 1894 1895 1896 
3 
1146 1147 1148 
4 
1145 1147 1148 1317 
7 
1145 1146 1148 1317 1320 1785 1786 
4 
1145 1146 1147 1785 
3 
1150 1151 1152 
3 
1149 1151 1152 
3 
1149 1150 1152 
3 
1149 1150 1151 
3 
1154 1155 1156 
3 
1153 1155 1156 
3 
1153 1154 1156 
3 
1153 1154 1155 
3 
1158 1159 1160 
6 
216 1157 1159 1160 1316 1436 
3 
1157 1158 1160 
3 
1157 1158 1159 
4 
1162 1163 1164 1452 
5 
1161 1163 1164 1451 1452 
4 
1161 1162 1164 1890 
5 
1161 1162 1163 1889 1890 
3 
1166 1167 1168 
3 
1165 1167 1168 
3 
1165 1166 1168 
3 
1165 1166 1167 
5 
501 502 1170 1171 1172 
4 
502 1169 1171 1172 
5 
502 503 1169 1170 1172 
7 
501 502 503 504 1169 1170 1171 
11 
542 543 845 848 1174 1175 1176 1549 1550 1551 1552 
9 
845 846 847 848 1173 1175 1176 1550 1551 
6 
847 848 1173 1174 1176 1551 
7 
543 848 1173 1174 1175 1551 1552 
5 
546 1178 1179 1180 1629 
6 
1177 1179 1180 1629 1630 1844 
7 
1177 1178 1180 1629 1630 1631 1632 
6 
547 1177 1178 1179 1629 1632 
10 
146 493 775 1182 1183 1184 1430 1431 1707 1708 
7 
493 494 1041 1181 1183 1184 1707 
9 
493 494 495 496 1041 1044 1181 1182 1184 
8 
146 147 493 496 1181 1182 1183 1431 
6 
163 717 1186 1187 1188 1637 
7 
717 718 1185 1187 1188 1637 1638 
11 
717 718 719 720 1185 1186 1188 1229 1230 1639 1640 
7 
717 720 1185 1186 1187 1229 1640 
3 
1190 1191 1192 
4 
1189 1191 1192 1464 
3 
1189 1190 1192 
5 
326 822 1189 1190 1191 
4 
1143 1194 1195 1196 
6 
673 676 920 1193 1195 1196 
6 
105 106 676 1193 1194 1196 
4 
105 1193 1194 1195 
3 
1198 1199 1200 
5 
1025 1028 1197 1199 1200 
4 
1028 1197 1198 1200 
3 
1197 1198 1199 
4 
37 1202 1203 1204 
7 
37 38 976 1201 1203 1204 1805 
10 
37 38 39 40 781 1201 1202 1204 1805 1808 
5 
37 40 1201 1202 1203 
8 
165 168 705 1206 1207 1208 1767 1768 
10 
165 166 167 168 705 706 1205 1207 1208 1767 
9 
167 168 705 706 707 708 1205 1206 1208 
6 
168 705 708 1205 1206 1207 
12 
20 161 273 274 977 1210 1211 1212 1558 1559 1623 1676 
14 
19 20 161 162 274 317 320 977 978 1209 1211 1212 1675 1676 
13 
161 162 163 164 275 320 977 978 979 980 1209 1210 1212 
10 
161 164 275 276 977 980 1209 1210 1211 1559 
4 
614 1214 1215 1216 
4 
372 1213 1215 1216 
4 
1213 1214 1216 1485 
6 
614 615 1213 1214 1215 1826 
3 
1218 1219 1220 
5 
433 436 1217 1219 1220 
6 
436 873 874 1217 1218 1220 
4 
873 1217 1218 1219 
4 
1008 1222 1223 1224 
5 
1007 1008 1221 1223 1224 
3 
1221 1222 1224 
3 
1221 1222 1223 
15 
64 122 1015 1125 1128 1139 1140 1226 1227 1228 1702 1937 1938 1939 1940 
12 
63 64 1125 1126 1127 1128 1139 1225 1227 1228 1938 1939 
6 
1127 1128 1225 1226 1228 1939 
12 
122 123 1030 1128 1225 1226 1227 1702 1703 1939 1940 1998 
11 
717 718 719 720 1187 1188 1230 1231 1232 1639 1640 
7 
718 719 1187 1229 1231 1232 1639 
4 
719 1229 1230 1232 
5 
719 720 1229 1230 1231 
5 
1061 1064 1234 1235 1236 
7 
1061 1062 1063 1064 1233 1235 1236 
6 
989 1063 1064 1233 1234 1236 
4 
1064 1233 1234 1235 
3 
1238 1239 1240 
3 
1237 1239 1240 
4 
209 1237 1238 1240 
3 
1237 1238 1239 
3 
1242 1243 1244 
3 
1241 1243 1244 
5 
1241 1242 1244 1849 1850 
4 
1241 1242 1243 1849 
8 
989 990 991 992 1013 1246 1247 1248 
8 
990 991 1013 1014 1137 1245 1247 1248 
10 
991 1013 1014 1015 1016 1137 1140 1245 1246 1248 
8 
362 991 992 1013 1016 1245 1246 1247 
4 
335 1250 1251 1252 
3 
1249 1251 1252 
3 
1249 1250 1252 
3 
1249 1250 1251 
9 
128 541 1045 1046 1047 1048 1254 1255 1256 
11 
127 128 416 541 542 1046 1047 1253 1255 1256 1549 
10 
541 542 543 544 1047 1253 1254 1256 1549 1552 
7 
541 544 1047 1048 1253 1254 1255 
3 
1258 1259 1260 
3 
1257 1259 1260 
5 
221 222 1257 1258 1260 
5 
221 1058 1257 1258 1259 
11 
909 910 1262 1263 1264 1453 1454 1809 1810 1811 1812 
7 
910 1261 1263 1264 1454 1810 1811 
7 
911 1261 1262 1264 1454 1455 1811 
11 
911 912 1261 1262 1263 1453 1454 1455 1456 1811 1812 
3 
1266 1267 1268 
4 
500 1265 1267 1268 
3 
1265 1266 1268 
3 
1265 1266 1267 
7 
968 1270 1271 1272 1291 1301 1963 
7 
967 968 1269 1271 1272 1301 1302 
7 
1269 1270 1272 1301 1302 1303 1304 
5 
1269 1270 1271 1301 1304 
3 
1274 1275 1276 
3 
1273 1275 1276 
4 
478 1273 1274 1276 
5 
477 478 1273 1274 1275 
6 
1278 1279 1280 1521 1524 1830 
7 
1277 1279 1280 1521 1522 1523 1524 
5 
1277 1278 1280 1523 1524 
6 
1277 1278 1279 1524 1830 1831 
4 
426 1282 1283 1284 
3 
1281 1283 1284 
3 
1281 1282 1284 
5 
426 427 1281 1282 1283 
5 
303 740 1286 1287 1288 
5 
739 740 1285 1287 1288 
5 
113 114 1285 1286 1288 
4 
113 1285 1286 1287 
4 
1290 1291 1292 1961 
5 
1289 1291 1292 1961 1962 
9 
1269 1289 1290 1292 1374 1961 1962 1963 1964 
8 
206 1289 1290 1291 1373 1374 1961 1964 
3 
1294 1295 1296 
3 
1293 1295 1296 
3 
1293 1294 1296 
3 
1293 1294 1295 
5 
863 864 1298 1299 1300 
6 
645 648 863 1297 1299 1300 
5 
253 648 1297 1298 1300 
3 
1297 1298 1299 
8 
968 1269 1270 1271 1272 1302 1303 1304 
8 
967 968 1270 1271 1301 1303 1304 1408 
4 
1271 1301 1302 1304 
5 
1271 1272 1301 1302 1303 
6 
45 1306 1307 1308 1721 1724 
9 
45 46 1305 1307 1308 1721 1722 1723 1724 
9 
45 46 47 48 1305 1306 1308 1723 1724 
6 
45 48 1305 1306 1307 1724 
4 
1310 1311 1312 1322 
4 
969 1309 1311 1312 
4 
972 1309 1310 1312 
5 
1309 1310 1311 1322 1323 
9 
213 214 215 216 681 1314 1315 1316 1433 
9 
214 215 681 682 1313 1315 1316 1433 1434 
12 
215 681 682 683 684 1313 1314 1316 1433 1434 1435 1436 
10 
215 216 681 684 1158 1313 1314 1315 1433 1436 
7 
1146 1147 1318 1319 1320 1785 1786 
4 
1317 1319 1320 1786 
5 
1317 1318 1320 1786 1787 
8 
1147 1317 1318 1319 1785 1786 1787 1788 
4 
730 1322 1323 1324 
5 
1309 1312 1321 1323 1324 
4 
1312 1321 1322 1324 
5 
730 731 1321 1322 1323 
9 
1326 1327 1328 1415 1457 1458 1459 1460 1533 
7 
1325 1327 1328 1458 1459 1533 1534 
8 
1325 1326 1328 1459 1533 1534 1535 1536 
7 
1325 1326 1327 1459 1460 1533 1536 
5 
1330 1331 1332 1403 1404 
6 
140 1329 1331 1332 1348 1403 
3 
1329 1330 1332 
3 
1329 1330 1331 
5 
529 532 1334 1335 1336 
7 
529 530 531 532 1333 1335 1336 
7 
531 532 1005 1006 1333 1334 1336 
5 
532 1005 1333 1334 1335 
10 
1338 1339 1340 1612 1645 1646 1647 1648 1813 1814 
8 
1337 1339 1340 1611 1612 1646 1647 1814 
5 
1337 1338 1340 1647 1815 
7 
1337 1338 1339 1647 1648 1815 1816 
3 
1342 1343 1344 
5 
609 612 1341 1343 1344 
6 
365 366 612 1341 1342 1344 
4 
365 1341 1342 1343 
5 
137 1346 1347 1348 1402 
6 
137 138 860 1345 1347 1348 
7 
137 138 139 140 1345 1346 1348 
7 
137 140 1330 1345 1346 1347 1403 
3 
1350 1351 1352 
3 
1349 1351 1352 
3 
1349 1350 1352 
3 
1349 1350 1351 
7 
601 602 1053 1056 1354 1355 1356 
8 
602 1053 1054 1055 1056 1353 1355 1356 
7 
602 603 1055 1056 1353 1354 1356 
9 
338 601 602 603 604 1056 1353 1354 1355 
3 
1358 1359 1360 
3 
1357 1359 1360 
3 
1357 1358 1360 
3 
1357 1358 1359 
5 
444 1362 1363 1364 1725 
8 
443 444 921 1361 1363 1364 1725 1726 
11 
921 924 1113 1114 1361 1362 1364 1725 1726 1727 1728 
6 
1113 1361 1362 1363 1725 1728 
8 
449 450 495 496 1044 1366 1367 1368 
7 
450 495 1043 1044 1365 1367 1368 
5 
250 451 1365 1366 1368 
8 
249 250 451 452 810 1365 1366 1367 
3 
1370 1371 1372 
5 
89 92 1369 1371 1372 
4 
92 1369 1370 1372 
3 
1369 1370 1371 
6 
206 207 1292 1374 1375 1376 
6 
1291 1292 1373 1375 1376 1964 
3 
1373 1374 1376 
4 
207 1373 1374 1375 
6 
654 1378 1379 1380 1591 1592 
4 
1377 1379 1380 1591 
3 
1377 1378 1380 
5 
654 655 1377 1378 1379 
6 
608 857 858 1382 1383 1384 
6 
607 608 858 1381 1383 1384 
7 
858 859 1381 1382 1384 1965 1966 
8 
857 858 859 860 1381 1382 1383 1965 
5 
349 352 1386 1387 1388 
7 
349 350 351 352 1385 1387 1388 
5 
351 352 1385 1386 1388 
4 
352 1385 1386 1387 
6 
1390 1391 1392 1690 1907 1908 
4 
1389 1391 1392 1907 
4 
906 1389 1390 1392 
7 
905 906 1389 1390 1391 1690 1691 
7 
615 616 1394 1395 1396 1826 1827 
5 
615 1393 1395 1396 1488 
3 
1393 1394 1396 
4 
1393 1394 1395 1827 
7 
617 620 694 695 1398 1399 1400 
7 
617 618 619 620 1397 1399 1400 
5 
619 620 1397 1398 1400 
5 
620 695 1397 1398 1399 
3 
1402 1403 1404 
5 
137 1345 1401 1403 1404 
8 
137 140 1329 1330 1348 1401 1402 1404 
4 
1329 1401 1402 1403 
6 
966 967 1406 1407 1408 1975 
3 
1405 1407 1408 
3 
1405 1406 1408 
5 
967 1302 1405 1406 1407 
3 
1410 1411 1412 
3 
1409 1411 1412 
7 
69 70 1409 1410 1412 1897 1898 
5 
69 1409 1410 1411 1897 
4 
1414 1415 1416 1457 
5 
1413 1415 1416 1457 1458 
9 
1325 1413 1414 1416 1457 1458 1459 1460 1533 
5 
1413 1414 1415 1457 1460 
5 
1418 1419 1420 1770 1988 
5 
1417 1419 1420 1987 1988 
3 
1417 1418 1420 
4 
1417 1418 1419 1771 
7 
233 234 235 236 1422 1423 1424 
5 
234 235 1421 1423 1424 
5 
189 235 1421 1422 1424 
5 
235 236 1421 1422 1423 
7 
637 638 639 640 1426 1427 1428 
5 
638 639 1425 1427 1428 
4 
639 1425 1426 1428 
5 
639 640 1425 1426 1427 
7 
145 775 776 1430 1431 1432 1708 
9 
145 146 775 1181 1429 1431 1432 1707 1708 
9 
145 146 147 148 1181 1184 1429 1430 1432 
5 
145 148 1429 1430 1431 
12 
213 214 215 216 681 1313 1314 1315 1316 1434 1435 1436 
9 
214 215 681 682 1314 1315 1433 1435 1436 
9 
215 681 682 683 684 1315 1433 1434 1436 
10 
215 216 681 684 1158 1315 1316 1433 1434 1435 
9 
1438 1439 1440 1649 1650 1651 1652 1942 1943 
5 
1437 1439 1440 1650 1651 
4 
1437 1438 1440 1651 
6 
1437 1438 1439 1651 1652 1943 
5 
733 734 1442 1443 1444 
4 
734 1441 1443 1444 
6 
734 735 838 1441 1442 1444 
9 
733 734 735 736 837 838 1441 1442 1443 
4 
77 1446 1447 1448 
7 
77 78 753 980 1445 1447 1448 
9 
77 78 79 80 753 756 1445 1446 1448 
5 
77 80 1445 1446 1447 
3 
1450 1451 1452 
5 
1449 1451 1452 1829 1832 
5 
1162 1449 1450 1452 1832 
5 
1161 1162 1449 1450 1451 
11 
909 910 911 912 1261 1264 1454 1455 1456 1809 1812 
13 
910 911 1261 1262 1263 1264 1453 1455 1456 1809 1810 1811 1812 
10 
911 1263 1264 1453 1454 1456 1773 1774 1811 1812 
8 
911 912 1264 1453 1454 1455 1773 1812 
8 
1325 1413 1414 1415 1416 1458 1459 1460 
7 
1325 1326 1414 1415 1457 1459 1460 
9 
1325 1326 1327 1328 1415 1457 1458 1460 1533 
7 
1325 1328 1415 1416 1457 1458 1459 
3 
1462 1463 1464 
4 
1461 1463 1464 1824 
3 
1461 1462 1464 
4 
1190 1461 1462 1463 
3 
1466 1467 1468 
3 
1465 1467 1468 
5 
289 290 1465 1466 1468 
4 
289 1465 1466 1467 
3 
1470 1471 1472 
3 
1469 1471 1472 
5 
1469 1470 1472 1841 1842 
4 
1469 1470 1471 1841 
3 
1474 1475 1476 
3 
1473 1475 1476 
6 
306 1473 1474 1476 1977 1978 
6 
305 306 1473 1474 1475 1977 
4 
1478 1479 1480 1743 
3 
1477 1479 1480 
3 
1477 1478 1480 
3 
1477 1478 1479 
5 
785 788 1482 1483 1484 
7 
785 786 787 788 1481 1483 1484 
5 
787 788 1481 1482 1484 
4 
788 1481 1482 1483 
4 
1215 1486 1487 1488 
4 
680 1485 1487 1488 
3 
1485 1486 1488 
4 
1394 1485 1486 1487 
3 
1490 1491 1492 
3 
1489 1491 1492 
3 
1489 1490 1492 
4 
434 1489 1490 1491 
3 
1494 1495 1496 
4 
377 1493 1495 1496 
7 
377 380 737 738 1493 1494 1496 
4 
737 1493 1494 1495 
8 
421 422 423 424 1498 1499 1500 1959 
7 
422 423 480 777 1497 1499 1500 
5 
423 780 1497 1498 1500 
5 
423 424 1497 1498 1499 
7 
18 1502 1503 1504 1653 1656 1674 
8 
789 1501 1503 1504 1653 1654 1655 1656 
10 
101 317 318 789 792 1501 1502 1504 1655 1656 
9 
18 19 317 1501 1502 1503 1656 1674 1675 
5 
59 60 1506 1507 1508 
4 
59 1505 1507 1508 
4 
1505 1506 1508 1753 
3 
1505 1506 1507 
3 
1510 1511 1512 
7 
269 272 1509 1511 1512 1541 1544 
5 
272 1509 1510 1512 1544 
3 
1509 1510 1511 
3 
1514 1515 1516 
3 
1513 1515 1516 
3 
1513 1514 1516 
3 
1513 1514 1515 
5 
157 158 1518 1519 1520 
4 
158 1517 1519 1520 
4 
159 1517 1518 1520 
6 
159 160 1130 1517 1518 1519 
5 
1277 1278 1522 1523 1524 
4 
1278 1521 1523 1524 
5 
1278 1279 1521 1522 1524 
8 
1277 1278 1279 1280 1521 1522 1523 1830 
3 
1526 1527 1528 
3 
1525 1527 1528 
3 
1525 1526 1528 
3 
1525 1526 1527 
4 
225 1530 1531 1532 
5 
225 226 1529 1531 1532 
7 
225 226 227 228 1529 1530 1532 
5 
225 228 1529 1530 1531 
9 
1325 1326 1327 1328 1415 1459 1534 1535 1536 
6 
65 1326 1327 1533 1535 1536 
6 
65 68 1327 1533 1534 1536 
5 
1327 1328 1533 1534 1535 
5 
485 486 1538 1539 1540 
6 
160 486 1129 1537 1539 1540 
6 
486 487 1132 1537 1538 1540 
7 
485 486 487 488 1537 1538 1539 
8 
269 270 271 272 1510 1542 1543 1544 
5 
270 271 1541 1543 1544 
5 
271 1541 1542 1544 1789 
7 
271 272 1510 1511 1541 1542 1543 
7 
252 598 599 811 1546 1547 1548 
5 
251 252 1545 1547 1548 
3 
1545 1546 1548 
4 
599 1545 1546 1547 
12 
127 541 542 543 544 845 1173 1254 1255 1550 1551 1552 
9 
542 543 845 846 1173 1174 1549 1551 1552 
12 
543 845 846 847 848 1173 1174 1175 1176 1549 1550 1552 
10 
543 544 845 848 1173 1176 1255 1549 1550 1551 
4 
1554 1555 1556 1673 
7 
17 68 1553 1555 1556 1673 1674 
10 
17 20 1553 1554 1556 1622 1673 1674 1675 1676 
7 
1553 1554 1555 1621 1622 1673 1676 
7 
882 1106 1558 1559 1560 1621 1624 
11 
20 273 1209 1557 1559 1560 1621 1622 1623 1624 1676 
10 
273 276 977 1209 1212 1557 1558 1560 1623 1624 
8 
882 883 1106 1107 1557 1558 1559 1624 
5 
1094 1095 1562 1563 1564 
5 
1561 1563 1564 1845 1848 
4 
1561 1562 1564 1848 
4 
1095 1561 1562 1563 
4 
1566 1567 1568 1644 
5 
1565 1567 1568 1643 1644 
3 
1565 1566 1568 
3 
1565 1566 1567 
3 
1570 1571 1572 
4 
1569 1571 1572 1909 
7 
1569 1570 1572 1729 1730 1909 1912 
4 
1569 1570 1571 1729 
4 
363 1574 1575 1576 
4 
1029 1573 1575 1576 
7 
1029 1032 1085 1086 1573 1574 1576 
4 
1085 1573 1574 1575 
5 
646 647 1578 1579 1580 
3 
1577 1579 1580 
3 
1577 1578 1580 
5 
254 647 1577 1578 1579 
5 
525 526 1582 1583 1584 
4 
526 1581 1583 1584 
5 
526 527 1581 1582 1584 
7 
525 526 527 528 1581 1582 1583 
5 
1586 1587 1588 1754 1755 
4 
752 1585 1587 1588 
3 
1585 1586 1588 
4 
1585 1586 1587 1755 
3 
1590 1591 1592 
7 
549 552 1589 1591 1592 1733 1736 
7 
552 1377 1378 1589 1590 1592 1736 
4 
1377 1589 1590 1591 
3 
1594 1595 1596 
5 
301 304 1593 1595 1596 
4 
304 1593 1594 1596 
3 
1593 1594 1595 
7 
1598 1599 1600 1933 1934 1935 1936 
5 
1597 1599 1600 1934 1935 
4 
1597 1598 1600 1935 
5 
1597 1598 1599 1935 1936 
6 
107 108 117 1602 1603 1604 
6 
107 117 118 1601 1603 1604 
7 
117 118 119 120 1601 1602 1604 
5 
117 120 1601 1602 1603 
8 
115 116 949 1097 1098 1606 1607 1608 
7 
115 949 950 1098 1605 1607 1608 
10 
949 950 951 952 1098 1099 1605 1606 1608 1874 
11 
949 952 1097 1098 1099 1100 1605 1606 1607 1873 1874 
3 
1610 1611 1612 
6 
689 692 1609 1611 1612 1852 
5 
692 1338 1609 1610 1612 
7 
1337 1338 1609 1610 1611 1646 1814 
3 
1614 1615 1616 
5 
1613 1615 1616 1697 1700 
4 
1613 1614 1616 1700 
3 
1613 1614 1615 
3 
1618 1619 1620 
3 
1617 1619 1620 
4 
477 1617 1618 1620 
3 
1617 1618 1619 
6 
1556 1557 1558 1622 1623 1624 
10 
17 20 1555 1556 1558 1621 1623 1624 1673 1676 
9 
20 273 1209 1558 1559 1621 1622 1624 1676 
9 
882 1106 1557 1558 1559 1560 1621 1622 1623 
10 
13 16 230 1626 1627 1628 1945 1946 1947 1948 
9 
13 14 15 16 1625 1627 1628 1946 1947 
6 
15 16 1625 1626 1628 1947 
9 
16 230 231 962 1625 1626 1627 1947 1948 
9 
546 547 1177 1178 1179 1180 1630 1631 1632 
6 
1178 1179 1629 1631 1632 1844 
4 
1179 1629 1630 1632 
6 
547 1179 1180 1629 1630 1631 
4 
758 1634 1635 1636 
3 
1633 1635 1636 
3 
1633 1634 1636 
5 
758 759 1633 1634 1635 
6 
717 1185 1186 1638 1639 1640 
6 
717 718 1186 1637 1639 1640 
10 
717 718 719 720 1187 1229 1230 1637 1638 1640 
8 
717 720 1187 1188 1229 1637 1638 1639 
3 
1642 1643 1644 
3 
1641 1643 1644 
4 
1566 1641 1642 1644 
5 
1565 1566 1641 1642 1643 
6 
1337 1646 1647 1648 1813 1814 
7 
1337 1338 1612 1645 1647 1648 1814 
9 
1337 1338 1339 1340 1645 1646 1648 1814 1815 
9 
1337 1340 1645 1646 1647 1813 1814 1815 1816 
8 
1437 1650 1651 1652 1941 1942 1943 1944 
7 
1437 1438 1649 1651 1652 1942 1943 
8 
1437 1438 1439 1440 1649 1650 1652 1943 
7 
1437 1440 1649 1650 1651 1943 1944 
6 
67 1501 1502 1654 1655 1656 
4 
1502 1653 1655 1656 
7 
789 790 1502 1503 1653 1654 1656 
10 
18 789 1501 1502 1503 1504 1653 1654 1655 1674 
3 
1658 1659 1660 
4 
1657 1659 1660 1893 
6 
86 1657 1658 1660 1714 1896 
7 
85 86 1657 1658 1659 1713 1714 
5 
293 296 1662 1663 1664 
7 
293 294 295 296 1661 1663 1664 
6 
295 296 1069 1661 1662 1664 
5 
296 1002 1661 1662 1663 
3 
1666 1667 1668 
3 
1665 1667 1668 
4 
1665 1666 1668 1718 
5 
1665 1666 1667 1717 1718 
5 
267 268 1670 1671 1672 
4 
267 1669 1671 1672 
3 
1669 1670 1672 
4 
54 1669 1670 1671 
9 
17 1553 1554 1555 1556 1622 1674 1675 1676 
10 
17 18 1501 1504 1554 1555 1656 1673 1675 1676 
10 
19 20 274 317 1210 1504 1555 1673 1674 1676 
13 
20 273 274 1209 1210 1555 1556 1558 1622 1623 1673 1674 1675 
5 
946 947 1678 1679 1680 
3 
1677 1679 1680 
3 
1677 1678 1680 
4 
947 1677 1678 1679 
4 
907 1682 1683 1684 
3 
1681 1683 1684 
3 
1681 1682 1684 
3 
1681 1682 1683 
10 
567 572 957 958 959 960 1066 1686 1687 1688 
7 
571 572 958 959 1685 1687 1688 
4 
959 1685 1686 1688 
7 
959 960 1066 1067 1685 1686 1687 
5 
905 1690 1691 1692 1850 
7 
905 906 1389 1392 1689 1691 1692 
8 
905 906 907 908 1392 1689 1690 1692 
8 
690 905 908 1689 1690 1691 1850 1851 
7 
818 819 1694 1695 1696 1835 1836 
5 
441 1693 1695 1696 1835 
5 
441 444 1693 1694 1696 
4 
819 1693 1694 1695 
6 
1109 1112 1614 1698 1699 1700 
7 
1109 1110 1111 1112 1697 1699 1700 
5 
1111 1112 1697 1698 1700 
6 
1112 1614 1615 1697 1698 1699 
10 
121 122 1029 1030 1702 1703 1704 1940 1997 1998 
11 
122 1030 1128 1225 1228 1701 1703 1704 1939 1940 1998 
10 
122 123 1030 1031 1228 1701 1702 1704 1998 1999 
16 
121 122 123 124 1029 1030 1031 1032 1086 1701 1702 1703 1997 1998 1999 2000 
6 
135 407 774 1706 1707 1708 
3 
1705 1707 1708 
6 
1181 1182 1430 1705 1706 1708 
8 
774 775 1181 1429 1430 1705 1706 1707 
4 
1710 1711 1712 1784 
5 
1709 1711 1712 1783 1784 
4 
982 1709 1710 1712 
6 
981 982 1026 1709 1710 1711 
6 
85 86 1660 1714 1715 1716 
6 
86 1659 1660 1713 1715 1716 
5 
86 87 1713 1714 1716 
7 
85 86 87 88 1713 1714 1715 
4 
1668 1718 1719 1720 
5 
1667 1668 1717 1719 1720 
3 
1717 1718 1720 
3 
1717 1718 1719 
7 
45 46 1305 1306 1722 1723 1724 
6 
46 660 1306 1721 1723 1724 
8 
46 47 741 1306 1307 1721 1722 1724 
11 
45 46 47 48 1305 1306 1307 1308 1721 1722 1723 
11 
921 924 1113 1114 1361 1362 1363 1364 1726 1727 1728 
11 
921 922 923 924 1114 1362 1363 1725 1727 1728 1992 
8 
923 924 1114 1115 1363 1725 1726 1728 
10 
924 1113 1114 1115 1116 1363 1364 1725 1726 1727 
5 
1571 1572 1730 1731 1732 
6 
1571 1729 1731 1732 1909 1912 
5 
594 1729 1730 1732 1912 
5 
593 594 1729 1730 1731 
6 
549 552 1590 1734 1735 1736 
7 
549 550 551 552 1733 1735 1736 
5 
551 552 1733 1734 1736 
6 
552 1590 1591 1733 1734 1735 
4 
381 1738 1739 1740 
5 
381 382 1737 1739 1740 
5 
383 384 1737 1738 1740 
4 
384 1737 1738 1739 
4 
634 1742 1743 1744 
3 
1741 1743 1744 
4 
1477 1741 1742 1744 
5 
634 635 1741 1742 1743 
5 
657 658 1746 1747 1748 
6 
149 152 658 1745 1747 1748 
6 
152 658 659 1745 1746 1748 
7 
657 658 659 660 1745 1746 1747 
3 
1750 1751 1752 
3 
1749 1751 1752 
3 
1749 1750 1752 
3 
1749 1750 1751 
4 
1507 1754 1755 1756 
4 
1585 1753 1755 1756 
5 
1585 1588 1753 1754 1756 
4 
626 1753 1754 1755 
3 
1758 1759 1760 
3 
1757 1759 1760 
3 
1757 1758 1760 
3 
1757 1758 1759 
3 
1762 1763 1764 
4 
709 1761 1763 1764 
8 
405 709 712 801 802 1761 1762 1764 
4 
801 1761 1762 1763 
5 
1766 1767 1768 1854 1855 
6 
165 1113 1116 1765 1767 1768 
8 
165 168 1116 1205 1206 1765 1766 1768 
5 
1205 1765 1766 1767 1855 
3 
1770 1771 1772 
5 
1417 1769 1771 1772 1988 
4 
1420 1769 1770 1772 
3 
1769 1770 1771 
5 
1455 1456 1774 1775 1776 
4 
1455 1773 1775 1776 
3 
1773 1774 1776 
3 
1773 1774 1775 
4 
324 1778 1779 1780 
5 
323 324 1777 1779 1780 
3 
1777 1778 1780 
3 
1777 1778 1779 
3 
1782 1783 1784 
3 
1781 1783 1784 
4 
1710 1781 1782 1784 
5 
1709 1710 1781 1782 1783 
7 
1147 1148 1317 1320 1786 1787 1788 
8 
1147 1317 1318 1319 1320 1785 1787 1788 
5 
1319 1320 1785 1786 1788 
5 
686 1320 1785 1786 1787 
5 
472 1543 1790 1791 1792 
5 
471 472 1789 1791 1792 
3 
1789 1790 1792 
3 
1789 1790 1791 
3 
1794 1795 1796 
3 
1793 1795 1796 
3 
1793 1794 1796 
4 
1793 1794 1795 1974 
3 
1798 1799 1800 
3 
1797 1799 1800 
5 
1797 1798 1800 1861 1862 
4 
1797 1798 1799 1861 
3 
1802 1803 1804 
3 
1801 1803 1804 
4 
270 1801 1802 1804 
5 
269 270 1801 1802 1803 
9 
37 38 975 976 1202 1203 1806 1807 1808 
5 
38 975 1805 1807 1808 
9 
38 39 197 782 885 886 1805 1806 1808 
10 
37 38 39 40 781 885 1203 1805 1806 1807 
8 
909 910 1261 1453 1454 1810 1811 1812 
7 
910 1261 1262 1454 1809 1811 1812 
11 
910 911 1261 1262 1263 1264 1454 1455 1809 1810 1812 
13 
909 910 911 912 1261 1264 1453 1454 1455 1456 1809 1810 1811 
6 
1337 1645 1648 1814 1815 1816 
10 
1337 1338 1612 1645 1646 1647 1648 1813 1815 1816 
7 
1339 1340 1647 1648 1813 1814 1816 
5 
1340 1648 1813 1814 1815 
5 
889 890 1818 1819 1820 
5 
80 890 1817 1819 1820 
7 
437 438 890 891 1817 1818 1820 
8 
437 889 890 891 892 1817 1818 1819 
3 
1822 1823 1824 
3 
1821 1823 1824 
3 
1821 1822 1824 
4 
1462 1821 1822 1823 
6 
616 797 798 1826 1827 1828 
8 
615 616 798 1216 1393 1825 1827 1828 
7 
798 799 1393 1396 1825 1826 1828 
7 
797 798 799 800 1825 1826 1827 
4 
1450 1830 1831 1832 
6 
1277 1280 1524 1829 1831 1832 
4 
1280 1829 1830 1832 
5 
1450 1451 1829 1830 1831 
4 
903 1834 1835 1836 
3 
1833 1835 1836 
6 
818 1693 1694 1833 1834 1836 
6 
817 818 1693 1833 1834 1835 
4 
841 1838 1839 1840 
5 
841 842 1837 1839 1840 
7 
841 842 843 844 1837 1838 1840 
7 
62 841 844 1837 1838 1839 1938 
5 
1471 1472 1842 1843 1844 
4 
1471 1841 1843 1844 
3 
1841 1842 1844 
5 
1178 1630 1841 1842 1843 
6 
933 1562 1846 1847 1848 1981 
7 
933 934 1845 1847 1848 1981 1982 
9 
935 936 1845 1846 1848 1981 1982 1983 1984 
8 
936 1562 1563 1845 1846 1847 1981 1984 
5 
1243 1244 1850 1851 1852 
7 
905 1243 1689 1692 1849 1851 1852 
8 
689 690 905 908 1692 1849 1850 1852 
5 
689 1610 1849 1850 1851 
3 
1854 1855 1856 
4 
1765 1853 1855 1856 
6 
926 1765 1768 1853 1854 1856 
5 
925 926 1853 1854 1855 
5 
846 847 1858 1859 1860 
5 
141 144 1857 1859 1860 
4 
144 1857 1858 1860 
4 
847 1857 1858 1859 
5 
1799 1800 1862 1863 1864 
4 
1799 1861 1863 1864 
3 
1861 1862 1864 
3 
1861 1862 1863 
3 
1866 1867 1868 
3 
1865 1867 1868 
4 
725 1865 1866 1868 
3 
1865 1866 1867 
5 
618 619 1870 1871 1872 
3 
1869 1871 1872 
4 
514 1869 1870 1872 
5 
513 619 1869 1870 1871 
10 
949 952 1097 1098 1099 1100 1608 1874 1875 1876 
11 
949 950 951 952 1098 1099 1607 1608 1873 1875 1876 
6 
951 952 1099 1873 1874 1876 
7 
110 952 1099 1100 1873 1874 1875 
7 
394 395 410 411 1878 1879 1880 
3 
1877 1879 1880 
3 
1877 1878 1880 
5 
395 411 1877 1878 1879 
3 
1882 1883 1884 
4 
556 1881 1883 1884 
3 
1881 1882 1884 
3 
1881 1882 1883 
4 
588 1886 1887 1888 
5 
587 588 1885 1887 1888 
3 
1885 1886 1888 
4 
1885 1886 1887 1930 
4 
1164 1890 1891 1892 
5 
1163 1164 1889 1891 1892 
3 
1889 1890 1892 
3 
1889 1890 1891 
6 
1141 1144 1658 1894 1895 1896 
7 
1141 1142 1143 1144 1893 1895 1896 
5 
1143 1144 1893 1894 1896 
5 
1144 1659 1893 1894 1895 
9 
69 70 71 72 1411 1412 1898 1899 1900 
6 
70 71 1411 1897 1899 1900 
4 
71 1897 1898 1900 
5 
71 72 1897 1898 1899 
5 
390 537 1902 1903 1904 
5 
537 538 1901 1903 1904 
7 
537 538 539 540 1901 1902 1904 
7 
390 391 537 540 1901 1902 1903 
3 
1906 1907 1908 
5 
633 636 1905 1907 1908 
6 
636 1389 1390 1905 1906 1908 
4 
1389 1905 1906 1907 
6 
1570 1571 1730 1910 1911 1912 
3 
1909 1911 1912 
3 
1909 1910 1912 
7 
594 1571 1730 1731 1909 1910 1911 
4 
872 1914 1915 1916 
7 
861 864 871 872 1913 1915 1916 
4 
864 1913 1914 1916 
3 
1913 1914 1915 
8 
481 713 714 715 716 1918 1919 1920 
7 
481 482 714 715 1917 1919 1920 
8 
481 482 483 484 715 1917 1918 1920 
7 
481 484 715 716 1917 1918 1919 
7 
341 342 343 344 1922 1923 1924 
6 
342 343 413 1921 1923 1924 
8 
126 343 413 416 1046 1921 1922 1924 
9 
125 126 343 344 1045 1046 1921 1922 1923 
5 
649 652 1926 1927 1928 
7 
649 650 651 652 1925 1927 1928 
6 
651 652 990 1925 1926 1928 
6 
652 989 990 1925 1926 1927 
5 
330 331 1930 1931 1932 
4 
1888 1929 1931 1932 
3 
1929 1930 1932 
4 
331 1929 1930 1931 
4 
1597 1934 1935 1936 
5 
1597 1598 1933 1935 1936 
7 
1597 1598 1599 1600 1933 1934 1936 
5 
1597 1600 1933 1934 1935 
13 
61 64 1014 1015 1125 1137 1138 1139 1140 1225 1938 1939 1940 
15 
61 62 63 64 844 1125 1126 1138 1139 1225 1226 1840 1937 1939 1940 
17 
63 64 122 1125 1126 1127 1128 1139 1225 1226 1227 1228 1702 1937 1938 1940 1998 
17 
64 121 122 1015 1125 1128 1139 1140 1225 1228 1701 1702 1937 1938 1939 1997 1998 
4 
1649 1942 1943 1944 
6 
1437 1649 1650 1941 1943 1944 
9 
1437 1440 1649 1650 1651 1652 1941 1942 1944 
5 
1649 1652 1941 1942 1943 
6 
13 16 1625 1946 1947 1948 
9 
13 14 15 16 1625 1626 1945 1947 1948 
11 
15 16 230 962 1625 1626 1627 1628 1945 1946 1948 
11 
16 229 230 878 961 962 1625 1628 1945 1946 1947 
5 
55 56 1950 1951 1952 
4 
55 1949 1951 1952 
3 
1949 1950 1952 
3 
1949 1950 1951 
5 
865 868 1954 1955 1956 
7 
865 866 867 868 1953 1955 1956 
7 
557 558 867 868 1953 1954 1956 
5 
557 868 1953 1954 1955 
3 
1958 1959 1960 
3 
1957 1959 1960 
5 
421 1497 1957 1958 1960 
3 
1957 1958 1959 
7 
1289 1290 1291 1292 1962 1963 1964 
5 
1290 1291 1961 1963 1964 
5 
1269 1291 1961 1962 1964 
6 
1291 1292 1374 1961 1962 1963 
6 
859 1383 1384 1966 1967 1968 
4 
1383 1965 1967 1968 
4 
345 1965 1966 1968 
3 
1965 1966 1967 
5 
592 1034 1970 1971 1972 
5 
591 592 1969 1971 1972 
3 
1969 1970 1972 
5 
1034 1035 1969 1970 1971 
3 
1974 1975 1976 
4 
1796 1973 1975 1976 
5 
966 1405 1973 1974 1976 
5 
965 966 1973 1974 1975 
9 
305 306 307 308 1475 1476 1978 1979 1980 
7 
109 306 307 1475 1977 1979 1980 
6 
109 112 307 1977 1978 1980 
5 
307 308 1977 1978 1979 
11 
933 934 935 936 1845 1846 1847 1848 1982 1983 1984 
7 
934 935 1846 1847 1981 1983 1984 
5 
935 1847 1981 1982 1984 
7 
935 936 1847 1848 1981 1982 1983 
3 
1986 1987 1988 
3 
1985 1987 1988 
4 
1418 1985 1986 1988 
6 
1417 1418 1770 1985 1986 1987 
5 
442 443 1990 1991 1992 
3 
1989 1991 1992 
4 
922 1989 1990 1992 
7 
443 921 922 1726 1989 1990 1991 
5 
669 672 1994 1995 1996 
7 
669 670 671 672 1993 1995 1996 
5 
671 672 1993 1994 1996 
4 
672 1993 1994 1995 
10 
121 124 1029 1030 1701 1704 1940 1998 1999 2000 
16 
121 122 123 124 1030 1128 1228 1701 1702 1703 1704 1939 1940 1997 1999 2000 
9 
123 124 1030 1031 1703 1704 1997 1998 2000 
10 
124 1029 1030 1031 1032 1086 1704 1997 1998 1999 