
500 
4 
8 
2 3 4 39 206 281 282 1023 
5 
1 3 4 282 1036 
7 
1 2 4 282 283 1301 1881 
9 
1 2 3 206 207 281 282 283 284 
5 
6 7 8 686 687 
3 
5 7 8 
6 
5 6 8 142 194 1125 
8 
5 6 7 141 142 193 194 687 
9 
10 11 12 520 957 1018 1019 1843 1844 
9 
9 11 12 519 520 957 958 1297 1843 
14 
9 10 12 154 957 958 959 960 1297 1300 1429 1430 1473 1474 
10 
9 10 11 153 154 957 960 1019 1429 1473 
4 
14 15 16 1537 
5 
13 15 16 1537 1538 
7 
13 14 16 1537 1538 1539 1540 
6 
13 14 15 1537 1540 1754 
5 
18 19 20 1382 1383 
5 
17 19 20 1321 1324 
7 
17 18 20 898 1324 1861 1862 
7 
17 18 19 897 898 1383 1861 
9 
22 23 24 713 716 872 895 1234 1235 
9 
21 23 24 713 714 715 716 871 872 
5 
21 22 24 715 716 
5 
21 22 23 716 1235 
3 
26 27 28 
3 
25 27 28 
3 
25 26 28 
3 
25 26 27 
7 
30 31 32 985 986 987 988 
5 
29 31 32 986 987 
4 
29 30 32 987 
5 
29 30 31 987 988 
7 
34 35 36 593 594 595 596 
5 
33 35 36 594 595 
4 
33 34 36 595 
5 
33 34 35 595 596 
4 
38 39 40 1021 
4 
37 39 40 1022 
9 
1 37 38 40 206 281 282 1022 1023 
8 
37 38 39 205 206 281 1021 1024 
6 
42 43 44 791 792 1800 
8 
41 43 44 485 488 791 1799 1800 
4 
41 42 44 488 
4 
41 42 43 1166 
3 
46 47 48 
3 
45 47 48 
5 
45 46 48 274 842 
7 
45 46 47 273 274 841 842 
9 
50 51 52 277 278 279 280 977 978 
7 
49 51 52 278 279 978 1505 
8 
49 50 52 279 978 979 1505 1508 
9 
49 50 51 279 280 977 978 979 980 
6 
54 55 56 924 1518 1519 
7 
53 55 56 289 292 923 924 
4 
53 54 56 292 
4 
53 54 55 1519 
3 
58 59 60 
3 
57 59 60 
3 
57 58 60 
3 
57 58 59 
4 
62 63 64 1006 
3 
61 63 64 
3 
61 62 64 
5 
61 62 63 1006 1007 
7 
66 67 68 413 416 883 884 
8 
65 67 68 413 414 415 416 883 
7 
65 66 68 415 416 761 1686 
6 
65 66 67 416 1685 1686 
5 
70 71 72 1526 1635 
3 
69 71 72 
3 
69 70 72 
5 
69 70 71 1526 1527 
5 
74 75 76 1245 1246 
6 
73 75 76 301 304 1246 
10 
73 74 76 304 1246 1247 1597 1818 1945 1946 
10 
73 74 75 1245 1246 1247 1248 1817 1818 1945 
3 
78 79 80 
3 
77 79 80 
3 
77 78 80 
3 
77 78 79 
4 
82 83 84 659 
4 
81 83 84 1889 
5 
81 82 84 1889 1892 
4 
81 82 83 1574 
4 
86 87 88 573 
7 
85 87 88 384 573 574 1073 
9 
85 86 88 573 574 575 576 1073 1076 
6 
85 86 87 573 576 1134 
6 
90 91 92 649 650 1145 
7 
89 91 92 650 877 1145 1146 
10 
89 90 92 650 651 880 1145 1146 1147 1148 
9 
89 90 91 649 650 651 652 1145 1148 
3 
94 95 96 
4 
93 95 96 1732 
3 
93 94 96 
3 
93 94 95 
5 
98 99 100 1415 1451 
3 
97 99 100 
3 
97 98 100 
3 
97 98 99 
7 
102 103 104 1697 1698 1699 1700 
6 
101 103 104 1649 1698 1699 
6 
101 102 104 1649 1652 1699 
5 
101 102 103 1699 1700 
4 
106 107 108 359 
3 
105 107 108 
5 
105 106 108 589 590 
4 
105 106 107 589 
3 
110 111 112 
4 
109 111 112 1529 
5 
109 110 112 1529 1532 
3 
109 110 111 
3 
114 115 116 
4 
113 115 116 117 
4 
113 114 116 120 
3 
113 114 115 
4 
114 118 119 120 
3 
117 119 120 
3 
117 118 120 
4 
115 117 118 119 
4 
122 123 124 1509 
5 
121 123 124 1509 1510 
5 
121 122 124 1511 1512 
4 
121 122 123 1512 
5 
126 127 128 1991 1992 
4 
125 127 128 1991 
3 
125 126 128 
4 
125 126 127 406 
3 
130 131 132 
3 
129 131 132 
3 
129 130 132 
3 
129 130 131 
4 
134 135 136 929 
6 
133 135 136 628 929 930 
7 
133 134 136 905 906 931 932 
6 
133 134 135 905 932 1294 
3 
138 139 140 
3 
137 139 140 
3 
137 138 140 
4 
137 138 139 1898 
8 
8 142 143 144 193 196 1902 1903 
10 
7 8 141 143 144 193 194 195 196 1125 
7 
141 142 144 195 196 1125 1128 
5 
141 142 143 196 1903 
3 
146 147 148 
4 
145 147 148 705 
7 
145 146 148 705 708 1409 1410 
6 
145 146 147 622 1409 1522 
5 
150 151 152 816 949 
7 
149 151 152 815 816 949 950 
7 
149 150 152 261 951 952 1309 
4 
149 150 151 952 
11 
12 154 155 156 945 1019 1020 1429 1473 1476 1670 
17 
11 12 153 155 156 945 946 960 1019 1297 1300 1429 1430 1473 1474 1475 1476 
14 
153 154 156 945 946 947 948 1300 1429 1430 1431 1432 1475 1476 
10 
153 154 155 945 948 1429 1432 1476 1670 1671 
7 
158 159 160 483 484 697 700 
8 
157 159 160 483 697 698 699 700 
5 
157 158 160 699 700 
4 
157 158 159 700 
5 
162 163 164 1183 1184 
4 
161 163 164 1183 
3 
161 162 164 
3 
161 162 163 
3 
166 167 168 
3 
165 167 168 
4 
165 166 168 1254 
5 
165 166 167 1253 1254 
3 
170 171 172 
3 
169 171 172 
3 
169 170 172 
3 
169 170 171 
8 
174 175 176 226 227 1658 1986 1987 
5 
173 175 176 1425 1428 
4 
173 174 176 1428 
7 
173 174 175 227 1658 1659 1987 
3 
178 179 180 
4 
177 179 180 241 
5 
177 178 180 241 244 
3 
177 178 179 
4 
182 183 184 1536 
5 
181 183 184 1535 1536 
3 
181 182 184 
3 
181 182 183 
9 
186 187 188 1855 1856 1957 1958 1959 1960 
6 
185 187 188 1855 1958 1959 
4 
185 186 188 1959 
5 
185 186 187 1959 1960 
3 
190 191 192 
3 
189 191 192 
4 
189 190 192 969 
3 
189 190 191 
7 
8 141 142 194 195 196 687 
7 
7 8 142 193 195 196 1125 
7 
142 143 193 194 196 1125 1128 
7 
141 142 143 144 193 194 195 
4 
198 199 200 1355 
4 
197 199 200 212 
3 
197 198 200 
4 
197 198 199 962 
3 
202 203 204 
3 
201 203 204 
3 
201 202 204 
3 
201 202 203 
6 
40 206 207 208 281 1024 
11 
1 4 39 40 205 207 208 281 282 1023 1024 
7 
4 205 206 208 283 284 893 
4 
205 206 207 284 
4 
210 211 212 1369 
6 
209 211 212 1360 1369 1370 
7 
209 210 212 1369 1370 1371 1372 
6 
198 209 210 211 1369 1372 
3 
214 215 216 
3 
213 215 216 
3 
213 214 216 
3 
213 214 215 
6 
218 219 220 283 893 894 
8 
217 219 220 894 1301 1304 1881 1884 
9 
217 218 220 894 895 1233 1234 1304 1884 
8 
217 218 219 893 894 895 896 1233 
5 
222 223 224 1899 1900 
4 
221 223 224 1899 
4 
221 222 224 1002 
5 
221 222 223 1001 1002 
5 
226 227 228 1985 1986 
5 
173 225 227 228 1986 
8 
173 176 225 226 228 1658 1986 1987 
9 
225 226 227 1657 1658 1985 1986 1987 1988 
4 
230 231 232 1744 
5 
229 231 232 1743 1744 
3 
229 230 232 
3 
229 230 231 
3 
234 235 236 
3 
233 235 236 
3 
233 234 236 
3 
233 234 235 
3 
238 239 240 
3 
237 239 240 
3 
237 238 240 
3 
237 238 239 
5 
178 179 242 243 244 
5 
241 243 244 525 528 
4 
241 242 244 528 
5 
179 241 242 243 1202 
5 
246 247 248 777 778 
4 
245 247 248 778 
8 
245 246 248 778 779 1737 1738 1922 
10 
245 246 247 777 778 779 780 1737 1921 1922 
6 
250 251 252 856 995 1121 
7 
249 251 252 855 856 1121 1122 
6 
249 250 252 449 1123 1124 
5 
249 250 251 258 1124 
5 
254 255 256 403 1778 
3 
253 255 256 
5 
253 254 256 989 1417 
5 
253 254 255 1778 1779 
3 
258 259 260 
5 
252 257 259 260 1124 
3 
257 258 260 
3 
257 258 259 
9 
151 262 263 264 337 951 952 1309 1612 
10 
261 263 264 337 338 951 1309 1310 1611 1612 
11 
261 262 264 337 338 339 340 1309 1310 1311 1312 
7 
261 262 263 337 340 1309 1312 
3 
266 267 268 
3 
265 267 268 
3 
265 266 268 
3 
265 266 267 
3 
270 271 272 
3 
269 271 272 
3 
269 270 272 
3 
269 270 271 
7 
48 274 275 276 841 842 1250 
6 
47 48 273 275 276 842 
5 
273 274 276 842 843 
9 
273 274 275 841 842 843 844 1250 1251 
4 
49 278 279 280 
5 
49 50 277 279 280 
9 
49 50 51 52 277 278 280 978 1505 
7 
49 52 277 278 279 977 978 
11 
1 4 39 40 205 206 282 283 284 1023 1024 
10 
1 2 3 4 39 206 281 283 284 1023 
9 
3 4 207 217 281 282 284 893 894 
7 
4 207 208 281 282 283 893 
7 
286 287 288 1673 1674 1675 1676 
5 
285 287 288 1674 1675 
5 
285 286 288 1181 1675 
5 
285 286 287 1675 1676 
10 
54 290 291 292 465 468 833 836 922 923 
11 
289 291 292 465 466 467 468 833 834 835 836 
7 
289 290 292 467 468 835 836 
8 
54 55 289 290 291 468 836 923 
4 
294 295 296 541 
5 
293 295 296 541 542 
10 
293 294 296 541 542 543 544 1625 1626 1858 
8 
293 294 295 541 544 1625 1857 1858 
7 
298 299 300 385 386 1013 1306 
6 
297 299 300 386 1013 1014 
9 
297 298 300 386 387 1013 1014 1015 1016 
11 
297 298 299 385 386 387 388 1013 1016 1306 1307 
4 
74 302 303 304 
3 
301 303 304 
3 
301 302 304 
5 
74 75 301 302 303 
5 
306 307 308 1637 1892 
6 
305 307 308 1638 1891 1892 
6 
305 306 308 1434 1638 1639 
7 
305 306 307 1433 1434 1637 1640 
6 
310 311 312 675 676 1880 
6 
309 311 312 675 1879 1880 
3 
309 310 312 
3 
309 310 311 
3 
314 315 316 
3 
313 315 316 
3 
313 314 316 
3 
313 314 315 
8 
318 319 320 505 508 837 1260 1402 
11 
317 319 320 505 506 507 508 837 838 1259 1260 
11 
317 318 320 507 508 837 838 839 840 1761 1762 
9 
317 318 319 508 837 840 1402 1403 1761 
3 
322 323 324 
3 
321 323 324 
3 
321 322 324 
3 
321 322 323 
3 
326 327 328 
3 
325 327 328 
3 
325 326 328 
4 
325 326 327 1418 
3 
330 331 332 
3 
329 331 332 
4 
329 330 332 1745 
3 
329 330 331 
11 
334 335 336 1341 1342 1513 1514 1515 1516 1901 1904 
10 
333 335 336 1342 1514 1515 1901 1902 1903 1904 
10 
333 334 336 1342 1343 1515 1813 1814 1903 1904 
11 
333 334 335 1341 1342 1343 1344 1515 1516 1813 1904 
9 
261 262 263 264 338 339 340 1309 1312 
9 
262 263 337 339 340 1309 1310 1311 1312 
6 
263 337 338 340 1311 1312 
6 
263 264 337 338 339 1312 
9 
342 343 344 1261 1262 1263 1264 1913 1916 
9 
341 343 344 1262 1263 1913 1914 1915 1916 
6 
341 342 344 1263 1915 1916 
7 
341 342 343 1038 1263 1264 1916 
5 
346 347 348 887 888 
4 
345 347 348 887 
3 
345 346 348 
3 
345 346 347 
3 
350 351 352 
3 
349 351 352 
5 
349 350 352 909 910 
4 
349 350 351 909 
5 
354 355 356 742 743 
3 
353 355 356 
4 
353 354 356 953 
4 
353 354 355 743 
4 
358 359 360 571 
3 
357 359 360 
4 
105 357 358 360 
3 
357 358 359 
7 
362 363 364 1489 1490 1491 1492 
5 
361 363 364 1490 1491 
6 
361 362 364 1153 1154 1491 
6 
361 362 363 1153 1491 1492 
7 
366 367 368 1593 1594 1595 1596 
5 
365 367 368 1594 1595 
7 
365 366 368 617 618 1595 1785 
6 
365 366 367 617 1595 1596 
3 
370 371 372 
3 
369 371 372 
3 
369 370 372 
3 
369 370 371 
6 
374 375 376 638 762 763 
3 
373 375 376 
3 
373 374 376 
7 
373 374 375 638 639 763 854 
4 
378 379 380 717 
5 
377 379 380 717 718 
5 
377 378 380 719 720 
4 
377 378 379 720 
3 
382 383 384 
3 
381 383 384 
5 
381 382 384 829 830 
6 
86 381 382 383 574 829 
9 
297 300 386 387 388 1305 1306 1307 1308 
11 
297 298 299 300 385 387 388 1013 1016 1306 1307 
9 
299 300 385 386 388 1016 1221 1222 1307 
8 
300 385 386 387 746 1221 1307 1308 
11 
390 391 392 619 620 1654 1717 1718 1719 1720 1788 
8 
389 391 392 619 1718 1719 1787 1788 
4 
389 390 392 1719 
7 
389 390 391 1654 1655 1719 1720 
4 
394 395 396 1179 
3 
393 395 396 
3 
393 394 396 
3 
393 394 395 
6 
398 399 400 1163 1164 1386 
4 
397 399 400 1163 
3 
397 398 400 
5 
397 398 399 1386 1387 
3 
402 403 404 
3 
401 403 404 
5 
253 401 402 404 938 
5 
401 402 403 937 938 
4 
406 407 408 535 
4 
128 405 407 408 
3 
405 406 408 
3 
405 406 407 
6 
410 411 412 586 587 1967 
5 
409 411 412 489 492 
4 
409 410 412 492 
4 
409 410 411 587 
11 
65 66 414 415 416 881 882 883 884 1559 1560 
7 
66 413 415 416 882 883 1559 
7 
66 67 413 414 416 761 883 
9 
65 66 67 68 413 414 415 883 884 
8 
418 419 420 1395 1541 1542 1543 1544 
7 
417 419 420 1542 1543 1613 1616 
5 
417 418 420 1543 1616 
5 
417 418 419 1543 1544 
9 
422 423 424 515 566 1101 1102 1314 1665 
6 
421 423 424 1102 1665 1666 
10 
421 422 424 430 1102 1103 1665 1666 1667 1668 
14 
421 422 423 429 430 567 1101 1102 1103 1104 1314 1315 1665 1668 
4 
426 427 428 1381 
5 
425 427 428 1381 1382 
7 
425 426 428 1381 1382 1383 1384 
5 
425 426 427 1381 1384 
12 
424 430 431 432 567 1101 1102 1103 1104 1314 1315 1668 
9 
423 424 429 431 432 1102 1103 1667 1668 
4 
429 430 432 1103 
6 
429 430 431 1103 1104 1315 
3 
434 435 436 
3 
433 435 436 
4 
433 434 436 862 
5 
433 434 435 861 862 
3 
438 439 440 
3 
437 439 440 
4 
437 438 440 1897 
3 
437 438 439 
3 
442 443 444 
4 
441 443 444 1252 
3 
441 442 444 
3 
441 442 443 
3 
446 447 448 
3 
445 447 448 
3 
445 446 448 
3 
445 446 447 
6 
251 450 451 452 1008 1123 
5 
449 451 452 1007 1008 
4 
449 450 452 1593 
3 
449 450 451 
6 
454 455 456 1084 1217 1220 
10 
453 455 456 1083 1084 1132 1217 1218 1219 1220 
5 
453 454 456 1219 1220 
4 
453 454 455 1220 
5 
458 459 460 1617 1618 
4 
457 459 460 1618 
6 
457 458 460 1178 1618 1619 
9 
457 458 459 1177 1178 1617 1618 1619 1620 
3 
462 463 464 
3 
461 463 464 
3 
461 462 464 
3 
461 462 463 
9 
289 290 466 467 468 833 834 835 836 
6 
290 465 467 468 834 835 
6 
290 291 465 466 468 835 
9 
289 290 291 292 465 466 467 835 836 
10 
470 471 472 1173 1174 1175 1176 1562 1563 1709 
7 
469 471 472 1174 1175 1709 1710 
8 
469 470 472 1175 1709 1710 1711 1712 
8 
469 470 471 1175 1176 1563 1709 1712 
7 
474 475 476 1298 1299 1653 1656 
7 
473 475 476 1653 1654 1655 1656 
5 
473 474 476 1655 1656 
5 
473 474 475 1299 1656 
5 
478 479 480 1151 1911 
3 
477 479 480 
3 
477 478 480 
3 
477 478 479 
3 
482 483 484 
3 
481 483 484 
7 
157 158 481 482 484 697 698 
5 
157 481 482 483 697 
7 
42 486 487 488 791 1799 1800 
5 
485 487 488 928 1799 
3 
485 486 488 
5 
42 43 485 486 487 
5 
410 490 491 492 513 
5 
489 491 492 513 514 
8 
489 490 492 513 514 515 516 565 
7 
410 411 489 490 491 513 516 
7 
494 495 496 913 941 942 1371 
6 
493 495 496 913 914 942 
9 
493 494 496 913 914 915 916 942 943 
9 
493 494 495 913 916 941 942 943 944 
5 
498 499 500 1209 1210 
6 
497 499 500 797 800 1210 
6 
497 498 500 800 1210 1211 
7 
497 498 499 1209 1210 1211 1212 
8 
502 503 504 600 821 822 1441 1444 
10 
501 503 504 599 600 822 1441 1442 1443 1444 
7 
501 502 504 822 823 1443 1444 
8 
501 502 503 821 822 823 824 1444 
7 
317 318 506 507 508 1257 1260 
8 
318 505 507 508 1257 1258 1259 1260 
8 
318 319 505 506 508 838 1259 1260 
11 
317 318 319 320 505 506 507 837 838 1260 1402 
5 
510 511 512 1445 1446 
8 
509 511 512 1446 1481 1484 1705 1708 
6 
509 510 512 1447 1484 1708 
5 
509 510 511 1447 1448 
7 
489 490 491 492 514 515 516 
5 
490 491 513 515 516 
10 
421 491 513 514 516 565 566 1101 1313 1314 
7 
491 492 513 514 515 565 1313 
9 
518 519 520 1018 1195 1841 1842 1843 1844 
5 
517 519 520 1842 1843 
8 
10 517 518 520 957 958 1297 1843 
10 
9 10 517 518 519 957 1018 1019 1843 1844 
5 
522 523 524 661 662 
4 
521 523 524 662 
5 
521 522 524 662 663 
7 
521 522 523 661 662 663 664 
4 
242 526 527 528 
4 
525 527 528 1893 
6 
525 526 528 1741 1893 1896 
5 
242 243 525 526 527 
9 
530 531 532 737 738 1977 1978 1979 1980 
6 
529 531 532 738 1978 1979 
8 
529 530 532 738 739 1141 1142 1979 
10 
529 530 531 737 738 739 740 1141 1979 1980 
7 
534 535 536 1069 1070 1071 1072 
5 
533 535 536 1070 1071 
5 
405 533 534 536 1071 
5 
533 534 535 1071 1072 
13 
538 539 540 701 704 1373 1374 1375 1376 1869 1870 1871 1872 
12 
537 539 540 702 703 1225 1374 1375 1870 1871 1949 1952 
9 
537 538 540 703 1225 1228 1375 1871 1952 
8 
537 538 539 704 1375 1376 1871 1872 
7 
293 294 295 296 542 543 544 
5 
294 295 541 543 544 
6 
295 541 542 544 1626 1858 
9 
295 296 541 542 543 1625 1626 1857 1858 
3 
546 547 548 
3 
545 547 548 
5 
545 546 548 629 630 
4 
545 546 547 629 
7 
550 551 552 677 680 1390 1391 
7 
549 551 552 677 678 679 680 
7 
549 550 552 679 680 1873 1874 
6 
549 550 551 680 1391 1873 
3 
554 555 556 
3 
553 555 556 
4 
553 554 556 1358 
5 
553 554 555 1357 1358 
5 
558 559 560 1140 1219 
5 
557 559 560 1139 1140 
3 
557 558 560 
3 
557 558 559 
4 
562 563 564 927 
3 
561 563 564 
3 
561 562 564 
3 
561 562 563 
9 
491 515 516 566 567 568 1101 1313 1314 
9 
421 515 565 567 568 1101 1102 1314 1665 
13 
424 429 565 566 568 1101 1102 1103 1104 1314 1315 1665 1668 
10 
565 566 567 1101 1104 1313 1314 1315 1316 1714 
9 
570 571 572 785 786 787 788 1823 1824 
6 
569 571 572 786 787 1823 
5 
357 569 570 572 787 
5 
569 570 571 787 788 
7 
85 86 87 88 574 575 576 
9 
86 87 384 573 575 576 829 832 1073 
7 
87 573 574 576 832 1073 1076 
6 
87 88 573 574 575 1134 
3 
578 579 580 
3 
577 579 580 
4 
577 578 580 1550 
7 
577 578 579 750 1549 1550 1998 
13 
582 583 584 1421 1422 1423 1424 1646 1647 1805 1806 1807 1808 
7 
581 583 584 1422 1423 1806 1807 
5 
581 582 584 1423 1807 
8 
581 582 583 1423 1424 1647 1807 1808 
4 
586 587 588 1968 
6 
409 585 587 588 1967 1968 
5 
409 412 585 586 588 
3 
585 586 587 
5 
107 108 590 591 592 
4 
107 589 591 592 
5 
589 590 592 933 934 
5 
589 590 591 933 1026 
5 
33 594 595 596 692 
7 
33 34 593 595 596 691 692 
7 
33 34 35 36 593 594 596 
5 
33 36 593 594 595 
7 
598 599 600 611 612 1441 1442 
5 
597 599 600 611 1442 
7 
502 597 598 600 822 1442 1443 
11 
501 502 597 598 599 821 822 1441 1442 1443 1444 
3 
602 603 604 
3 
601 603 604 
5 
601 602 604 1281 1282 
4 
601 602 603 1281 
3 
606 607 608 
3 
605 607 608 
3 
605 606 608 
3 
605 606 607 
3 
610 611 612 
3 
609 611 612 
7 
597 598 609 610 612 1441 1442 
5 
597 609 610 611 1441 
3 
614 615 616 
4 
613 615 616 1333 
5 
613 614 616 1333 1336 
3 
613 614 615 
5 
367 368 618 619 620 
6 
367 617 619 620 1785 1788 
8 
389 390 617 618 620 1717 1718 1788 
5 
389 617 618 619 1717 
6 
622 623 624 1521 1524 1919 
8 
148 621 623 624 1521 1522 1523 1524 
5 
621 622 624 1523 1524 
4 
621 622 623 1524 
4 
626 627 628 1764 
5 
625 627 628 1763 1764 
3 
625 626 628 
5 
134 625 626 627 930 
5 
547 548 630 631 632 
6 
547 629 631 632 1317 1320 
5 
629 630 632 1320 1770 
5 
629 630 631 1769 1770 
4 
634 635 636 1034 
3 
633 635 636 
5 
633 634 636 1789 1790 
6 
633 634 635 1034 1035 1789 
7 
638 639 640 763 764 1702 1703 
6 
373 376 637 639 640 763 
6 
376 637 638 640 853 854 
6 
637 638 639 853 994 1703 
3 
642 643 644 
3 
641 643 644 
6 
641 642 644 741 1781 1782 
4 
641 642 643 1781 
3 
646 647 648 
3 
645 647 648 
5 
645 646 648 770 1085 
4 
645 646 647 769 
7 
89 92 650 651 652 1145 1148 
13 
89 90 91 92 649 651 652 877 880 1145 1146 1147 1148 
8 
91 92 649 650 652 880 1147 1148 
5 
92 649 650 651 1148 
4 
654 655 656 1508 
5 
653 655 656 1507 1508 
3 
653 654 656 
3 
653 654 655 
3 
658 659 660 
3 
657 659 660 
4 
81 657 658 660 
3 
657 658 659 
5 
521 524 662 663 664 
7 
521 522 523 524 661 663 664 
5 
523 524 661 662 664 
4 
524 661 662 663 
3 
666 667 668 
3 
665 667 668 
3 
665 666 668 
3 
665 666 667 
3 
670 671 672 
4 
669 671 672 1364 
3 
669 670 672 
3 
669 670 671 
4 
674 675 676 1877 
5 
673 675 676 1877 1878 
9 
309 310 673 674 676 1877 1878 1879 1880 
6 
309 673 674 675 1877 1880 
5 
549 550 678 679 680 
4 
550 677 679 680 
5 
550 551 677 678 680 
7 
549 550 551 552 677 678 679 
5 
682 683 684 1295 1296 
6 
681 683 684 905 908 1295 
4 
681 682 684 908 
3 
681 682 683 
4 
686 687 688 1003 
4 
5 685 687 688 
7 
5 8 193 685 686 688 1902 
5 
685 686 687 1901 1902 
7 
690 691 692 806 807 1120 1504 
7 
689 691 692 1119 1120 1503 1504 
4 
594 689 690 692 
6 
593 594 689 690 691 807 
3 
694 695 696 
3 
693 695 696 
3 
693 694 696 
3 
693 694 695 
7 
157 158 483 484 698 699 700 
6 
158 483 697 699 700 1168 
5 
158 159 697 698 700 
7 
157 158 159 160 697 698 699 
12 
537 702 703 704 1373 1374 1375 1376 1869 1870 1871 1872 
11 
538 701 703 704 1225 1374 1375 1870 1871 1949 1952 
10 
538 539 701 702 704 1225 1228 1375 1871 1952 
9 
537 540 701 702 703 1375 1376 1871 1872 
7 
146 147 706 707 708 1409 1410 
5 
705 707 708 1136 1410 
5 
705 706 708 1410 1411 
8 
147 705 706 707 1409 1410 1411 1412 
4 
710 711 712 782 
3 
709 711 712 
3 
709 710 712 
5 
709 710 711 782 783 
11 
21 22 714 715 716 869 872 1234 1235 1303 1304 
10 
22 713 715 716 869 870 871 872 1116 1303 
7 
22 23 713 714 716 871 872 
9 
21 22 23 24 713 714 715 872 1235 
5 
377 378 718 719 720 
4 
378 717 719 720 
4 
379 717 718 720 
5 
379 380 717 718 719 
3 
722 723 724 
3 
721 723 724 
3 
721 722 724 
3 
721 722 723 
4 
726 727 728 1827 
5 
725 727 728 1981 1984 
4 
725 726 728 1984 
3 
725 726 727 
5 
730 731 732 1041 1042 
4 
729 731 732 1042 
5 
729 730 732 1042 1043 
7 
729 730 731 1041 1042 1043 1044 
6 
734 735 736 1565 1742 1894 
5 
733 735 736 1565 1566 
7 
733 734 736 1565 1566 1567 1568 
9 
733 734 735 1565 1568 1742 1743 1894 1895 
8 
529 532 738 739 740 1141 1979 1980 
10 
529 530 531 532 737 739 740 1141 1142 1979 
10 
531 532 737 738 740 1030 1141 1142 1143 1144 
8 
532 737 738 739 1029 1030 1141 1144 
6 
643 742 743 744 1782 1783 
4 
353 741 743 744 
5 
353 356 741 742 744 
5 
741 742 743 802 1783 
4 
746 747 748 1154 
5 
388 745 747 748 1308 
3 
745 746 748 
5 
745 746 747 1154 1155 
7 
750 751 752 1997 1998 1999 2000 
8 
580 749 751 752 1549 1552 1998 1999 
5 
749 750 752 1552 1999 
5 
749 750 751 1999 2000 
4 
754 755 756 1530 
3 
753 755 756 
3 
753 754 756 
5 
753 754 755 1530 1531 
6 
758 759 760 903 904 1724 
6 
757 759 760 903 1723 1724 
3 
757 758 760 
3 
757 758 759 
7 
67 415 762 763 764 1686 1702 
4 
373 761 763 764 
7 
373 376 637 638 761 762 764 
8 
637 761 762 763 1686 1687 1702 1703 
3 
766 767 768 
3 
765 767 768 
4 
765 766 768 1098 
5 
765 766 767 1097 1098 
4 
648 770 771 772 
6 
647 769 771 772 1085 1088 
5 
769 770 772 1088 1730 
5 
769 770 771 1729 1730 
4 
774 775 776 891 
4 
773 775 776 1553 
7 
773 774 776 1045 1046 1553 1556 
4 
773 774 775 1045 
5 
245 248 778 779 780 
7 
245 246 247 248 777 779 780 
9 
247 248 777 778 780 1737 1738 1921 1922 
6 
248 777 778 779 1737 1921 
3 
782 783 784 
5 
709 712 781 783 784 
4 
712 781 782 784 
3 
781 782 783 
5 
569 786 787 788 1824 
7 
569 570 785 787 788 1823 1824 
7 
569 570 571 572 785 786 788 
5 
569 572 785 786 787 
3 
790 791 792 
5 
789 791 792 1797 1800 
7 
41 42 485 789 790 792 1800 
4 
41 789 790 791 
5 
794 795 796 1755 1756 
5 
793 795 796 857 1755 
5 
793 794 796 857 860 
3 
793 794 795 
5 
498 798 799 800 1210 
3 
797 799 800 
3 
797 798 800 
7 
498 499 797 798 799 1210 1211 
3 
802 803 804 
4 
744 801 803 804 
3 
801 802 804 
3 
801 802 803 
3 
806 807 808 
8 
689 805 807 808 1117 1120 1501 1504 
7 
689 692 805 806 808 1120 1504 
4 
805 806 807 1090 
4 
810 811 812 875 
3 
809 811 812 
4 
809 810 812 1930 
5 
809 810 811 1929 1930 
4 
814 815 816 1728 
5 
813 815 816 1727 1728 
6 
150 813 814 816 950 1609 
7 
149 150 813 814 815 949 950 
7 
818 819 820 1585 1586 1587 1588 
5 
817 819 820 1586 1587 
4 
817 818 820 1587 
5 
817 818 819 1587 1588 
7 
501 504 600 822 823 824 1444 
11 
501 502 503 504 599 600 821 823 824 1443 1444 
5 
503 504 821 822 824 
4 
504 821 822 823 
3 
826 827 828 
3 
825 827 828 
4 
825 826 828 1766 
5 
825 826 827 1765 1766 
6 
383 384 574 830 831 832 
4 
383 829 831 832 
6 
829 830 832 1074 1093 1094 
8 
574 575 829 830 831 1073 1074 1093 
6 
289 290 465 834 835 836 
6 
290 465 466 833 835 836 
9 
290 291 465 466 467 468 833 834 836 
9 
289 290 291 292 465 468 833 834 835 
11 
317 318 319 320 508 838 839 840 1260 1402 1403 
9 
318 319 507 508 837 839 840 1259 1260 
6 
319 837 838 840 1761 1762 
7 
319 320 837 838 839 1403 1761 
7 
48 273 276 842 843 844 1250 
9 
47 48 273 274 275 276 841 843 844 
5 
275 276 841 842 844 
6 
276 841 842 843 1250 1251 
4 
846 847 848 874 
3 
845 847 848 
3 
845 846 848 
5 
845 846 847 874 875 
3 
850 851 852 
4 
849 851 852 1305 
5 
849 850 852 1305 1308 
3 
849 850 851 
5 
639 640 854 855 856 
5 
376 639 853 855 856 
6 
250 853 854 856 1005 1122 
7 
249 250 853 854 855 1121 1122 
5 
794 795 858 859 860 
4 
857 859 860 1197 
5 
857 858 860 1197 1200 
4 
795 857 858 859 
4 
436 862 863 864 
5 
435 436 861 863 864 
3 
861 862 864 
3 
861 862 863 
3 
866 867 868 
3 
865 867 868 
3 
865 866 868 
3 
865 866 867 
9 
713 714 870 871 872 1234 1303 1304 1883 
7 
714 869 871 872 1113 1116 1303 
7 
22 714 715 869 870 872 1116 
11 
21 22 713 714 715 716 869 870 871 1234 1235 
4 
874 875 876 1623 
5 
845 848 873 875 876 
6 
809 848 873 874 876 1138 
5 
873 874 875 1137 1138 
7 
90 650 878 879 880 1145 1146 
4 
877 879 880 1146 
5 
877 878 880 1146 1147 
10 
91 650 651 877 878 879 1145 1146 1147 1148 
6 
413 882 883 884 1557 1560 
9 
413 414 881 883 884 1557 1558 1559 1560 
11 
65 66 413 414 415 416 881 882 884 1559 1560 
7 
65 413 416 881 882 883 1560 
4 
886 887 888 1099 
3 
885 887 888 
5 
345 346 885 886 888 
4 
345 885 886 887 
3 
890 891 892 
3 
889 891 892 
4 
773 889 890 892 
3 
889 890 891 
8 
207 217 220 283 284 894 895 896 
11 
217 218 219 220 283 893 895 896 1301 1304 1884 
9 
21 219 220 893 894 896 1233 1234 1304 
5 
220 893 894 895 1233 
6 
20 898 899 900 1809 1810 
8 
19 20 897 899 900 1810 1861 1864 
6 
897 898 900 1810 1811 1864 
7 
897 898 899 1809 1810 1811 1812 
3 
902 903 904 
5 
901 903 904 1721 1816 
7 
757 758 901 902 904 1721 1724 
4 
757 901 902 903 
10 
135 136 682 906 907 908 931 932 1294 1295 
5 
135 905 907 908 931 
4 
905 906 908 1357 
6 
682 683 905 906 907 1295 
7 
351 352 910 911 912 1885 1886 
6 
351 909 911 912 1009 1886 
7 
909 910 912 1009 1012 1886 1887 
7 
909 910 911 1885 1886 1887 1888 
8 
493 494 495 496 914 915 916 942 
5 
494 495 913 915 916 
4 
495 913 914 916 
7 
495 496 913 914 915 942 943 
5 
918 919 920 1671 1672 
5 
917 919 920 948 1671 
3 
917 918 920 
3 
917 918 919 
5 
922 923 924 1347 1518 
4 
289 921 923 924 
6 
54 289 292 921 922 924 
7 
53 54 921 922 923 1518 1519 
3 
926 927 928 
3 
925 927 928 
4 
561 925 926 928 
4 
486 925 926 927 
5 
133 134 930 931 932 
5 
134 628 929 931 932 
6 
135 905 906 929 930 932 
7 
135 136 905 929 930 931 1294 
6 
591 592 934 935 936 1026 
4 
591 933 935 936 
3 
933 934 936 
5 
933 934 935 1026 1027 
5 
404 938 939 940 1777 
7 
403 404 937 939 940 1777 1778 
7 
937 938 940 1777 1778 1779 1780 
5 
937 938 939 1777 1780 
6 
493 496 942 943 944 1371 
9 
493 494 495 496 913 916 941 943 944 
6 
495 496 916 941 942 944 
4 
496 941 942 943 
13 
153 154 155 156 946 947 948 960 1429 1432 1473 1476 1670 
16 
154 155 945 947 948 959 960 1300 1429 1430 1431 1432 1473 1474 1475 1476 
8 
155 945 946 948 1431 1432 1475 1476 
10 
155 156 918 945 946 947 1432 1476 1670 1671 
6 
149 150 816 950 951 952 
8 
150 815 816 949 951 952 1609 1612 
8 
151 261 262 949 950 952 1309 1612 
6 
151 152 261 949 950 951 
4 
355 954 955 956 
3 
953 955 956 
3 
953 954 956 
3 
953 954 955 
12 
9 10 11 12 519 520 958 959 960 1018 1019 1297 
8 
10 11 519 957 959 960 1297 1298 
11 
11 946 957 958 960 1297 1298 1299 1300 1430 1474 
15 
11 12 154 945 946 957 958 959 1019 1297 1300 1429 1430 1473 1474 
3 
962 963 964 
5 
200 961 963 964 1365 
5 
961 962 964 1365 1368 
3 
961 962 963 
3 
966 967 968 
3 
965 967 968 
3 
965 966 968 
3 
965 966 967 
4 
191 970 971 972 
3 
969 971 972 
3 
969 970 972 
3 
969 970 971 
5 
974 975 976 1281 1284 
7 
973 975 976 1281 1282 1283 1284 
5 
973 974 976 1283 1284 
4 
973 974 975 1284 
6 
49 52 280 978 979 980 
9 
49 50 51 52 279 280 977 979 980 
5 
51 52 977 978 980 
4 
52 977 978 979 
3 
982 983 984 
3 
981 983 984 
3 
981 982 984 
3 
981 982 983 
4 
29 986 987 988 
5 
29 30 985 987 988 
7 
29 30 31 32 985 986 988 
5 
29 32 985 986 987 
7 
255 990 991 992 1417 1733 1734 
6 
989 991 992 1417 1418 1734 
9 
989 990 992 1417 1418 1419 1420 1734 1735 
9 
989 990 991 1417 1420 1733 1734 1735 1736 
3 
994 995 996 
4 
640 993 995 996 
4 
249 993 994 996 
3 
993 994 995 
4 
998 999 1000 1577 
5 
997 999 1000 1577 1578 
5 
997 998 1000 1579 1580 
4 
997 998 999 1580 
4 
224 1002 1003 1004 
5 
223 224 1001 1003 1004 
4 
685 1001 1002 1004 
3 
1001 1002 1003 
5 
855 1006 1007 1008 1122 
5 
61 64 1005 1007 1008 
5 
64 450 1005 1006 1008 
7 
449 450 1005 1006 1007 1122 1123 
5 
910 911 1010 1011 1012 
3 
1009 1011 1012 
3 
1009 1010 1012 
4 
911 1009 1010 1011 
8 
297 298 299 300 386 1014 1015 1016 
5 
298 299 1013 1015 1016 
5 
299 1013 1014 1016 1222 
9 
299 300 386 387 1013 1014 1015 1221 1222 
4 
1018 1019 1020 1844 
9 
9 517 520 957 1017 1019 1020 1843 1844 
12 
9 12 153 154 520 957 960 1017 1018 1020 1429 1473 
4 
153 1017 1018 1019 
5 
37 40 1022 1023 1024 
5 
38 39 1021 1023 1024 
8 
1 39 206 281 282 1021 1022 1024 
7 
40 205 206 281 1021 1022 1023 
3 
1026 1027 1028 
6 
592 933 936 1025 1027 1028 
5 
936 1025 1026 1028 1054 
5 
1025 1026 1027 1053 1054 
5 
740 1030 1031 1032 1144 
7 
739 740 1029 1031 1032 1143 1144 
3 
1029 1030 1032 
3 
1029 1030 1031 
3 
1034 1035 1036 
5 
633 636 1033 1035 1036 
5 
636 1033 1034 1036 1793 
4 
2 1033 1034 1035 
3 
1038 1039 1040 
4 
344 1037 1039 1040 
3 
1037 1038 1040 
3 
1037 1038 1039 
5 
729 732 1042 1043 1044 
7 
729 730 731 732 1041 1043 1044 
5 
731 732 1041 1042 1044 
4 
732 1041 1042 1043 
8 
775 776 1046 1047 1048 1213 1553 1556 
10 
775 1045 1047 1048 1213 1214 1553 1554 1555 1556 
9 
1045 1046 1048 1213 1214 1215 1216 1555 1556 
6 
1045 1046 1047 1213 1216 1556 
3 
1050 1051 1052 
3 
1049 1051 1052 
3 
1049 1050 1052 
3 
1049 1050 1051 
4 
1028 1054 1055 1056 
5 
1027 1028 1053 1055 1056 
3 
1053 1054 1056 
3 
1053 1054 1055 
6 
1058 1059 1060 1628 1857 1860 
9 
1057 1059 1060 1627 1628 1857 1858 1859 1860 
5 
1057 1058 1060 1859 1860 
4 
1057 1058 1059 1860 
7 
1062 1063 1064 1378 1379 1833 1836 
7 
1061 1063 1064 1833 1834 1835 1836 
5 
1061 1062 1064 1835 1836 
5 
1061 1062 1063 1379 1836 
9 
1066 1067 1068 1329 1330 1331 1332 1478 1479 
5 
1065 1067 1068 1330 1331 
6 
1065 1066 1068 1321 1322 1331 
7 
1065 1066 1067 1321 1331 1332 1479 
4 
533 1070 1071 1072 
5 
533 534 1069 1071 1072 
7 
533 534 535 536 1069 1070 1072 
5 
533 536 1069 1070 1071 
10 
86 87 574 575 832 1074 1075 1076 1093 1096 
9 
831 832 1073 1075 1076 1093 1094 1095 1096 
5 
1073 1074 1076 1095 1096 
6 
87 575 1073 1074 1075 1096 
4 
1078 1079 1080 1496 
5 
1077 1079 1080 1495 1496 
3 
1077 1078 1080 
5 
1077 1078 1079 1174 1562 
4 
1082 1083 1084 1191 
4 
1081 1083 1084 1129 
7 
454 1081 1082 1084 1129 1132 1218 
7 
453 454 1081 1082 1083 1217 1218 
6 
647 770 1086 1087 1088 1661 
5 
1085 1087 1088 1661 1662 
7 
1085 1086 1088 1661 1662 1663 1664 
7 
770 771 1085 1086 1087 1661 1664 
4 
1090 1091 1092 1667 
4 
808 1089 1091 1092 
3 
1089 1090 1092 
3 
1089 1090 1091 
7 
831 832 1073 1074 1094 1095 1096 
7 
831 1074 1093 1095 1096 1345 1348 
6 
1074 1075 1093 1094 1096 1348 
7 
1073 1074 1075 1076 1093 1094 1095 
4 
768 1098 1099 1100 
5 
767 768 1097 1099 1100 
4 
885 1097 1098 1100 
3 
1097 1098 1099 
13 
421 424 429 515 565 566 567 568 1102 1103 1104 1313 1314 
14 
421 422 423 424 429 430 566 567 1101 1103 1104 1314 1665 1668 
12 
423 424 429 430 431 432 567 1101 1102 1104 1315 1668 
10 
424 429 432 567 568 1101 1102 1103 1315 1316 
4 
1106 1107 1108 1188 
5 
1105 1107 1108 1187 1188 
3 
1105 1106 1108 
3 
1105 1106 1107 
3 
1110 1111 1112 
5 
1109 1111 1112 1341 1344 
4 
1109 1110 1112 1344 
3 
1109 1110 1111 
5 
870 1114 1115 1116 1795 
3 
1113 1115 1116 
3 
1113 1114 1116 
6 
714 870 871 1113 1114 1115 
6 
806 1118 1119 1120 1501 1504 
7 
1117 1119 1120 1501 1502 1503 1504 
6 
690 1117 1118 1120 1503 1504 
8 
689 690 806 807 1117 1118 1119 1504 
6 
249 250 856 1122 1123 1124 
8 
250 855 856 1005 1008 1121 1123 1124 
6 
251 449 1008 1121 1122 1124 
6 
251 252 258 1121 1122 1123 
8 
7 142 143 194 195 1126 1127 1128 
3 
1125 1127 1128 
3 
1125 1126 1128 
5 
143 195 1125 1126 1127 
5 
1082 1083 1130 1131 1132 
5 
1129 1131 1132 1621 1624 
5 
1129 1130 1132 1137 1624 
6 
454 1083 1129 1130 1131 1218 
3 
1134 1135 1136 
5 
88 576 1133 1135 1136 
3 
1133 1134 1136 
4 
706 1133 1134 1135 
5 
876 1131 1138 1139 1140 
5 
875 876 1137 1139 1140 
4 
558 1137 1138 1140 
5 
557 558 1137 1138 1139 
9 
531 532 737 738 739 740 1142 1143 1144 
6 
531 738 739 1141 1143 1144 
5 
739 1030 1141 1142 1144 
7 
739 740 1029 1030 1141 1142 1143 
11 
89 90 91 92 649 650 877 880 1146 1147 1148 
10 
90 91 650 877 878 879 880 1145 1147 1148 
8 
91 650 651 879 880 1145 1146 1148 
10 
91 92 649 650 651 652 880 1145 1146 1147 
7 
1150 1151 1152 1909 1912 1982 1983 
7 
1149 1151 1152 1909 1910 1911 1912 
6 
477 1149 1150 1152 1911 1912 
5 
1149 1150 1151 1912 1983 
6 
363 364 1154 1155 1156 1491 
6 
363 745 748 1153 1155 1156 
4 
748 1153 1154 1156 
3 
1153 1154 1155 
6 
1158 1159 1160 1459 1460 1690 
6 
1157 1159 1160 1459 1961 1964 
4 
1157 1158 1160 1964 
5 
1157 1158 1159 1690 1691 
3 
1162 1163 1164 
3 
1161 1163 1164 
5 
397 398 1161 1162 1164 
4 
397 1161 1162 1163 
3 
1166 1167 1168 
4 
44 1165 1167 1168 
3 
1165 1166 1168 
4 
698 1165 1166 1167 
4 
1170 1171 1172 1636 
6 
1169 1171 1172 1525 1635 1636 
4 
1169 1170 1172 1528 
3 
1169 1170 1171 
8 
469 1174 1175 1176 1561 1562 1563 1564 
9 
469 470 1080 1173 1175 1176 1562 1563 1709 
10 
469 470 471 472 1173 1174 1176 1563 1709 1712 
7 
469 472 1173 1174 1175 1563 1564 
8 
460 1178 1179 1180 1617 1618 1619 1620 
7 
459 460 1177 1179 1180 1618 1619 
5 
393 1177 1178 1180 1619 
5 
1177 1178 1179 1619 1620 
5 
287 1182 1183 1184 1996 
5 
1181 1183 1184 1995 1996 
5 
161 162 1181 1182 1184 
4 
161 1181 1182 1183 
3 
1186 1187 1188 
3 
1185 1187 1188 
4 
1106 1185 1186 1188 
5 
1105 1106 1185 1186 1187 
3 
1190 1191 1192 
3 
1189 1191 1192 
4 
1081 1189 1190 1192 
3 
1189 1190 1191 
3 
1194 1195 1196 
3 
1193 1195 1196 
6 
517 1193 1194 1196 1841 1842 
4 
1193 1194 1195 1841 
5 
858 859 1198 1199 1200 
3 
1197 1199 1200 
3 
1197 1198 1200 
4 
859 1197 1198 1199 
3 
1202 1203 1204 
4 
244 1201 1203 1204 
3 
1201 1202 1204 
3 
1201 1202 1203 
5 
1206 1207 1208 1470 1471 
3 
1205 1207 1208 
3 
1205 1206 1208 
4 
1205 1206 1207 1471 
5 
497 500 1210 1211 1212 
9 
497 498 499 500 797 800 1209 1211 1212 
7 
499 500 800 1209 1210 1212 1822 
6 
500 1209 1210 1211 1821 1822 
8 
1045 1046 1047 1048 1214 1215 1216 1556 
8 
1046 1047 1213 1215 1216 1380 1555 1556 
4 
1047 1213 1214 1216 
5 
1047 1048 1213 1214 1215 
6 
453 454 1084 1218 1219 1220 
7 
454 1083 1084 1132 1217 1219 1220 
6 
454 455 557 1217 1218 1220 
7 
453 454 455 456 1217 1218 1219 
7 
387 388 1016 1222 1223 1224 1307 
6 
387 1015 1016 1221 1223 1224 
3 
1221 1222 1224 
3 
1221 1222 1223 
10 
538 539 702 703 1226 1227 1228 1375 1871 1952 
6 
1225 1227 1228 1716 1951 1952 
3 
1225 1226 1228 
5 
539 703 1225 1226 1227 
3 
1230 1231 1232 
3 
1229 1231 1232 
4 
1229 1230 1232 1462 
5 
1229 1230 1231 1461 1462 
7 
219 220 895 896 1234 1235 1236 
10 
21 219 713 869 872 895 1233 1235 1236 1304 
8 
21 24 713 716 872 1233 1234 1236 
4 
1233 1234 1235 1910 
4 
1238 1239 1240 1503 
3 
1237 1239 1240 
3 
1237 1238 1240 
3 
1237 1238 1239 
3 
1242 1243 1244 
3 
1241 1243 1244 
3 
1241 1242 1244 
3 
1241 1242 1243 
6 
73 76 1246 1247 1248 1817 
9 
73 74 75 76 1245 1247 1248 1817 1818 
10 
75 76 1245 1246 1248 1817 1818 1819 1820 1945 
6 
76 1245 1246 1247 1817 1820 
3 
1250 1251 1252 
7 
273 276 841 844 1249 1251 1252 
5 
276 844 1249 1250 1252 
4 
442 1249 1250 1251 
4 
168 1254 1255 1256 
5 
167 168 1253 1255 1256 
3 
1253 1254 1256 
3 
1253 1254 1255 
5 
505 506 1258 1259 1260 
4 
506 1257 1259 1260 
7 
318 506 507 838 1257 1258 1260 
12 
317 318 505 506 507 508 837 838 1257 1258 1259 1402 
6 
341 1262 1263 1264 1683 1913 
7 
341 342 1261 1263 1264 1913 1914 
11 
341 342 343 344 1261 1262 1264 1913 1914 1915 1916 
7 
341 344 1261 1262 1263 1913 1916 
3 
1266 1267 1268 
3 
1265 1267 1268 
3 
1265 1266 1268 
3 
1265 1266 1267 
3 
1270 1271 1272 
3 
1269 1271 1272 
3 
1269 1270 1272 
3 
1269 1270 1271 
3 
1274 1275 1276 
3 
1273 1275 1276 
3 
1273 1274 1276 
3 
1273 1274 1275 
3 
1278 1279 1280 
4 
1277 1279 1280 1693 
5 
1277 1278 1280 1693 1696 
3 
1277 1278 1279 
7 
603 604 973 974 1282 1283 1284 
5 
603 974 1281 1283 1284 
5 
974 975 1281 1282 1284 
7 
973 974 975 976 1281 1282 1283 
3 
1286 1287 1288 
4 
1285 1287 1288 1756 
3 
1285 1286 1288 
3 
1285 1286 1287 
5 
1290 1291 1292 1825 1828 
7 
1289 1291 1292 1825 1826 1827 1828 
5 
1289 1290 1292 1827 1828 
5 
1289 1290 1291 1828 1966 
3 
1294 1295 1296 
6 
136 905 932 1293 1295 1296 
7 
681 682 905 908 1293 1294 1296 
4 
681 1293 1294 1295 
13 
10 11 154 519 957 958 959 960 1298 1299 1300 1473 1474 
8 
473 958 959 1297 1299 1300 1474 1653 
11 
473 476 959 1297 1298 1300 1430 1474 1475 1653 1656 
15 
11 154 155 946 959 960 1297 1298 1299 1429 1430 1473 1474 1475 1476 
11 
3 218 894 1302 1303 1304 1796 1881 1882 1883 1884 
7 
1301 1303 1304 1795 1796 1882 1883 
8 
713 714 869 870 1301 1302 1304 1883 
12 
218 219 713 869 894 895 1234 1301 1302 1303 1883 1884 
6 
385 850 851 1306 1307 1308 
7 
297 300 385 386 1305 1307 1308 
9 
300 385 386 387 388 1221 1305 1306 1308 
7 
385 388 746 851 1305 1306 1307 
11 
151 261 262 263 264 337 338 951 1310 1311 1312 
6 
262 263 338 1309 1311 1312 
6 
263 338 339 1309 1310 1312 
9 
263 264 337 338 339 340 1309 1310 1311 
8 
515 516 565 568 1101 1314 1315 1316 
15 
421 424 429 515 565 566 567 568 1101 1102 1313 1315 1316 1665 1668 
11 
424 429 432 567 568 1103 1104 1313 1314 1316 1668 
6 
568 1104 1313 1314 1315 1714 
4 
630 1318 1319 1320 
3 
1317 1319 1320 
3 
1317 1318 1320 
5 
630 631 1317 1318 1319 
6 
18 1067 1068 1322 1323 1324 
4 
1067 1321 1323 1324 
3 
1321 1322 1324 
5 
18 19 1321 1322 1323 
4 
1326 1327 1328 1907 
3 
1325 1327 1328 
3 
1325 1326 1328 
3 
1325 1326 1327 
8 
1065 1330 1331 1332 1477 1478 1614 1615 
6 
1065 1066 1329 1331 1332 1478 
8 
1065 1066 1067 1068 1329 1330 1332 1479 
8 
1065 1068 1329 1330 1331 1479 1480 1615 
5 
614 615 1334 1335 1336 
3 
1333 1335 1336 
3 
1333 1334 1336 
4 
615 1333 1334 1335 
3 
1338 1339 1340 
3 
1337 1339 1340 
4 
1337 1338 1340 1758 
4 
1337 1338 1339 1757 
8 
333 336 1110 1342 1343 1344 1513 1516 
12 
333 334 335 336 1341 1343 1344 1513 1514 1515 1516 1904 
8 
335 336 1341 1342 1344 1515 1516 1813 
7 
336 1110 1111 1341 1342 1343 1516 
4 
1094 1346 1347 1348 
3 
1345 1347 1348 
6 
921 1345 1346 1348 1517 1518 
6 
1094 1095 1345 1346 1347 1517 
3 
1350 1351 1352 
3 
1349 1351 1352 
3 
1349 1350 1352 
3 
1349 1350 1351 
3 
1354 1355 1356 
3 
1353 1355 1356 
4 
197 1353 1354 1356 
3 
1353 1354 1355 
5 
556 907 1358 1359 1360 
5 
555 556 1357 1359 1360 
3 
1357 1358 1360 
4 
210 1357 1358 1359 
3 
1362 1363 1364 
3 
1361 1363 1364 
3 
1361 1362 1364 
4 
670 1361 1362 1363 
5 
962 963 1366 1367 1368 
3 
1365 1367 1368 
3 
1365 1366 1368 
4 
963 1365 1366 1367 
7 
209 210 211 212 1370 1371 1372 
5 
210 211 1369 1371 1372 
6 
211 493 941 1369 1370 1372 
5 
211 212 1369 1370 1371 
7 
537 701 1374 1375 1376 1869 1870 
8 
537 538 701 702 1373 1375 1376 1870 
14 
537 538 539 540 701 702 703 704 1225 1373 1374 1376 1870 1871 
11 
537 540 701 704 1373 1374 1375 1869 1870 1871 1872 
4 
1378 1379 1380 1554 
4 
1061 1377 1379 1380 
5 
1061 1064 1377 1378 1380 
6 
1214 1377 1378 1379 1554 1555 
7 
425 426 427 428 1382 1383 1384 
6 
17 426 427 1381 1383 1384 
6 
17 20 427 1381 1382 1384 
5 
427 428 1381 1382 1383 
3 
1386 1387 1388 
5 
397 400 1385 1387 1388 
4 
400 1385 1386 1388 
3 
1385 1386 1387 
3 
1390 1391 1392 
4 
549 1389 1391 1392 
5 
549 552 1389 1390 1392 
3 
1389 1390 1391 
4 
1394 1395 1396 1541 
5 
1393 1395 1396 1541 1542 
8 
417 1393 1394 1396 1541 1542 1543 1544 
5 
1393 1394 1395 1541 1544 
3 
1398 1399 1400 
3 
1397 1399 1400 
3 
1397 1398 1400 
3 
1397 1398 1399 
3 
1402 1403 1404 
8 
317 320 508 837 1260 1401 1403 1404 
7 
320 837 840 1401 1402 1404 1761 
3 
1401 1402 1403 
3 
1406 1407 1408 
3 
1405 1407 1408 
3 
1405 1406 1408 
3 
1405 1406 1407 
9 
147 148 705 708 1410 1411 1412 1522 1523 
8 
147 705 706 707 708 1409 1411 1412 
5 
707 708 1409 1410 1412 
5 
708 1409 1410 1411 1523 
4 
1414 1415 1416 1449 
5 
1413 1415 1416 1449 1450 
9 
97 1413 1414 1416 1449 1450 1451 1452 1834 
7 
1413 1414 1415 1449 1452 1833 1834 
9 
255 989 990 991 992 1418 1419 1420 1734 
6 
328 990 991 1417 1419 1420 
4 
991 1417 1418 1420 
7 
991 992 1417 1418 1419 1734 1735 
8 
581 1422 1423 1424 1646 1647 1805 1806 
6 
581 582 1421 1423 1424 1806 
8 
581 582 583 584 1421 1422 1424 1807 
8 
581 584 1421 1422 1423 1647 1807 1808 
4 
174 1426 1427 1428 
3 
1425 1427 1428 
3 
1425 1426 1428 
5 
174 175 1425 1426 1427 
19 
11 12 153 154 155 156 945 946 960 1019 1300 1430 1431 1432 1473 1474 1475 1476 1670 
13 
11 154 155 946 959 960 1299 1300 1429 1431 1432 1474 1475 
7 
155 946 947 1429 1430 1432 1475 
13 
155 156 945 946 947 948 1429 1430 1431 1475 1476 1670 1671 
6 
308 1434 1435 1436 1575 1640 
7 
307 308 1433 1435 1436 1639 1640 
3 
1433 1434 1436 
4 
1433 1434 1435 1558 
3 
1438 1439 1440 
3 
1437 1439 1440 
3 
1437 1438 1440 
3 
1437 1438 1439 
9 
501 502 597 600 611 612 1442 1443 1444 
9 
502 597 598 599 600 611 1441 1443 1444 
8 
502 503 599 600 822 1441 1442 1444 
10 
501 502 503 504 600 821 822 1441 1442 1443 
4 
509 1446 1447 1448 
8 
509 510 1445 1447 1448 1481 1705 1708 
7 
511 512 1445 1446 1448 1484 1708 
4 
512 1445 1446 1447 
7 
1413 1414 1415 1416 1450 1451 1452 
5 
1414 1415 1449 1451 1452 
6 
97 1415 1449 1450 1452 1834 
7 
1415 1416 1449 1450 1451 1833 1834 
3 
1454 1455 1456 
3 
1453 1455 1456 
3 
1453 1454 1456 
3 
1453 1454 1455 
6 
1458 1459 1460 1482 1706 1707 
4 
1457 1459 1460 1961 
7 
1157 1158 1457 1458 1460 1961 1964 
7 
1157 1457 1458 1459 1482 1483 1707 
4 
1232 1462 1463 1464 
5 
1231 1232 1461 1463 1464 
3 
1461 1462 1464 
3 
1461 1462 1463 
3 
1466 1467 1468 
3 
1465 1467 1468 
3 
1465 1466 1468 
3 
1465 1466 1467 
4 
1470 1471 1472 1538 
4 
1205 1469 1471 1472 
5 
1205 1208 1469 1470 1472 
5 
1469 1470 1471 1538 1539 
15 
11 12 153 154 945 946 960 1019 1297 1300 1429 1474 1475 1476 1670 
14 
11 154 946 959 960 1297 1298 1299 1300 1429 1430 1473 1475 1476 
13 
154 155 946 947 1299 1300 1429 1430 1431 1432 1473 1474 1476 
16 
153 154 155 156 945 946 947 948 1300 1429 1432 1473 1474 1475 1670 1671 
8 
1329 1478 1479 1480 1613 1614 1615 1616 
8 
1065 1329 1330 1477 1479 1480 1614 1615 
8 
1065 1068 1331 1332 1477 1478 1480 1615 
6 
1332 1477 1478 1479 1615 1616 
7 
510 1446 1482 1483 1484 1705 1708 
9 
1457 1460 1481 1483 1484 1705 1706 1707 1708 
8 
1460 1481 1482 1484 1689 1690 1707 1708 
8 
510 511 1447 1481 1482 1483 1689 1708 
3 
1486 1487 1488 
3 
1485 1487 1488 
3 
1485 1486 1488 
3 
1485 1486 1487 
4 
361 1490 1491 1492 
5 
361 362 1489 1491 1492 
8 
361 362 363 364 1153 1489 1490 1492 
5 
361 364 1489 1490 1491 
3 
1494 1495 1496 
3 
1493 1495 1496 
4 
1078 1493 1494 1496 
5 
1077 1078 1493 1494 1495 
4 
1498 1499 1500 1932 
4 
1497 1499 1500 1931 
3 
1497 1498 1500 
3 
1497 1498 1499 
6 
806 1117 1118 1502 1503 1504 
4 
1118 1501 1503 1504 
7 
690 1118 1119 1237 1501 1502 1504 
11 
689 690 806 807 1117 1118 1119 1120 1501 1502 1503 
6 
50 51 279 1506 1507 1508 
3 
1505 1507 1508 
4 
654 1505 1506 1508 
6 
51 653 654 1505 1506 1507 
5 
121 122 1510 1511 1512 
4 
122 1509 1511 1512 
4 
123 1509 1510 1512 
5 
123 124 1509 1510 1511 
8 
333 1341 1342 1514 1515 1516 1901 1904 
10 
333 334 1342 1513 1515 1516 1901 1902 1903 1904 
11 
333 334 335 336 1342 1343 1513 1514 1516 1903 1904 
10 
333 336 1341 1342 1343 1344 1513 1514 1515 1904 
5 
1347 1348 1518 1519 1520 
7 
53 921 924 1347 1517 1519 1520 
6 
53 56 924 1517 1518 1520 
3 
1517 1518 1519 
6 
621 622 1522 1523 1524 1919 
6 
148 622 1409 1521 1523 1524 
7 
622 623 1409 1412 1521 1522 1524 
7 
621 622 623 624 1521 1522 1523 
6 
1170 1526 1527 1528 1635 1636 
6 
69 72 1525 1527 1528 1635 
4 
72 1525 1526 1528 
4 
1171 1525 1526 1527 
5 
110 111 1530 1531 1532 
5 
753 756 1529 1531 1532 
4 
756 1529 1530 1532 
4 
111 1529 1530 1531 
3 
1534 1535 1536 
3 
1533 1535 1536 
4 
182 1533 1534 1536 
5 
181 182 1533 1534 1535 
7 
13 14 15 16 1538 1539 1540 
7 
14 15 1469 1472 1537 1539 1540 
5 
15 1472 1537 1538 1540 
5 
15 16 1537 1538 1539 
8 
417 1393 1394 1395 1396 1542 1543 1544 
8 
417 418 1394 1395 1541 1543 1544 1613 
10 
417 418 419 420 1395 1541 1542 1544 1613 1616 
7 
417 420 1395 1396 1541 1542 1543 
3 
1546 1547 1548 
3 
1545 1547 1548 
3 
1545 1546 1548 
3 
1545 1546 1547 
6 
580 750 1550 1551 1552 1998 
5 
579 580 1549 1551 1552 
3 
1549 1550 1552 
7 
750 751 1549 1550 1551 1998 1999 
7 
774 775 1045 1046 1554 1555 1556 
6 
1046 1377 1380 1553 1555 1556 
7 
1046 1047 1214 1380 1553 1554 1556 
10 
775 1045 1046 1047 1048 1213 1214 1553 1554 1555 
5 
881 882 1558 1559 1560 
5 
882 1436 1557 1559 1560 
7 
413 414 882 883 1557 1558 1560 
8 
413 881 882 883 884 1557 1558 1559 
4 
1173 1562 1563 1564 
7 
469 1080 1173 1174 1561 1563 1564 
9 
469 472 1173 1174 1175 1176 1561 1562 1564 
5 
1173 1176 1561 1562 1563 
9 
733 734 735 736 1566 1567 1568 1894 1895 
6 
734 735 1565 1567 1568 1853 
7 
735 1565 1566 1568 1853 1856 1957 
6 
735 736 1565 1566 1567 1895 
5 
1570 1571 1572 1711 1712 
4 
1569 1571 1572 1711 
3 
1569 1570 1572 
3 
1569 1570 1571 
3 
1574 1575 1576 
4 
84 1573 1575 1576 
4 
1433 1573 1574 1576 
3 
1573 1574 1575 
5 
997 998 1578 1579 1580 
5 
998 1577 1579 1580 1876 
4 
999 1577 1578 1580 
5 
999 1000 1577 1578 1579 
3 
1582 1583 1584 
3 
1581 1583 1584 
3 
1581 1582 1584 
3 
1581 1582 1583 
4 
817 1586 1587 1588 
5 
817 818 1585 1587 1588 
7 
817 818 819 820 1585 1586 1588 
5 
817 820 1585 1586 1587 
3 
1590 1591 1592 
3 
1589 1591 1592 
3 
1589 1590 1592 
3 
1589 1590 1591 
5 
365 451 1594 1595 1596 
5 
365 366 1593 1595 1596 
7 
365 366 367 368 1593 1594 1596 
5 
365 368 1593 1594 1595 
6 
75 1598 1599 1600 1945 1946 
4 
1597 1599 1600 1946 
5 
1597 1598 1600 1946 1947 
7 
1597 1598 1599 1945 1946 1947 1948 
3 
1602 1603 1604 
3 
1601 1603 1604 
3 
1601 1602 1604 
3 
1601 1602 1603 
3 
1606 1607 1608 
3 
1605 1607 1608 
3 
1605 1606 1608 
3 
1605 1606 1607 
5 
815 950 1610 1611 1612 
3 
1609 1611 1612 
4 
262 1609 1610 1612 
7 
261 262 950 951 1609 1610 1611 
7 
418 1477 1542 1543 1614 1615 1616 
6 
1329 1477 1478 1613 1615 1616 
9 
1329 1332 1477 1478 1479 1480 1613 1614 1616 
8 
418 419 1477 1480 1543 1613 1614 1615 
6 
457 460 1177 1618 1619 1620 
9 
457 458 459 460 1177 1178 1617 1619 1620 
9 
459 460 1177 1178 1179 1180 1617 1618 1620 
6 
460 1177 1180 1617 1618 1619 
4 
1130 1622 1623 1624 
3 
1621 1623 1624 
4 
873 1621 1622 1624 
5 
1130 1131 1621 1622 1623 
8 
295 296 544 1626 1627 1628 1857 1858 
7 
295 543 544 1625 1627 1628 1858 
6 
1058 1625 1626 1628 1858 1859 
9 
1057 1058 1625 1626 1627 1857 1858 1859 1860 
3 
1630 1631 1632 
3 
1629 1631 1632 
3 
1629 1630 1632 
3 
1629 1630 1631 
3 
1634 1635 1636 
3 
1633 1635 1636 
7 
69 1170 1525 1526 1633 1634 1636 
6 
1169 1170 1525 1633 1634 1635 
5 
305 308 1638 1639 1640 
5 
306 307 1637 1639 1640 
5 
307 1434 1637 1638 1640 
6 
308 1433 1434 1637 1638 1639 
3 
1642 1643 1644 
3 
1641 1643 1644 
3 
1641 1642 1644 
3 
1641 1642 1643 
3 
1646 1647 1648 
6 
581 1421 1645 1647 1648 1805 
9 
581 584 1421 1424 1645 1646 1648 1805 1808 
3 
1645 1646 1647 
7 
102 103 1650 1651 1652 1698 1699 
3 
1649 1651 1652 
3 
1649 1650 1652 
5 
103 1649 1650 1651 1699 
7 
473 474 1298 1299 1654 1655 1656 
8 
389 392 474 1653 1655 1656 1717 1720 
7 
392 474 475 1653 1654 1656 1720 
8 
473 474 475 476 1299 1653 1654 1655 
6 
228 1658 1659 1660 1985 1988 
9 
173 176 227 228 1657 1659 1660 1986 1987 
5 
176 1657 1658 1660 1987 
4 
1657 1658 1659 1988 
7 
1085 1086 1087 1088 1662 1663 1664 
5 
1086 1087 1661 1663 1664 
4 
1087 1661 1662 1664 
5 
1087 1088 1661 1662 1663 
11 
421 422 423 424 566 567 1102 1314 1666 1667 1668 
5 
422 423 1665 1667 1668 
6 
423 430 1089 1665 1666 1668 
12 
423 424 429 430 567 1102 1103 1314 1315 1665 1666 1667 
3 
1670 1671 1672 
11 
153 156 945 948 1429 1432 1473 1476 1669 1671 1672 
9 
156 917 918 948 1432 1476 1669 1670 1672 
4 
917 1669 1670 1671 
4 
285 1674 1675 1676 
5 
285 286 1673 1675 1676 
7 
285 286 287 288 1673 1674 1676 
5 
285 288 1673 1674 1675 
3 
1678 1679 1680 
3 
1677 1679 1680 
3 
1677 1678 1680 
3 
1677 1678 1679 
3 
1682 1683 1684 
3 
1681 1683 1684 
4 
1261 1681 1682 1684 
3 
1681 1682 1683 
5 
68 1686 1687 1688 1701 
9 
67 68 761 764 1685 1687 1688 1701 1702 
8 
764 1685 1686 1688 1701 1702 1703 1704 
5 
1685 1686 1687 1701 1704 
5 
1483 1484 1690 1691 1692 
6 
1157 1160 1483 1689 1691 1692 
4 
1160 1689 1690 1692 
3 
1689 1690 1691 
5 
1278 1279 1694 1695 1696 
3 
1693 1695 1696 
3 
1693 1694 1696 
4 
1279 1693 1694 1695 
5 
101 1698 1699 1700 1962 
6 
101 102 1649 1697 1699 1700 
9 
101 102 103 104 1649 1652 1697 1698 1700 
6 
101 104 1697 1698 1699 1963 
7 
1685 1686 1687 1688 1702 1703 1704 
8 
637 761 764 1686 1687 1701 1703 1704 
7 
637 640 764 1687 1701 1702 1704 
5 
1687 1688 1701 1702 1703 
7 
510 1446 1481 1482 1706 1707 1708 
5 
1457 1482 1705 1707 1708 
7 
1457 1460 1482 1483 1705 1706 1708 
11 
510 511 1446 1447 1481 1482 1483 1484 1705 1706 1707 
9 
469 470 471 472 1174 1175 1710 1711 1712 
5 
470 471 1709 1711 1712 
6 
471 1569 1570 1709 1710 1712 
7 
471 472 1175 1569 1709 1710 1711 
4 
1714 1715 1716 1950 
5 
568 1316 1713 1715 1716 
3 
1713 1714 1716 
6 
1226 1713 1714 1715 1950 1951 
8 
389 619 620 1654 1718 1719 1720 1788 
8 
389 390 619 1717 1719 1720 1787 1788 
7 
389 390 391 392 1717 1718 1720 
7 
389 392 1654 1655 1717 1718 1719 
6 
902 903 1722 1723 1724 1816 
5 
1721 1723 1724 1815 1816 
4 
758 1721 1722 1724 
6 
757 758 903 1721 1722 1723 
3 
1726 1727 1728 
5 
1725 1727 1728 1845 1848 
5 
814 1725 1726 1728 1848 
5 
813 814 1725 1726 1727 
4 
772 1730 1731 1732 
5 
771 772 1729 1731 1732 
3 
1729 1730 1732 
4 
94 1729 1730 1731 
6 
989 992 1734 1735 1736 1779 
9 
989 990 991 992 1417 1420 1733 1735 1736 
6 
991 992 1420 1733 1734 1736 
4 
992 1733 1734 1735 
9 
247 248 779 780 1738 1739 1740 1921 1922 
6 
247 779 1737 1739 1740 1922 
5 
1737 1738 1740 1922 1923 
7 
1737 1738 1739 1921 1922 1923 1924 
6 
527 1742 1743 1744 1893 1896 
9 
733 736 1741 1743 1744 1893 1894 1895 1896 
7 
230 736 1741 1742 1744 1895 1896 
6 
229 230 1741 1742 1743 1896 
4 
331 1746 1747 1748 
3 
1745 1747 1748 
3 
1745 1746 1748 
3 
1745 1746 1747 
3 
1750 1751 1752 
3 
1749 1751 1752 
3 
1749 1750 1752 
3 
1749 1750 1751 
3 
1754 1755 1756 
4 
16 1753 1755 1756 
5 
793 794 1753 1754 1756 
5 
793 1286 1753 1754 1755 
4 
1340 1758 1759 1760 
4 
1339 1757 1759 1760 
3 
1757 1758 1760 
4 
1757 1758 1759 1906 
8 
319 320 839 840 1403 1762 1763 1764 
5 
319 839 1761 1763 1764 
4 
626 1761 1762 1764 
5 
625 626 1761 1762 1763 
6 
828 1766 1767 1768 1850 1851 
5 
827 828 1765 1767 1768 
3 
1765 1766 1768 
4 
1765 1766 1767 1851 
4 
632 1770 1771 1772 
5 
631 632 1769 1771 1772 
3 
1769 1770 1772 
3 
1769 1770 1771 
3 
1774 1775 1776 
3 
1773 1775 1776 
3 
1773 1774 1776 
3 
1773 1774 1775 
7 
937 938 939 940 1778 1779 1780 
7 
253 256 938 939 1777 1779 1780 
6 
256 939 1733 1777 1778 1780 
5 
939 940 1777 1778 1779 
5 
643 644 1782 1783 1784 
5 
643 741 1781 1783 1784 
5 
741 744 1781 1782 1784 
3 
1781 1782 1783 
5 
367 618 1786 1787 1788 
3 
1785 1787 1788 
5 
390 1718 1785 1786 1788 
9 
389 390 618 619 1717 1718 1785 1786 1787 
6 
635 636 1790 1791 1792 1794 
4 
635 1789 1791 1792 
3 
1789 1790 1792 
5 
1789 1790 1791 1794 1795 
4 
1035 1794 1795 1796 
5 
1789 1792 1793 1795 1796 
6 
1113 1302 1792 1793 1794 1796 
6 
1301 1302 1793 1794 1795 1882 
4 
790 1798 1799 1800 
3 
1797 1799 1800 
6 
42 485 486 1797 1798 1800 
8 
41 42 485 790 791 1797 1798 1799 
3 
1802 1803 1804 
3 
1801 1803 1804 
3 
1801 1802 1804 
3 
1801 1802 1803 
7 
581 1421 1646 1647 1806 1807 1808 
7 
581 582 1421 1422 1805 1807 1808 
9 
581 582 583 584 1423 1424 1805 1806 1808 
7 
581 584 1424 1647 1805 1806 1807 
5 
897 900 1810 1811 1812 
7 
897 898 899 900 1809 1811 1812 
5 
899 900 1809 1810 1812 
4 
900 1809 1810 1811 
6 
335 336 1343 1814 1815 1816 
4 
335 1813 1815 1816 
4 
1722 1813 1814 1816 
6 
902 1721 1722 1813 1814 1815 
8 
76 1245 1246 1247 1248 1818 1819 1820 
8 
75 76 1246 1247 1817 1819 1820 1945 
6 
1247 1817 1818 1820 1945 1948 
5 
1247 1248 1817 1818 1819 
4 
1212 1822 1823 1824 
5 
1211 1212 1821 1823 1824 
6 
569 570 786 1821 1822 1824 
6 
569 785 786 1821 1822 1823 
5 
1289 1290 1826 1827 1828 
4 
1290 1825 1827 1828 
6 
725 1290 1291 1825 1826 1828 
8 
1289 1290 1291 1292 1825 1826 1827 1966 
3 
1830 1831 1832 
3 
1829 1831 1832 
3 
1829 1830 1832 
3 
1829 1830 1831 
7 
1061 1062 1416 1452 1834 1835 1836 
8 
1062 1415 1416 1451 1452 1833 1835 1836 
5 
1062 1063 1833 1834 1836 
7 
1061 1062 1063 1064 1833 1834 1835 
3 
1838 1839 1840 
3 
1837 1839 1840 
3 
1837 1838 1840 
3 
1837 1838 1839 
6 
517 1195 1196 1842 1843 1844 
6 
517 518 1195 1841 1843 1844 
10 
9 10 517 518 519 520 1018 1841 1842 1844 
8 
9 517 520 1017 1018 1841 1842 1843 
4 
1726 1846 1847 1848 
3 
1845 1847 1848 
3 
1845 1846 1848 
5 
1726 1727 1845 1846 1847 
3 
1850 1851 1852 
4 
1765 1849 1851 1852 
5 
1765 1768 1849 1850 1852 
3 
1849 1850 1851 
5 
1566 1567 1854 1855 1856 
3 
1853 1855 1856 
6 
185 186 1853 1854 1856 1958 
7 
185 1567 1853 1854 1855 1957 1958 
9 
296 544 1057 1058 1625 1628 1858 1859 1860 
12 
295 296 543 544 1058 1625 1626 1627 1628 1857 1859 1860 
7 
1058 1059 1627 1628 1857 1858 1860 
8 
1057 1058 1059 1060 1628 1857 1858 1859 
6 
19 20 898 1862 1863 1864 
4 
19 1861 1863 1864 
3 
1861 1862 1864 
5 
898 899 1861 1862 1863 
3 
1866 1867 1868 
3 
1865 1867 1868 
3 
1865 1866 1868 
3 
1865 1866 1867 
7 
537 701 1373 1376 1870 1871 1872 
11 
537 538 701 702 1373 1374 1375 1376 1869 1871 1872 
14 
537 538 539 540 701 702 703 704 1225 1375 1376 1869 1870 1872 
8 
537 540 701 704 1376 1869 1870 1871 
5 
551 552 1874 1875 1876 
4 
551 1873 1875 1876 
3 
1873 1874 1876 
4 
1578 1873 1874 1875 
7 
673 674 675 676 1878 1879 1880 
5 
674 675 1877 1879 1880 
5 
310 675 1877 1878 1880 
7 
309 310 675 676 1877 1878 1879 
6 
3 218 1301 1882 1883 1884 
6 
1301 1302 1796 1881 1883 1884 
8 
869 1301 1302 1303 1304 1881 1882 1884 
8 
218 219 894 1301 1304 1881 1882 1883 
5 
909 912 1886 1887 1888 
7 
909 910 911 912 1885 1887 1888 
5 
911 912 1885 1886 1888 
4 
912 1885 1886 1887 
5 
82 83 1890 1891 1892 
3 
1889 1891 1892 
4 
306 1889 1890 1892 
6 
83 305 306 1889 1890 1891 
7 
526 527 1741 1742 1894 1895 1896 
7 
733 736 1565 1742 1893 1895 1896 
8 
736 1565 1568 1742 1743 1893 1894 1896 
8 
527 1741 1742 1743 1744 1893 1894 1895 
4 
439 1898 1899 1900 
4 
140 1897 1899 1900 
5 
221 222 1897 1898 1900 
4 
221 1897 1898 1899 
8 
333 334 688 1513 1514 1902 1903 1904 
8 
141 334 687 688 1514 1901 1903 1904 
9 
141 144 334 335 1514 1515 1901 1902 1904 
12 
333 334 335 336 1342 1513 1514 1515 1516 1901 1902 1903 
3 
1906 1907 1908 
4 
1760 1905 1907 1908 
4 
1325 1905 1906 1908 
3 
1905 1906 1907 
7 
1149 1150 1910 1911 1912 1982 1983 
5 
1150 1236 1909 1911 1912 
6 
477 1150 1151 1909 1910 1912 
8 
1149 1150 1151 1152 1909 1910 1911 1983 
9 
341 342 1261 1262 1263 1264 1914 1915 1916 
6 
342 1262 1263 1913 1915 1916 
6 
342 343 1263 1913 1914 1916 
9 
341 342 343 344 1263 1264 1913 1914 1915 
3 
1918 1919 1920 
3 
1917 1919 1920 
5 
621 1521 1917 1918 1920 
3 
1917 1918 1919 
8 
248 779 780 1737 1740 1922 1923 1924 
10 
247 248 779 1737 1738 1739 1740 1921 1923 1924 
5 
1739 1740 1921 1922 1924 
4 
1740 1921 1922 1923 
3 
1926 1927 1928 
3 
1925 1927 1928 
3 
1925 1926 1928 
3 
1925 1926 1927 
4 
812 1930 1931 1932 
5 
811 812 1929 1931 1932 
4 
1498 1929 1930 1932 
4 
1497 1929 1930 1931 
3 
1934 1935 1936 
3 
1933 1935 1936 
3 
1933 1934 1936 
3 
1933 1934 1935 
3 
1938 1939 1940 
3 
1937 1939 1940 
3 
1937 1938 1940 
3 
1937 1938 1939 
3 
1942 1943 1944 
3 
1941 1943 1944 
3 
1941 1942 1944 
3 
1941 1942 1943 
10 
75 76 1247 1597 1600 1818 1819 1946 1947 1948 
8 
75 1597 1598 1599 1600 1945 1947 1948 
5 
1599 1600 1945 1946 1948 
5 
1600 1819 1945 1946 1947 
5 
538 702 1950 1951 1952 
5 
1713 1716 1949 1951 1952 
5 
1226 1716 1949 1950 1952 
9 
538 539 702 703 1225 1226 1949 1950 1951 
3 
1954 1955 1956 
3 
1953 1955 1956 
5 
1953 1954 1956 1973 1974 
4 
1953 1954 1955 1973 
6 
185 1567 1856 1958 1959 1960 
7 
185 186 1855 1856 1957 1959 1960 
7 
185 186 187 188 1957 1958 1960 
5 
185 188 1957 1958 1959 
6 
1158 1458 1459 1962 1963 1964 
4 
1697 1961 1963 1964 
4 
1700 1961 1962 1964 
6 
1158 1159 1459 1961 1962 1963 
3 
1966 1967 1968 
5 
1292 1828 1965 1967 1968 
5 
409 586 1965 1966 1968 
5 
585 586 1965 1966 1967 
3 
1970 1971 1972 
3 
1969 1971 1972 
3 
1969 1970 1972 
3 
1969 1970 1971 
5 
1955 1956 1974 1975 1976 
4 
1955 1973 1975 1976 
3 
1973 1974 1976 
3 
1973 1974 1975 
4 
529 1978 1979 1980 
5 
529 530 1977 1979 1980 
9 
529 530 531 532 737 738 1977 1978 1980 
6 
529 532 737 1977 1978 1979 
4 
726 1982 1983 1984 
5 
1149 1909 1981 1983 1984 
7 
1149 1152 1909 1912 1981 1982 1984 
5 
726 727 1981 1982 1983 
6 
225 228 1657 1986 1987 1988 
9 
173 225 226 227 228 1658 1985 1987 1988 
9 
173 176 227 228 1658 1659 1985 1986 1988 
6 
228 1657 1660 1985 1986 1987 
3 
1990 1991 1992 
3 
1989 1991 1992 
5 
125 126 1989 1990 1992 
4 
125 1989 1990 1991 
3 
1994 1995 1996 
3 
1993 1995 1996 
4 
1182 1993 1994 1996 
5 
1181 1182 1993 1994 1995 
4 
749 1998 1999 2000 
8 
580 749 750 1549 1552 1997 1999 2000 
8 
749 750 751 752 1552 1997 1998 2000 
5 
749 752 1997 1998 1999 