
500 
4 
3 
2 3 4 
4 
1 3 4 1620 
5 
1 2 4 1437 1438 
4 
1 2 3 1437 
3 
6 7 8 
3 
5 7 8 
3 
5 6 8 
3 
5 6 7 
7 
10 11 12 353 963 964 1805 
10 
9 11 12 353 354 845 963 1096 1805 1806 
13 
9 10 12 353 354 355 356 845 848 1805 1806 1807 1808 
7 
9 10 11 353 356 1805 1808 
10 
14 15 16 25 888 959 960 1531 1532 1639 
10 
13 15 16 25 26 887 888 933 959 1531 
11 
13 14 16 25 26 27 28 933 936 1393 1394 
6 
13 14 15 25 28 1393 
6 
18 19 20 93 94 1002 
4 
17 19 20 94 
5 
17 18 20 94 95 
9 
17 18 19 93 94 95 96 1002 1003 
3 
22 23 24 
5 
21 23 24 961 964 
4 
21 22 24 964 
3 
21 22 23 
9 
13 14 15 16 26 27 28 933 936 
10 
14 15 25 27 28 933 934 935 936 1148 
8 
15 25 26 28 935 936 1394 1705 
8 
15 16 25 26 27 936 1393 1394 
5 
30 31 32 91 92 
4 
29 31 32 91 
3 
29 30 32 
3 
29 30 31 
5 
34 35 36 1586 1587 
5 
33 35 36 593 596 
5 
33 34 36 398 596 
6 
33 34 35 397 398 1587 
7 
38 39 40 1853 1854 1855 1856 
6 
37 39 40 1468 1854 1855 
4 
37 38 40 1855 
5 
37 38 39 1855 1856 
4 
42 43 44 499 
3 
41 43 44 
3 
41 42 44 
3 
41 42 43 
9 
46 47 48 1046 1047 1225 1226 1227 1228 
5 
45 47 48 1226 1227 
4 
45 46 48 1227 
6 
45 46 47 1047 1227 1228 
9 
50 51 52 698 853 856 971 1315 1316 
8 
49 51 52 853 854 855 856 1315 
6 
49 50 52 855 856 1005 
6 
49 50 51 698 699 856 
3 
54 55 56 
3 
53 55 56 
3 
53 54 56 
3 
53 54 55 
3 
58 59 60 
3 
57 59 60 
3 
57 58 60 
3 
57 58 59 
7 
62 63 64 745 746 1571 1572 
5 
61 63 64 746 1571 
6 
61 62 64 101 102 747 
6 
61 62 63 101 747 748 
3 
66 67 68 
3 
65 67 68 
3 
65 66 68 
3 
65 66 67 
3 
70 71 72 
7 
69 71 72 1269 1272 1841 1844 
5 
69 70 72 1272 1844 
3 
69 70 71 
3 
74 75 76 
4 
73 75 76 1008 
3 
73 74 76 
3 
73 74 75 
4 
78 79 80 130 
3 
77 79 80 
3 
77 78 80 
5 
77 78 79 130 131 
6 
82 83 84 997 1000 1024 
11 
81 83 84 181 184 997 998 999 1000 1023 1024 
6 
81 82 84 184 999 1000 
4 
81 82 83 1000 
5 
86 87 88 1103 1298 
4 
85 87 88 1608 
4 
85 86 88 226 
7 
85 86 87 225 226 1298 1299 
3 
90 91 92 
3 
89 91 92 
5 
29 30 89 90 92 
4 
29 89 90 91 
6 
17 20 94 95 96 1002 
7 
17 18 19 20 93 95 96 
6 
19 20 93 94 96 201 
6 
20 93 94 95 1002 1003 
3 
98 99 100 
3 
97 99 100 
4 
97 98 100 1493 
3 
97 98 99 
7 
63 64 102 103 104 747 748 
5 
63 101 103 104 747 
3 
101 102 104 
3 
101 102 103 
12 
106 107 108 917 918 919 920 1184 1873 1874 1875 1876 
10 
105 107 108 918 919 1183 1184 1665 1874 1875 
8 
105 106 108 919 1386 1665 1668 1875 
9 
105 106 107 919 920 1385 1386 1875 1876 
3 
110 111 112 
3 
109 111 112 
7 
109 110 112 205 206 1361 1362 
5 
109 110 111 205 1361 
5 
114 115 116 1563 1564 
4 
113 115 116 1563 
4 
113 114 116 826 
5 
113 114 115 825 826 
6 
118 119 120 155 1657 1658 
4 
117 119 120 1658 
5 
117 118 120 1658 1659 
7 
117 118 119 1657 1658 1659 1660 
4 
122 123 124 635 
3 
121 123 124 
3 
121 122 124 
3 
121 122 123 
5 
126 127 128 1890 1891 
3 
125 127 128 
4 
125 126 128 1026 
6 
125 126 127 1025 1026 1891 
7 
130 131 132 563 564 1645 1646 
7 
77 80 129 131 132 563 1646 
6 
80 129 130 132 1646 1647 
7 
129 130 131 1645 1646 1647 1648 
5 
134 135 136 738 1594 
3 
133 135 136 
3 
133 134 136 
7 
133 134 135 738 739 1594 1595 
7 
138 139 140 749 750 751 752 
6 
137 139 140 496 750 751 
4 
137 138 140 751 
5 
137 138 139 751 752 
5 
142 143 144 307 308 
7 
141 143 144 307 1057 1633 1636 
6 
141 142 144 1057 1060 1636 
4 
141 142 143 1294 
5 
146 147 148 1597 1600 
7 
145 147 148 1597 1598 1599 1600 
5 
145 146 148 1599 1600 
4 
145 146 147 1600 
4 
150 151 152 1991 
4 
149 151 152 1080 
3 
149 150 152 
3 
149 150 151 
5 
154 155 156 595 596 
4 
153 155 156 595 
6 
117 153 154 156 1657 1658 
4 
153 154 155 1657 
4 
158 159 160 266 
3 
157 159 160 
4 
157 158 160 1625 
5 
157 158 159 266 267 
6 
162 163 164 277 1421 1422 
6 
161 163 164 277 278 1422 
9 
161 162 164 277 278 279 280 1422 1423 
9 
161 162 163 277 280 1421 1422 1423 1424 
4 
166 167 168 419 
3 
165 167 168 
3 
165 166 168 
3 
165 166 167 
3 
170 171 172 
3 
169 171 172 
3 
169 170 172 
3 
169 170 171 
5 
174 175 176 1505 1508 
7 
173 175 176 1505 1506 1507 1508 
5 
173 174 176 1507 1508 
4 
173 174 175 1508 
3 
178 179 180 
4 
177 179 180 1165 
5 
177 178 180 1165 1168 
3 
177 178 179 
12 
82 182 183 184 997 998 999 1000 1021 1022 1023 1024 
7 
181 183 184 998 999 1022 1023 
5 
181 182 184 999 1023 
9 
82 83 181 182 183 999 1000 1023 1024 
4 
186 187 188 949 
7 
185 187 188 949 950 989 992 
8 
185 186 188 949 950 951 952 992 
5 
185 186 187 949 952 
8 
190 191 192 929 930 931 932 1398 
5 
189 191 192 930 931 
4 
189 190 192 931 
7 
189 190 191 931 932 1398 1399 
6 
194 195 196 348 913 914 
5 
193 195 196 347 914 
5 
193 194 196 914 915 
7 
193 194 195 913 914 915 916 
3 
198 199 200 
4 
197 199 200 817 
7 
197 198 200 817 820 1537 1538 
4 
197 198 199 1537 
4 
95 202 203 204 
4 
201 203 204 733 
5 
201 202 204 733 736 
3 
201 202 203 
7 
111 112 206 207 208 1361 1362 
5 
111 205 207 208 1362 
7 
205 206 208 298 1186 1362 1363 
11 
205 206 207 297 298 1185 1186 1361 1362 1363 1364 
3 
210 211 212 
4 
209 211 212 841 
5 
209 210 212 841 844 
3 
209 210 211 
4 
214 215 216 894 
5 
213 215 216 569 572 
6 
213 214 216 572 1761 1762 
7 
213 214 215 574 894 895 1761 
6 
218 219 220 319 320 1070 
4 
217 219 220 319 
6 
217 218 220 877 985 986 
6 
217 218 219 985 1070 1071 
3 
222 223 224 
5 
221 223 224 357 360 
5 
221 222 224 360 1157 
3 
221 222 223 
5 
88 226 227 228 1299 
5 
87 88 225 227 228 
4 
225 226 228 1045 
3 
225 226 227 
5 
230 231 232 1265 1266 
4 
229 231 232 1266 
7 
229 230 232 1205 1206 1266 1267 
8 
229 230 231 1205 1265 1266 1267 1268 
4 
234 235 236 1470 
3 
233 235 236 
3 
233 234 236 
4 
233 234 235 1471 
7 
238 239 240 833 834 1549 1550 
6 
237 239 240 834 1473 1550 
11 
237 238 240 294 834 835 1174 1473 1476 1550 1551 
15 
237 238 239 293 294 833 834 835 836 1173 1174 1549 1550 1551 1552 
11 
242 243 244 753 754 872 1343 1344 1606 1797 1798 
8 
241 243 244 754 871 872 1343 1798 
7 
241 242 244 754 755 1798 1799 
12 
241 242 243 753 754 755 756 1607 1797 1798 1799 1800 
5 
246 247 248 655 760 
5 
245 247 248 759 760 
3 
245 246 248 
3 
245 246 247 
5 
250 251 252 1221 1224 
7 
249 251 252 1221 1222 1223 1224 
5 
249 250 252 1223 1224 
5 
249 250 251 1224 1566 
4 
254 255 256 1835 
3 
253 255 256 
5 
253 254 256 381 1501 
3 
253 254 255 
4 
258 259 260 1818 
3 
257 259 260 
5 
257 258 260 898 1461 
7 
257 258 259 897 898 1818 1819 
8 
262 263 264 923 1220 1391 1402 1403 
5 
261 263 264 1219 1220 
3 
261 262 264 
4 
261 262 263 1403 
9 
266 267 268 1054 1055 1705 1706 1707 1708 
7 
157 160 265 267 268 1706 1707 
5 
160 265 266 268 1707 
6 
265 266 267 1055 1707 1708 
4 
270 271 272 1446 
3 
269 271 272 
5 
269 270 272 801 802 
5 
269 270 271 801 1447 
3 
274 275 276 
3 
273 275 276 
3 
273 274 276 
3 
273 274 275 
9 
161 162 163 164 278 279 280 1421 1422 
8 
162 163 277 279 280 1422 1885 1888 
7 
163 277 278 280 1422 1423 1888 
9 
163 164 277 278 279 1421 1422 1423 1424 
12 
282 283 284 797 798 799 800 1017 1018 1019 1020 1910 
7 
281 283 284 798 799 1018 1019 
5 
281 282 284 799 1019 
8 
281 282 283 799 800 1019 1020 1911 
6 
286 287 288 1370 1371 1716 
5 
285 287 288 1715 1716 
4 
285 286 288 590 
6 
285 286 287 589 590 1371 
5 
290 291 292 501 1014 
5 
289 291 292 501 502 
7 
289 290 292 501 502 503 504 
7 
289 290 291 501 504 1014 1015 
13 
240 294 295 296 835 836 1173 1174 1175 1176 1551 1552 1585 
12 
239 240 293 295 296 835 1174 1175 1476 1551 1585 1586 
9 
293 294 296 1175 1585 1586 1587 1588 1962 
9 
293 294 295 1175 1176 1585 1588 1961 1962 
10 
208 298 299 300 1185 1186 1187 1188 1364 1849 
12 
207 208 297 299 300 1186 1187 1363 1364 1481 1849 1850 
10 
297 298 300 1187 1481 1484 1849 1850 1851 1852 
7 
297 298 299 1187 1188 1849 1852 
4 
302 303 304 1073 
6 
301 303 304 1073 1074 1197 
12 
301 302 304 1073 1074 1075 1076 1200 1673 1789 1790 1966 
8 
301 302 303 1073 1076 1789 1965 1966 
7 
306 307 308 437 440 1247 1248 
8 
305 307 308 437 438 439 440 1247 
8 
141 142 305 306 308 439 440 1633 
5 
141 305 306 307 440 
3 
310 311 312 
3 
309 311 312 
3 
309 310 312 
3 
309 310 311 
3 
314 315 316 
3 
313 315 316 
3 
313 314 316 
4 
313 314 315 1118 
3 
318 319 320 
3 
317 319 320 
6 
217 218 317 318 320 1070 
6 
217 317 318 319 1069 1070 
6 
322 323 324 786 1081 1084 
7 
321 323 324 1081 1082 1083 1084 
8 
321 322 324 1029 1030 1083 1084 1814 
9 
321 322 323 786 787 1029 1084 1813 1814 
3 
326 327 328 
5 
325 327 328 605 1848 
5 
325 326 328 605 608 
3 
325 326 327 
5 
330 331 332 641 642 
5 
329 331 332 642 729 
7 
329 330 332 642 643 729 732 
7 
329 330 331 641 642 643 644 
4 
334 335 336 669 
5 
333 335 336 669 670 
7 
333 334 336 669 670 671 672 
5 
333 334 335 669 672 
4 
338 339 340 1495 
3 
337 339 340 
3 
337 338 340 
3 
337 338 339 
4 
342 343 344 1404 
7 
341 343 344 924 1392 1403 1404 
3 
341 342 344 
3 
341 342 343 
7 
346 347 348 1333 1334 1335 1336 
5 
345 347 348 1334 1335 
5 
194 345 346 348 1335 
6 
193 345 346 347 1335 1336 
5 
350 351 352 1049 1052 
7 
349 351 352 1049 1050 1051 1052 
5 
349 350 352 1051 1052 
4 
349 350 351 1052 
11 
9 10 11 12 354 355 356 963 964 1096 1805 
10 
10 11 353 355 356 845 963 1095 1096 1806 
8 
11 353 354 356 845 848 1806 1807 
7 
11 12 353 354 355 1805 1808 
5 
222 358 359 360 1881 
5 
357 359 360 1881 1882 
7 
357 358 360 1881 1882 1883 1884 
7 
222 223 357 358 359 1881 1884 
3 
362 363 364 
4 
361 363 364 480 
3 
361 362 364 
3 
361 362 363 
6 
366 367 368 435 1453 1456 
7 
365 367 368 1453 1454 1455 1456 
5 
365 366 368 1455 1456 
4 
365 366 367 1456 
3 
370 371 372 
3 
369 371 372 
3 
369 370 372 
3 
369 370 371 
6 
374 375 376 889 890 1908 
6 
373 375 376 890 1907 1908 
4 
373 374 376 891 
6 
373 374 375 891 892 1734 
5 
378 379 380 756 1800 
7 
377 379 380 755 756 1799 1800 
5 
377 378 380 1225 1226 
4 
377 378 379 1225 
5 
255 382 383 384 1501 
5 
381 383 384 1501 1502 
7 
381 382 384 1501 1502 1503 1504 
5 
381 382 383 1501 1504 
4 
386 387 388 1988 
5 
385 387 388 1987 1988 
7 
385 386 388 685 1309 1310 1913 
4 
385 386 387 1309 
8 
390 391 392 1037 1385 1386 1387 1388 
8 
389 391 392 1037 1038 1386 1387 1668 
8 
389 390 392 1037 1038 1039 1040 1387 
8 
389 390 391 1037 1040 1154 1387 1388 
6 
394 395 396 535 536 1624 
6 
393 395 396 535 1623 1624 
3 
393 394 396 
3 
393 394 395 
5 
36 398 399 400 1094 
5 
35 36 397 399 400 
3 
397 398 400 
5 
397 398 399 1094 1095 
6 
402 403 404 619 620 1630 
4 
401 403 404 619 
4 
401 402 404 1290 
7 
401 402 403 1289 1290 1630 1631 
7 
406 407 408 537 540 1721 1722 
8 
405 407 408 537 538 539 540 1722 
7 
405 406 408 539 540 1722 1723 
8 
405 406 407 540 1721 1722 1723 1724 
7 
410 411 412 1765 1766 1767 1768 
6 
409 411 412 1736 1766 1767 
4 
409 410 412 1767 
5 
409 410 411 1767 1768 
3 
414 415 416 
5 
413 415 416 517 520 
6 
413 414 416 520 1009 1010 
4 
413 414 415 1009 
4 
418 419 420 728 
5 
417 419 420 727 728 
4 
165 417 418 420 
3 
417 418 419 
7 
422 423 424 741 742 1042 1324 
6 
421 423 424 742 1323 1324 
7 
421 422 424 742 743 1709 1710 
10 
421 422 423 741 742 743 744 1042 1043 1709 
6 
426 427 428 1365 1366 1622 
4 
425 427 428 1366 
5 
425 426 428 1366 1367 
9 
425 426 427 1365 1366 1367 1368 1622 1623 
3 
430 431 432 
3 
429 431 432 
3 
429 430 432 
4 
429 430 431 858 
5 
434 435 436 1134 1135 
3 
433 435 436 
4 
365 433 434 436 
4 
433 434 435 1135 
8 
305 306 438 439 440 551 552 1247 
5 
306 437 439 440 551 
5 
306 307 437 438 440 
7 
305 306 307 308 437 438 439 
3 
442 443 444 
3 
441 443 444 
3 
441 442 444 
3 
441 442 443 
4 
446 447 448 857 
5 
445 447 448 857 858 
5 
445 446 448 859 860 
4 
445 446 447 860 
6 
450 451 452 653 656 772 
10 
449 451 452 653 654 655 656 771 772 840 
5 
449 450 452 655 656 
4 
449 450 451 656 
3 
454 455 456 
3 
453 455 456 
7 
453 454 456 577 578 1557 1558 
5 
453 454 455 577 1557 
4 
458 459 460 866 
3 
457 459 460 
3 
457 458 460 
5 
457 458 459 866 867 
8 
462 463 464 585 1326 1327 1949 1950 
6 
461 463 464 585 586 1950 
8 
461 462 464 585 586 587 588 1951 
8 
461 462 463 585 588 1327 1951 1952 
3 
466 467 468 
4 
465 467 468 1400 
3 
465 466 468 
3 
465 466 467 
3 
470 471 472 
3 
469 471 472 
3 
469 470 472 
3 
469 470 471 
4 
474 475 476 1582 
3 
473 475 476 
3 
473 474 476 
5 
473 474 475 1582 1583 
5 
478 479 480 1886 1887 
3 
477 479 480 
3 
477 478 480 
5 
362 477 478 479 1887 
3 
482 483 484 
3 
481 483 484 
5 
481 482 484 1729 1730 
4 
481 482 483 1729 
4 
486 487 488 1642 
3 
485 487 488 
4 
485 486 488 1185 
5 
485 486 487 1642 1643 
3 
490 491 492 
3 
489 491 492 
3 
489 490 492 
3 
489 490 491 
3 
494 495 496 
3 
493 495 496 
3 
493 494 496 
4 
138 493 494 495 
7 
498 499 500 689 690 691 692 
6 
497 499 500 690 691 1480 
5 
41 497 498 500 691 
5 
497 498 499 691 692 
8 
289 290 291 292 502 503 504 1014 
5 
290 291 501 503 504 
4 
291 501 502 504 
7 
291 292 501 502 503 1014 1015 
3 
506 507 508 
3 
505 507 508 
3 
505 506 508 
3 
505 506 507 
3 
510 511 512 
3 
509 511 512 
3 
509 510 512 
3 
509 510 511 
5 
514 515 516 1409 1410 
4 
513 515 516 1410 
5 
513 514 516 1410 1411 
7 
513 514 515 1409 1410 1411 1412 
4 
414 518 519 520 
5 
517 519 520 1113 1116 
4 
517 518 520 1116 
6 
414 415 517 518 519 1010 
3 
522 523 524 
3 
521 523 524 
4 
521 522 524 1469 
3 
521 522 523 
3 
526 527 528 
3 
525 527 528 
3 
525 526 528 
3 
525 526 527 
7 
530 531 532 1857 1858 1859 1860 
5 
529 531 532 1858 1859 
4 
529 530 532 1859 
5 
529 530 531 1859 1860 
3 
534 535 536 
6 
533 535 536 1368 1621 1624 
6 
393 394 533 534 536 1624 
4 
393 533 534 535 
6 
405 406 538 539 540 1722 
4 
406 537 539 540 
5 
406 407 537 538 540 
9 
405 406 407 408 537 538 539 1722 1723 
3 
542 543 544 
3 
541 543 544 
3 
541 542 544 
3 
541 542 543 
7 
546 547 548 673 676 1821 1824 
11 
545 547 548 673 674 675 676 1821 1822 1823 1824 
11 
545 546 548 675 676 885 886 958 1530 1823 1824 
10 
545 546 547 676 885 957 958 1529 1530 1824 
6 
550 551 552 1245 1246 1755 
4 
549 551 552 1246 
7 
437 438 549 550 552 1246 1247 
9 
437 549 550 551 1245 1246 1247 1248 1870 
5 
554 555 556 777 778 
4 
553 555 556 778 
6 
553 554 556 778 779 1753 
7 
553 554 555 777 778 779 780 
8 
558 559 560 701 704 1241 1803 1804 
11 
557 559 560 701 702 703 704 1208 1241 1242 1803 
13 
557 558 560 673 674 703 704 1241 1242 1243 1244 1821 1822 
8 
557 558 559 673 704 1241 1244 1821 
3 
562 563 564 
3 
561 563 564 
5 
129 130 561 562 564 
4 
129 561 562 563 
4 
566 567 568 1864 
6 
565 567 568 713 1863 1864 
5 
565 566 568 713 716 
3 
565 566 567 
4 
214 570 571 572 
3 
569 571 572 
4 
569 570 572 1762 
7 
214 215 569 570 571 1761 1762 
6 
574 575 576 896 1197 1198 
8 
216 573 575 576 895 1198 1761 1764 
6 
573 574 576 1198 1199 1764 
8 
573 574 575 1074 1197 1198 1199 1200 
7 
455 456 578 579 580 1557 1558 
5 
455 577 579 580 1558 
6 
577 578 580 1425 1558 1559 
8 
577 578 579 1170 1557 1558 1559 1560 
3 
582 583 584 
3 
581 583 584 
3 
581 582 584 
3 
581 582 583 
11 
461 462 463 464 586 587 588 1326 1327 1950 1951 
5 
462 463 585 587 588 
4 
463 585 586 588 
7 
463 464 585 586 587 1327 1951 
6 
288 590 591 592 1371 1372 
6 
287 288 589 591 592 1371 
3 
589 590 592 
3 
589 590 591 
4 
34 594 595 596 
3 
593 595 596 
5 
153 154 593 594 596 
6 
34 35 153 593 594 595 
3 
598 599 600 
3 
597 599 600 
3 
597 598 600 
3 
597 598 599 
5 
602 603 604 1117 1120 
7 
601 603 604 1117 1118 1119 1120 
5 
601 602 604 1119 1120 
4 
601 602 603 1120 
7 
326 327 606 607 608 1847 1848 
4 
605 607 608 1847 
3 
605 606 608 
4 
327 605 606 607 
3 
610 611 612 
4 
609 611 612 1897 
5 
609 610 612 1897 1900 
3 
609 610 611 
7 
614 615 616 1057 1058 1633 1634 
5 
613 615 616 1058 1634 
7 
613 614 616 1058 1059 1634 1635 
11 
613 614 615 1057 1058 1059 1060 1633 1634 1635 1636 
3 
618 619 620 
3 
617 619 620 
5 
401 402 617 618 620 
5 
401 617 618 619 1630 
5 
622 623 624 1745 1748 
8 
621 623 624 976 1745 1746 1747 1748 
5 
621 622 624 1747 1748 
5 
621 622 623 650 1748 
11 
626 627 628 1149 1152 1329 1330 1331 1332 1485 1714 
11 
625 627 628 1149 1150 1151 1152 1330 1331 1485 1486 
10 
625 626 628 1151 1152 1331 1485 1486 1487 1488 
10 
625 626 627 1152 1331 1332 1485 1488 1714 1715 
4 
630 631 632 926 
3 
629 631 632 
4 
629 630 632 665 
4 
629 630 631 927 
3 
634 635 636 
3 
633 635 636 
4 
121 633 634 636 
3 
633 634 635 
4 
638 639 640 1675 
5 
637 639 640 1701 1704 
4 
637 638 640 1704 
3 
637 638 639 
5 
329 332 642 643 644 
8 
329 330 331 332 641 643 644 729 
7 
331 332 641 642 644 729 732 
4 
332 641 642 643 
3 
646 647 648 
3 
645 647 648 
3 
645 646 648 
3 
645 646 647 
3 
650 651 652 
5 
624 649 651 652 1748 
3 
649 650 652 
3 
649 650 651 
8 
449 450 654 655 656 771 772 840 
7 
450 653 655 656 771 839 840 
6 
245 450 451 653 654 656 
7 
449 450 451 452 653 654 655 
7 
658 659 660 1143 1650 1679 1680 
4 
657 659 660 1679 
3 
657 658 660 
6 
657 658 659 850 1650 1651 
3 
662 663 664 
3 
661 663 664 
4 
661 662 664 1866 
6 
661 662 663 946 1865 1866 
4 
631 666 667 668 
4 
665 667 668 1521 
8 
665 666 668 1521 1524 1825 1826 1925 
4 
665 666 667 1825 
7 
333 334 335 336 670 671 672 
5 
334 335 669 671 672 
4 
335 669 670 672 
5 
335 336 669 670 671 
11 
545 546 559 560 674 675 676 704 1244 1821 1822 
9 
546 559 673 675 676 703 1243 1244 1822 
7 
546 547 673 674 676 1822 1823 
11 
545 546 547 548 673 674 675 1821 1822 1823 1824 
3 
678 679 680 
5 
677 679 680 1177 1613 
7 
677 678 680 1177 1180 1613 1616 
3 
677 678 679 
6 
682 683 684 943 977 978 
5 
681 683 684 978 1373 
7 
681 682 684 978 979 1373 1376 
7 
681 682 683 977 978 979 980 
10 
387 686 687 688 1310 1311 1913 1914 1915 1916 
7 
685 687 688 1416 1914 1915 1977 
6 
685 686 688 1915 1977 1980 
6 
685 686 687 1311 1915 1916 
5 
497 690 691 692 1034 
5 
497 498 689 691 692 
7 
497 498 499 500 689 690 692 
7 
497 500 689 690 691 1034 1035 
5 
694 695 696 1671 1672 
4 
693 695 696 1671 
3 
693 694 696 
3 
693 694 695 
6 
698 699 700 1355 1356 1443 
6 
49 52 697 699 700 1355 
4 
52 697 698 700 
3 
697 698 699 
8 
557 558 702 703 704 1208 1241 1803 
8 
558 701 703 704 1207 1208 1241 1242 
10 
558 559 674 701 702 704 1241 1242 1243 1244 
10 
557 558 559 560 673 701 702 703 1241 1244 
4 
706 707 708 1838 
3 
705 707 708 
3 
705 706 708 
4 
705 706 707 1839 
3 
710 711 712 
3 
709 711 712 
7 
709 710 712 1138 1445 1921 1922 
6 
709 710 711 1137 1138 1921 
7 
566 567 714 715 716 1863 1864 
5 
713 715 716 1656 1863 
3 
713 714 716 
4 
567 713 714 715 
8 
718 719 720 837 883 884 1061 1062 
7 
717 719 720 837 838 883 1062 
9 
717 718 720 770 837 838 839 840 1063 
9 
717 718 719 769 770 837 840 1063 1064 
5 
722 723 724 1743 1744 
4 
721 723 724 1743 
3 
721 722 724 
3 
721 722 723 
4 
726 727 728 807 
3 
725 727 728 
4 
418 725 726 728 
5 
417 418 725 726 727 
7 
330 331 642 643 730 731 732 
3 
729 731 732 
3 
729 730 732 
5 
331 643 729 730 731 
5 
202 203 734 735 736 
3 
733 735 736 
3 
733 734 736 
4 
203 733 734 735 
5 
738 739 740 1593 1596 
9 
133 136 737 739 740 1593 1594 1595 1596 
6 
136 737 738 740 1595 1596 
4 
737 738 739 1596 
8 
421 424 742 743 744 1042 1419 1709 
9 
421 422 423 424 741 743 744 1709 1710 
9 
423 424 741 742 744 1709 1710 1711 1712 
7 
424 741 742 743 1043 1709 1712 
6 
61 746 747 748 1571 1572 
6 
61 62 745 747 748 1571 
7 
63 64 101 102 745 746 748 
5 
64 101 745 746 747 
6 
137 750 751 752 1322 1323 
5 
137 138 749 751 752 
7 
137 138 139 140 749 750 752 
6 
137 140 749 750 751 1323 
13 
241 244 754 755 756 1605 1606 1607 1608 1797 1798 1799 1800 
11 
241 242 243 244 753 755 756 1606 1607 1798 1799 
8 
243 244 378 753 754 756 1607 1799 
10 
244 377 378 753 754 755 1607 1608 1799 1800 
4 
758 759 760 839 
3 
757 759 760 
4 
246 757 758 760 
5 
245 246 757 758 759 
7 
762 763 764 1489 1717 1829 1830 
8 
761 763 764 1489 1490 1717 1718 1830 
13 
761 762 764 1489 1490 1491 1492 1717 1718 1719 1720 1830 1831 
11 
761 762 763 1489 1492 1717 1720 1829 1830 1831 1832 
5 
766 767 768 1293 1747 
5 
765 767 768 1293 1294 
5 
765 766 768 1295 1296 
4 
765 766 767 1296 
8 
720 770 771 772 837 840 1063 1064 
10 
719 720 769 771 772 837 838 839 840 1063 
8 
450 653 654 769 770 772 839 840 
7 
449 450 653 769 770 771 840 
3 
774 775 776 
3 
773 775 776 
3 
773 774 776 
3 
773 774 775 
5 
553 556 778 779 780 
7 
553 554 555 556 777 779 780 
5 
555 556 777 778 780 
5 
556 777 778 779 1890 
7 
782 783 784 937 938 1163 1164 
5 
781 783 784 938 1163 
5 
781 782 784 938 939 
7 
781 782 783 937 938 939 940 
3 
786 787 788 
6 
321 324 785 787 788 1084 
7 
324 785 786 788 1029 1813 1814 
4 
785 786 787 1813 
3 
790 791 792 
3 
789 791 792 
3 
789 790 792 
3 
789 790 791 
3 
794 795 796 
3 
793 795 796 
3 
793 794 796 
3 
793 794 795 
8 
281 798 799 800 1017 1018 1909 1910 
7 
281 282 797 799 800 1018 1910 
10 
281 282 283 284 797 798 800 1019 1910 1911 
11 
281 284 797 798 799 1019 1020 1909 1910 1911 1912 
6 
271 272 802 803 804 1447 
5 
271 801 803 804 1212 
3 
801 802 804 
3 
801 802 803 
3 
806 807 808 
5 
805 807 808 1109 1112 
5 
725 805 806 808 1112 
3 
805 806 807 
6 
810 811 812 1031 1032 1815 
6 
809 811 812 1031 1137 1140 
4 
809 810 812 1140 
3 
809 810 811 
3 
814 815 816 
3 
813 815 816 
3 
813 814 816 
3 
813 814 815 
6 
198 199 818 819 820 1538 
4 
817 819 820 1664 
3 
817 818 820 
6 
199 817 818 819 1538 1539 
3 
822 823 824 
3 
821 823 824 
3 
821 822 824 
3 
821 822 823 
4 
116 826 827 828 
5 
115 116 825 827 828 
3 
825 826 828 
4 
825 826 827 1754 
3 
830 831 832 
5 
829 831 832 1169 1172 
4 
829 830 832 1172 
3 
829 830 831 
7 
237 240 834 835 836 1173 1549 
11 
237 238 239 240 833 835 836 1173 1174 1549 1550 
13 
239 240 293 294 833 834 836 1173 1174 1175 1176 1551 1552 
8 
240 293 833 834 835 1173 1176 1552 
13 
717 718 719 720 769 770 838 839 840 1061 1062 1063 1064 
8 
718 719 770 837 839 840 1062 1063 
9 
654 719 757 770 771 837 838 840 1063 
14 
450 653 654 719 720 769 770 771 772 837 838 839 1063 1064 
6 
210 211 842 843 844 852 
5 
841 843 844 851 852 
3 
841 842 844 
4 
211 841 842 843 
8 
10 11 354 355 846 847 848 1806 
3 
845 847 848 
3 
845 846 848 
7 
11 355 845 846 847 1806 1807 
5 
850 851 852 1652 1939 
6 
660 849 851 852 1651 1652 
4 
842 849 850 852 
5 
841 842 849 850 851 
8 
49 50 854 855 856 971 1315 1316 
5 
50 853 855 856 1315 
5 
50 51 853 854 856 
7 
49 50 51 52 853 854 855 
5 
445 446 858 859 860 
5 
432 446 857 859 860 
4 
447 857 858 860 
5 
447 448 857 858 859 
4 
862 863 864 1474 
3 
861 863 864 
3 
861 862 864 
5 
861 862 863 1474 1475 
3 
866 867 868 
5 
457 460 865 867 868 
4 
460 865 866 868 
3 
865 866 867 
5 
870 871 872 1342 1343 
3 
869 871 872 
5 
242 869 870 872 1798 
9 
241 242 869 870 871 1343 1606 1797 1798 
3 
874 875 876 
5 
873 875 876 1133 1136 
4 
873 874 876 1136 
3 
873 874 875 
8 
219 878 879 880 985 986 987 988 
5 
877 879 880 986 987 
4 
877 878 880 987 
5 
877 878 879 987 988 
9 
882 883 884 1137 1138 1139 1140 1921 1924 
10 
881 883 884 1138 1139 1448 1921 1922 1923 1924 
9 
717 718 881 882 884 1062 1139 1923 1924 
9 
717 881 882 883 1061 1062 1139 1140 1924 
8 
547 548 886 887 888 958 1529 1530 
6 
547 885 887 888 1145 1530 
7 
14 885 886 888 1145 1148 1531 
8 
13 14 885 886 887 959 1531 1532 
5 
373 890 891 892 1908 
7 
373 374 889 891 892 1907 1908 
5 
375 376 889 890 892 
5 
376 889 890 891 1734 
3 
894 895 896 
6 
213 216 893 895 896 1761 
8 
216 574 893 894 896 1198 1761 1764 
6 
573 893 894 895 1197 1198 
6 
260 898 899 900 1819 1820 
7 
259 260 897 899 900 1461 1819 
5 
897 898 900 1461 1464 
3 
897 898 899 
3 
902 903 904 
3 
901 903 904 
3 
901 902 904 
3 
901 902 903 
5 
906 907 908 1239 1240 
4 
905 907 908 1239 
3 
905 906 908 
3 
905 906 907 
3 
910 911 912 
3 
909 911 912 
3 
909 910 912 
3 
909 910 911 
5 
193 196 914 915 916 
7 
193 194 195 196 913 915 916 
5 
195 196 913 914 916 
4 
196 913 914 915 
7 
105 918 919 920 1184 1873 1874 
8 
105 106 917 919 920 1183 1184 1874 
10 
105 106 107 108 917 918 920 1665 1874 1875 
9 
105 108 917 918 919 1873 1874 1875 1876 
11 
922 923 924 1389 1390 1391 1392 1401 1402 1449 1452 
11 
921 923 924 1217 1390 1391 1402 1449 1450 1451 1452 
11 
261 921 922 924 1217 1220 1391 1402 1403 1451 1452 
11 
342 921 922 923 1391 1392 1401 1402 1403 1404 1452 
3 
926 927 928 
4 
629 925 927 928 
4 
632 925 926 928 
3 
925 926 927 
5 
189 930 931 932 1398 
5 
189 190 929 931 932 
7 
189 190 191 192 929 930 932 
7 
189 192 929 930 931 1398 1399 
8 
14 15 25 26 934 935 936 1148 
6 
26 933 935 936 1147 1148 
5 
26 27 933 934 936 
9 
15 25 26 27 28 933 934 935 1394 
6 
781 784 938 939 940 1164 
9 
781 782 783 784 937 939 940 1163 1164 
5 
783 784 937 938 940 
4 
784 937 938 939 
7 
942 943 944 966 967 1273 1274 
4 
941 943 944 1274 
7 
681 941 942 944 977 1274 1275 
8 
941 942 943 967 1273 1274 1275 1276 
6 
946 947 948 1554 1555 1865 
6 
664 945 947 948 1865 1866 
6 
945 946 948 1182 1867 1868 
7 
945 946 947 1181 1182 1555 1868 
8 
185 186 187 188 950 951 952 992 
9 
186 187 949 951 952 991 992 1281 1284 
5 
187 949 950 952 1284 
5 
187 188 949 950 951 
5 
954 955 956 1545 1546 
4 
953 955 956 1546 
4 
953 954 956 1547 
5 
953 954 955 1547 1548 
8 
548 958 959 960 1529 1532 1637 1638 
11 
547 548 885 957 959 960 1529 1530 1531 1532 1638 
10 
13 14 888 957 958 960 1531 1532 1638 1639 
9 
13 957 958 959 1532 1637 1638 1639 1640 
4 
22 962 963 964 
5 
961 963 964 1093 1096 
8 
9 10 353 354 961 962 964 1096 
7 
9 22 23 353 961 962 963 
6 
966 967 968 1127 1128 1618 
5 
941 965 967 968 1127 
6 
941 944 965 966 968 1273 
5 
965 966 967 1618 1619 
5 
970 971 972 1313 1354 
5 
969 971 972 1313 1314 
7 
49 853 969 970 972 1315 1316 
6 
969 970 971 1316 1354 1355 
5 
974 975 976 1027 1872 
5 
973 975 976 1871 1872 
3 
973 974 976 
5 
622 973 974 975 1746 
7 
681 684 943 978 979 980 1275 
7 
681 682 683 684 977 979 980 
5 
683 684 977 978 980 
4 
684 977 978 979 
3 
982 983 984 
3 
981 983 984 
3 
981 982 984 
3 
981 982 983 
7 
219 220 877 986 987 988 1071 
6 
219 877 878 985 987 988 
7 
877 878 879 880 985 986 988 
5 
877 880 985 986 987 
4 
186 990 991 992 
3 
989 991 992 
6 
950 989 990 992 1281 1282 
8 
186 187 949 950 989 990 991 1281 
3 
994 995 996 
3 
993 995 996 
3 
993 994 996 
3 
993 994 995 
10 
81 82 181 998 999 1000 1021 1022 1023 1024 
8 
82 181 182 997 999 1000 1022 1023 
10 
82 83 181 182 183 184 997 998 1000 1023 
11 
81 82 83 84 181 184 997 998 999 1023 1024 
3 
1002 1003 1004 
7 
17 20 93 96 1001 1003 1004 
5 
20 96 1001 1002 1004 
3 
1001 1002 1003 
4 
51 1006 1007 1008 
3 
1005 1007 1008 
3 
1005 1006 1008 
4 
74 1005 1006 1007 
5 
415 416 1010 1011 1012 
5 
415 520 1009 1011 1012 
3 
1009 1010 1012 
3 
1009 1010 1011 
5 
1014 1015 1016 1206 1207 
7 
289 292 501 504 1013 1015 1016 
5 
292 504 1013 1014 1016 
4 
1013 1014 1015 1207 
7 
281 797 1018 1019 1020 1909 1910 
8 
281 282 797 798 1017 1019 1020 1910 
11 
281 282 283 284 799 800 1017 1018 1020 1910 1911 
10 
281 284 800 1017 1018 1019 1909 1910 1911 1912 
5 
181 997 1022 1023 1024 
7 
181 182 997 998 1021 1023 1024 
12 
82 181 182 183 184 997 998 999 1000 1021 1022 1024 
9 
81 82 181 184 997 1000 1021 1022 1023 
4 
128 1026 1027 1028 
6 
127 128 1025 1027 1028 1869 
6 
973 1025 1026 1028 1869 1872 
3 
1025 1026 1027 
8 
323 324 787 1030 1031 1032 1814 1815 
4 
323 1029 1031 1032 
5 
809 810 1029 1030 1032 
5 
809 1029 1030 1031 1815 
5 
1034 1035 1036 1506 1507 
5 
689 692 1033 1035 1036 
4 
692 1033 1034 1036 
4 
1033 1034 1035 1507 
9 
389 390 391 392 1038 1039 1040 1386 1387 
5 
390 391 1037 1039 1040 
4 
391 1037 1038 1040 
6 
391 392 1037 1038 1039 1387 
5 
1042 1043 1044 1419 1420 
8 
421 424 741 1041 1043 1044 1419 1709 
7 
424 744 1041 1042 1044 1709 1712 
3 
1041 1042 1043 
6 
227 1046 1047 1048 1225 1228 
8 
45 1045 1047 1048 1225 1226 1227 1228 
7 
45 48 1045 1046 1048 1227 1228 
5 
1045 1046 1047 1078 1228 
5 
349 350 1050 1051 1052 
4 
350 1049 1051 1052 
5 
350 351 1049 1050 1052 
7 
349 350 351 352 1049 1050 1051 
9 
1054 1055 1056 1393 1394 1395 1396 1705 1708 
10 
265 1053 1055 1056 1394 1395 1705 1706 1707 1708 
8 
265 268 1053 1054 1056 1395 1707 1708 
7 
1053 1054 1055 1395 1396 1708 1794 
11 
142 143 613 616 1058 1059 1060 1633 1634 1635 1636 
9 
613 614 615 616 1057 1059 1060 1634 1635 
6 
615 616 1057 1058 1060 1635 
7 
143 616 1057 1058 1059 1635 1636 
6 
717 837 884 1062 1063 1064 
9 
717 718 837 838 883 884 1061 1063 1064 
11 
719 720 769 770 837 838 839 840 1061 1062 1064 
7 
720 769 837 840 1061 1062 1063 
9 
1066 1067 1068 1589 1590 1591 1592 1833 1834 
6 
1065 1067 1068 1590 1591 1834 
6 
1065 1066 1068 1591 1834 1835 
9 
1065 1066 1067 1591 1592 1833 1834 1835 1836 
4 
320 1070 1071 1072 
7 
217 220 319 320 1069 1071 1072 
5 
220 985 1069 1070 1072 
3 
1069 1070 1071 
10 
301 302 303 304 1074 1075 1076 1197 1200 1966 
10 
302 303 576 1073 1075 1076 1197 1198 1199 1200 
8 
303 1073 1074 1076 1199 1200 1673 1790 
10 
303 304 1073 1074 1075 1200 1789 1790 1966 1967 
3 
1078 1079 1080 
4 
1048 1077 1079 1080 
3 
1077 1078 1080 
4 
150 1077 1078 1079 
5 
321 322 1082 1083 1084 
4 
322 1081 1083 1084 
5 
322 323 1081 1082 1084 
8 
321 322 323 324 786 1081 1082 1083 
3 
1086 1087 1088 
3 
1085 1087 1088 
3 
1085 1086 1088 
3 
1085 1086 1087 
7 
1090 1091 1092 1253 1256 1306 1307 
9 
1089 1091 1092 1253 1254 1255 1256 1973 1976 
6 
1089 1090 1092 1255 1256 1976 
5 
1089 1090 1091 1256 1307 
4 
962 1094 1095 1096 
5 
397 400 1093 1095 1096 
5 
354 400 1093 1094 1096 
8 
10 353 354 962 963 1093 1094 1095 
3 
1098 1099 1100 
3 
1097 1099 1100 
4 
1097 1098 1100 1946 
5 
1097 1098 1099 1945 1946 
3 
1102 1103 1104 
3 
1101 1103 1104 
5 
85 1101 1102 1104 1298 
5 
1101 1102 1103 1297 1298 
3 
1106 1107 1108 
4 
1105 1107 1108 1792 
3 
1105 1106 1108 
3 
1105 1106 1107 
5 
806 1110 1111 1112 1771 
3 
1109 1111 1112 
3 
1109 1110 1112 
5 
806 807 1109 1110 1111 
4 
518 1114 1115 1116 
4 
1113 1115 1116 1156 
3 
1113 1114 1116 
5 
518 519 1113 1114 1115 
5 
601 602 1118 1119 1120 
5 
316 602 1117 1119 1120 
5 
602 603 1117 1118 1120 
7 
601 602 603 604 1117 1118 1119 
5 
1122 1123 1124 1781 1784 
7 
1121 1123 1124 1781 1782 1783 1784 
5 
1121 1122 1124 1783 1784 
4 
1121 1122 1123 1784 
3 
1126 1127 1128 
3 
1125 1127 1128 
6 
965 966 1125 1126 1128 1618 
6 
965 1125 1126 1127 1617 1618 
4 
1130 1131 1132 1347 
3 
1129 1131 1132 
5 
1129 1130 1132 1989 1990 
4 
1129 1130 1131 1989 
4 
874 1134 1135 1136 
4 
433 1133 1135 1136 
5 
433 436 1133 1134 1136 
5 
874 875 1133 1134 1135 
7 
712 810 881 1138 1139 1140 1921 
11 
711 712 881 882 1137 1139 1140 1445 1448 1921 1922 
12 
881 882 883 884 1137 1138 1140 1448 1921 1922 1923 1924 
9 
810 811 881 884 1137 1138 1139 1921 1924 
4 
1142 1143 1144 1534 
4 
1141 1143 1144 1677 
5 
657 1141 1142 1144 1680 
6 
1141 1142 1143 1534 1535 1938 
5 
886 887 1146 1147 1148 
3 
1145 1147 1148 
4 
934 1145 1146 1148 
7 
26 887 933 934 1145 1146 1147 
10 
625 626 1150 1151 1152 1329 1330 1331 1332 1485 
8 
626 1149 1151 1152 1330 1331 1485 1486 
10 
626 627 1149 1150 1152 1331 1485 1486 1487 1488 
11 
625 626 627 628 1149 1150 1151 1331 1332 1485 1488 
3 
1154 1155 1156 
5 
392 1153 1155 1156 1681 
5 
1153 1154 1156 1681 1684 
4 
1114 1153 1154 1155 
7 
223 1158 1159 1160 1477 1478 1884 
6 
1157 1159 1160 1478 1883 1884 
5 
1157 1158 1160 1478 1479 
7 
1157 1158 1159 1477 1478 1479 1480 
5 
1162 1163 1164 1351 1352 
4 
1161 1163 1164 1351 
6 
781 782 938 1161 1162 1164 
6 
781 937 938 1161 1162 1163 
5 
178 179 1166 1167 1168 
5 
1165 1167 1168 1693 1696 
4 
1165 1166 1168 1696 
5 
179 1165 1166 1167 1510 
4 
830 1170 1171 1172 
5 
580 1169 1171 1172 1560 
3 
1169 1170 1172 
5 
830 831 1169 1170 1171 
11 
240 293 833 834 835 836 1174 1175 1176 1549 1552 
12 
239 240 293 294 834 835 1173 1175 1176 1476 1550 1551 
11 
293 294 295 296 835 1173 1174 1176 1551 1585 1586 
9 
293 296 835 836 1173 1174 1175 1552 1585 
7 
678 679 1178 1179 1180 1613 1614 
4 
1177 1179 1180 1614 
5 
1177 1178 1180 1565 1615 
6 
679 1177 1178 1179 1615 1616 
6 
948 1182 1183 1184 1555 1556 
7 
947 948 1181 1183 1184 1555 1868 
5 
106 918 1181 1182 1184 
8 
105 106 917 918 1181 1182 1183 1874 
8 
208 297 487 1186 1187 1188 1361 1364 
11 
207 208 297 298 1185 1187 1188 1361 1362 1363 1364 
11 
297 298 299 300 1185 1186 1188 1363 1364 1849 1850 
7 
297 300 1185 1186 1187 1364 1849 
4 
1190 1191 1192 1686 
3 
1189 1191 1192 
4 
1189 1190 1192 1262 
7 
1189 1190 1191 1261 1262 1686 1687 
3 
1194 1195 1196 
3 
1193 1195 1196 
3 
1193 1194 1196 
3 
1193 1194 1195 
9 
302 573 576 896 1073 1074 1198 1199 1200 
10 
573 574 575 576 895 896 1074 1197 1199 1200 
10 
575 576 1074 1075 1197 1198 1200 1673 1674 1790 
12 
303 576 1073 1074 1075 1076 1197 1198 1199 1673 1789 1790 
3 
1202 1203 1204 
3 
1201 1203 1204 
3 
1201 1202 1204 
3 
1201 1202 1203 
7 
231 232 1206 1207 1208 1267 1268 
6 
231 1013 1205 1207 1208 1267 
6 
702 1013 1016 1205 1206 1208 
6 
558 701 702 1205 1206 1207 
3 
1210 1211 1212 
3 
1209 1211 1212 
3 
1209 1210 1212 
4 
802 1209 1210 1211 
3 
1214 1215 1216 
3 
1213 1215 1216 
3 
1213 1214 1216 
3 
1213 1214 1215 
8 
922 923 1218 1219 1220 1390 1391 1451 
3 
1217 1219 1220 
4 
262 1217 1218 1220 
7 
261 262 923 1217 1218 1219 1391 
5 
249 250 1222 1223 1224 
4 
250 1221 1223 1224 
5 
250 251 1221 1222 1224 
7 
249 250 251 252 1221 1222 1223 
8 
45 379 380 1045 1046 1226 1227 1228 
7 
45 46 379 1046 1225 1227 1228 
9 
45 46 47 48 1046 1047 1225 1226 1228 
9 
45 48 1045 1046 1047 1048 1225 1226 1227 
3 
1230 1231 1232 
3 
1229 1231 1232 
3 
1229 1230 1232 
3 
1229 1230 1231 
3 
1234 1235 1236 
3 
1233 1235 1236 
3 
1233 1234 1236 
3 
1233 1234 1235 
3 
1238 1239 1240 
3 
1237 1239 1240 
5 
905 906 1237 1238 1240 
4 
905 1237 1238 1239 
11 
557 558 559 560 701 702 703 704 1242 1243 1244 
7 
558 559 702 703 1241 1243 1244 
7 
559 674 703 1241 1242 1244 1822 
11 
559 560 673 674 703 704 1241 1242 1243 1821 1822 
7 
549 552 1246 1247 1248 1755 1756 
8 
549 550 551 552 1245 1247 1248 1755 
8 
305 306 437 551 552 1245 1246 1248 
6 
305 552 1245 1246 1247 1870 
3 
1250 1251 1252 
3 
1249 1251 1252 
3 
1249 1250 1252 
3 
1249 1250 1251 
6 
1089 1090 1254 1255 1256 1306 
5 
1090 1253 1255 1256 1973 
7 
1090 1091 1253 1254 1256 1973 1976 
9 
1089 1090 1091 1092 1253 1254 1255 1306 1307 
5 
1258 1259 1260 1625 1628 
7 
1257 1259 1260 1625 1626 1627 1628 
5 
1257 1258 1260 1627 1628 
4 
1257 1258 1259 1628 
6 
1192 1262 1263 1264 1687 1688 
6 
1191 1192 1261 1263 1264 1687 
3 
1261 1262 1264 
3 
1261 1262 1263 
5 
229 232 1266 1267 1268 
7 
229 230 231 232 1265 1267 1268 
7 
231 232 1205 1206 1265 1266 1268 
5 
232 1205 1265 1266 1267 
6 
70 1270 1271 1272 1644 1841 
7 
1269 1271 1272 1643 1644 1841 1842 
7 
1269 1270 1272 1841 1842 1843 1844 
7 
70 71 1269 1270 1271 1841 1844 
6 
941 944 967 1274 1275 1276 
7 
941 942 943 944 1273 1275 1276 
6 
943 944 977 1273 1274 1276 
4 
944 1273 1274 1275 
8 
1278 1279 1280 1713 1957 1958 1959 1960 
9 
1277 1279 1280 1329 1332 1713 1714 1958 1959 
9 
1277 1278 1280 1332 1713 1714 1715 1716 1959 
8 
1277 1278 1279 1370 1713 1716 1959 1960 
6 
950 991 992 1282 1283 1284 
4 
991 1281 1283 1284 
3 
1281 1282 1284 
5 
950 951 1281 1282 1283 
3 
1286 1287 1288 
3 
1285 1287 1288 
3 
1285 1286 1288 
3 
1285 1286 1287 
8 
404 1290 1291 1292 1629 1630 1631 1632 
7 
403 404 1289 1291 1292 1630 1631 
4 
1289 1290 1292 1631 
5 
1289 1290 1291 1631 1632 
5 
765 766 1294 1295 1296 
5 
144 766 1293 1295 1296 
4 
767 1293 1294 1296 
5 
767 768 1293 1294 1295 
4 
1104 1298 1299 1300 
7 
85 88 1103 1104 1297 1299 1300 
5 
88 225 1297 1298 1300 
3 
1297 1298 1299 
6 
1302 1303 1304 1786 1787 1905 
4 
1301 1303 1304 1906 
5 
1301 1302 1304 1906 1907 
6 
1301 1302 1303 1787 1905 1908 
5 
1306 1307 1308 1574 1575 
6 
1089 1253 1256 1305 1307 1308 
6 
1089 1092 1256 1305 1306 1308 
5 
1305 1306 1307 1575 1690 
6 
387 388 1310 1311 1312 1913 
7 
387 685 1309 1311 1312 1913 1914 
9 
685 688 1309 1310 1312 1913 1914 1915 1916 
5 
1309 1310 1311 1913 1916 
6 
969 970 1314 1315 1316 1354 
4 
970 1313 1315 1316 
8 
49 50 853 854 971 1313 1314 1316 
9 
49 853 971 972 1313 1314 1315 1354 1355 
7 
1318 1319 1320 1379 1380 1878 1879 
4 
1317 1319 1320 1379 
3 
1317 1318 1320 
4 
1317 1318 1319 1879 
3 
1322 1323 1324 
4 
749 1321 1323 1324 
6 
422 749 752 1321 1322 1324 
5 
421 422 1321 1322 1323 
4 
1326 1327 1328 1949 
7 
461 585 1325 1327 1328 1949 1950 
11 
461 464 585 588 1325 1326 1328 1949 1950 1951 1952 
5 
1325 1326 1327 1949 1952 
7 
625 1149 1278 1330 1331 1332 1958 
7 
625 626 1149 1150 1329 1331 1332 
12 
625 626 627 628 1149 1150 1151 1152 1329 1330 1332 1485 
12 
625 628 1149 1152 1278 1279 1329 1330 1331 1714 1958 1959 
4 
345 1334 1335 1336 
6 
345 346 1333 1335 1336 1992 
7 
345 346 347 348 1333 1334 1336 
5 
345 348 1333 1334 1335 
4 
1338 1339 1340 1700 
5 
1337 1339 1340 1699 1700 
3 
1337 1338 1340 
3 
1337 1338 1339 
4 
1342 1343 1344 1899 
4 
869 1341 1343 1344 
10 
241 242 869 872 1341 1342 1344 1606 1797 1798 
7 
241 1341 1342 1343 1605 1606 1797 
3 
1346 1347 1348 
3 
1345 1347 1348 
4 
1129 1345 1346 1348 
3 
1345 1346 1347 
3 
1350 1351 1352 
3 
1349 1351 1352 
5 
1161 1162 1349 1350 1352 
4 
1161 1349 1350 1351 
5 
1354 1355 1356 1441 1442 
8 
969 972 1313 1316 1353 1355 1356 1442 
9 
697 698 972 1316 1353 1354 1356 1442 1443 
8 
697 1353 1354 1355 1441 1442 1443 1444 
3 
1358 1359 1360 
3 
1357 1359 1360 
3 
1357 1358 1360 
3 
1357 1358 1359 
9 
111 112 205 208 1185 1186 1362 1363 1364 
9 
111 205 206 207 208 1186 1361 1363 1364 
11 
207 208 298 1186 1187 1361 1362 1364 1481 1849 1850 
11 
208 297 298 1185 1186 1187 1188 1361 1362 1363 1849 
7 
425 428 1366 1367 1368 1621 1622 
8 
425 426 427 428 1365 1367 1368 1622 
7 
427 428 1365 1366 1368 1622 1623 
9 
428 534 1365 1366 1367 1621 1622 1623 1624 
3 
1370 1371 1372 
6 
285 1280 1369 1371 1372 1716 
7 
285 288 589 590 1369 1370 1372 
4 
589 1369 1370 1371 
5 
682 683 1374 1375 1376 
3 
1373 1375 1376 
3 
1373 1374 1376 
4 
683 1373 1374 1375 
3 
1378 1379 1380 
3 
1377 1379 1380 
5 
1317 1318 1377 1378 1380 
5 
1317 1377 1378 1379 1878 
3 
1382 1383 1384 
3 
1381 1383 1384 
3 
1381 1382 1384 
3 
1381 1382 1383 
5 
108 389 1386 1387 1388 
8 
107 108 389 390 1037 1385 1387 1388 
9 
389 390 391 392 1037 1040 1385 1386 1388 
5 
389 392 1385 1386 1387 
8 
921 1390 1391 1392 1401 1402 1449 1452 
11 
921 922 1217 1389 1391 1392 1402 1449 1450 1451 1452 
14 
261 921 922 923 924 1217 1220 1389 1390 1392 1402 1403 1451 1452 
11 
342 921 924 1389 1390 1391 1401 1402 1403 1404 1452 
7 
15 16 28 1053 1394 1395 1396 
10 
15 27 28 936 1053 1054 1393 1395 1396 1705 
9 
1053 1054 1055 1056 1393 1394 1396 1705 1708 
5 
1053 1056 1393 1394 1395 
3 
1398 1399 1400 
7 
189 192 929 932 1397 1399 1400 
5 
192 932 1397 1398 1400 
4 
466 1397 1398 1399 
8 
921 924 1389 1392 1402 1403 1404 1452 
14 
261 921 922 923 924 1389 1390 1391 1392 1401 1403 1404 1451 1452 
10 
261 264 342 923 924 1391 1392 1401 1402 1404 
7 
341 342 924 1392 1401 1402 1403 
3 
1406 1407 1408 
3 
1405 1407 1408 
3 
1405 1406 1408 
3 
1405 1406 1407 
5 
513 516 1410 1411 1412 
7 
513 514 515 516 1409 1411 1412 
5 
515 516 1409 1410 1412 
5 
516 1409 1410 1411 1846 
3 
1414 1415 1416 
3 
1413 1415 1416 
5 
1413 1414 1416 1977 1978 
5 
686 1413 1414 1415 1977 
5 
1418 1419 1420 1466 1467 
3 
1417 1419 1420 
6 
741 1041 1042 1417 1418 1420 
5 
1041 1417 1418 1419 1467 
7 
161 164 277 280 1422 1423 1424 
11 
161 162 163 164 277 278 279 280 1421 1423 1424 
7 
163 164 279 280 1421 1422 1424 
5 
164 280 1421 1422 1423 
5 
579 1426 1427 1428 1559 
3 
1425 1427 1428 
3 
1425 1426 1428 
3 
1425 1426 1427 
4 
1430 1431 1432 1683 
4 
1429 1431 1432 1433 
5 
1429 1430 1432 1433 1436 
4 
1429 1430 1431 1730 
5 
1430 1431 1434 1435 1436 
3 
1433 1435 1436 
4 
1433 1434 1436 1561 
4 
1431 1433 1434 1435 
5 
3 4 1438 1439 1440 
4 
3 1437 1439 1440 
3 
1437 1438 1440 
3 
1437 1438 1439 
5 
1353 1356 1442 1443 1444 
7 
1353 1354 1355 1356 1441 1443 1444 
6 
697 1355 1356 1441 1442 1444 
4 
1356 1441 1442 1443 
6 
711 1138 1446 1447 1448 1922 
4 
269 1445 1447 1448 
5 
272 801 1445 1446 1448 
8 
882 1138 1139 1445 1446 1447 1922 1923 
7 
921 922 1389 1390 1450 1451 1452 
5 
922 1390 1449 1451 1452 
9 
922 923 1217 1390 1391 1402 1449 1450 1452 
13 
921 922 923 924 1389 1390 1391 1392 1401 1402 1449 1450 1451 
5 
365 366 1454 1455 1456 
4 
366 1453 1455 1456 
5 
366 367 1453 1454 1456 
7 
365 366 367 368 1453 1454 1455 
4 
1458 1459 1460 1497 
5 
1457 1459 1460 1497 1498 
8 
1457 1458 1460 1497 1498 1499 1500 1526 
7 
1457 1458 1459 1497 1500 1525 1526 
6 
259 898 899 1462 1463 1464 
3 
1461 1463 1464 
3 
1461 1462 1464 
4 
899 1461 1462 1463 
3 
1466 1467 1468 
4 
1417 1465 1467 1468 
5 
1417 1420 1465 1466 1468 
4 
38 1465 1466 1467 
4 
523 1470 1471 1472 
4 
233 1469 1471 1472 
4 
236 1469 1470 1472 
3 
1469 1470 1471 
6 
238 239 1474 1475 1476 1550 
5 
861 864 1473 1475 1476 
4 
864 1473 1474 1476 
8 
239 294 1174 1473 1474 1475 1550 1551 
5 
1157 1160 1478 1479 1480 
7 
1157 1158 1159 1160 1477 1479 1480 
5 
1159 1160 1477 1478 1480 
5 
498 1160 1477 1478 1479 
7 
298 299 1363 1482 1483 1484 1850 
3 
1481 1483 1484 
3 
1481 1482 1484 
5 
299 1481 1482 1483 1851 
12 
625 626 627 628 1149 1150 1151 1152 1331 1486 1487 1488 
7 
626 627 1150 1151 1485 1487 1488 
5 
627 1151 1485 1486 1488 
7 
627 628 1151 1152 1485 1486 1487 
13 
761 762 763 764 1490 1491 1492 1717 1718 1719 1720 1829 1830 
8 
762 763 1489 1491 1492 1718 1719 1830 
7 
763 1489 1490 1492 1719 1830 1831 
11 
763 764 1489 1490 1491 1719 1720 1829 1830 1831 1832 
4 
99 1494 1495 1496 
3 
1493 1495 1496 
4 
337 1493 1494 1496 
3 
1493 1494 1495 
9 
1457 1458 1459 1460 1498 1499 1500 1525 1526 
6 
1458 1459 1497 1499 1500 1526 
6 
1459 1497 1498 1500 1526 1527 
9 
1459 1460 1497 1498 1499 1525 1526 1527 1528 
8 
255 381 382 383 384 1502 1503 1504 
5 
382 383 1501 1503 1504 
4 
383 1501 1502 1504 
5 
383 384 1501 1502 1503 
5 
173 174 1506 1507 1508 
5 
174 1033 1505 1507 1508 
7 
174 175 1033 1036 1505 1506 1508 
7 
173 174 175 176 1505 1506 1507 
3 
1510 1511 1512 
4 
1168 1509 1511 1512 
3 
1509 1510 1512 
3 
1509 1510 1511 
4 
1514 1515 1516 1692 
5 
1513 1515 1516 1691 1692 
3 
1513 1514 1516 
3 
1513 1514 1515 
5 
1518 1519 1520 1998 1999 
3 
1517 1519 1520 
3 
1517 1518 1520 
4 
1517 1518 1519 1999 
6 
666 667 1522 1523 1524 1925 
5 
1521 1523 1524 1925 1926 
8 
1521 1522 1524 1826 1925 1926 1927 1928 
8 
667 1521 1522 1523 1825 1826 1925 1928 
6 
1460 1497 1500 1526 1527 1528 
9 
1459 1460 1497 1498 1499 1500 1525 1527 1528 
5 
1499 1500 1525 1526 1528 
4 
1500 1525 1526 1527 
8 
548 885 957 958 1530 1531 1532 1638 
8 
547 548 885 886 958 1529 1531 1532 
9 
13 14 887 888 958 959 1529 1530 1532 
11 
13 888 957 958 959 960 1529 1530 1531 1638 1639 
3 
1534 1535 1536 
5 
1141 1144 1533 1535 1536 
7 
1144 1533 1534 1536 1738 1937 1938 
6 
1533 1534 1535 1737 1738 1937 
5 
199 200 1538 1539 1540 
6 
199 817 820 1537 1539 1540 
4 
820 1537 1538 1540 
3 
1537 1538 1539 
3 
1542 1543 1544 
3 
1541 1543 1544 
3 
1541 1542 1544 
3 
1541 1542 1543 
4 
953 1546 1547 1548 
5 
953 954 1545 1547 1548 
5 
955 956 1545 1546 1548 
4 
956 1545 1546 1547 
8 
237 240 833 834 1173 1550 1551 1552 
11 
237 238 239 240 834 1174 1473 1476 1549 1551 1552 
11 
239 240 293 294 835 1174 1175 1476 1549 1550 1552 
9 
240 293 835 836 1173 1176 1549 1550 1551 
3 
1554 1555 1556 
4 
945 1553 1555 1556 
7 
945 948 1181 1182 1553 1554 1556 
4 
1181 1553 1554 1555 
7 
455 456 577 580 1558 1559 1560 
8 
455 577 578 579 580 1557 1559 1560 
6 
579 580 1425 1557 1558 1560 
5 
580 1170 1557 1558 1559 
4 
1435 1562 1563 1564 
3 
1561 1563 1564 
5 
113 114 1561 1562 1564 
4 
113 1561 1562 1563 
5 
1179 1566 1567 1568 1615 
4 
252 1565 1567 1568 
3 
1565 1566 1568 
3 
1565 1566 1567 
3 
1570 1571 1572 
3 
1569 1571 1572 
7 
61 62 745 746 1569 1570 1572 
5 
61 745 1569 1570 1571 
3 
1574 1575 1576 
4 
1305 1573 1575 1576 
7 
1305 1308 1573 1574 1576 1689 1690 
4 
1573 1574 1575 1689 
3 
1578 1579 1580 
3 
1577 1579 1580 
3 
1577 1578 1580 
3 
1577 1578 1579 
3 
1582 1583 1584 
5 
473 476 1581 1583 1584 
4 
476 1581 1582 1584 
3 
1581 1582 1583 
10 
293 294 295 296 1175 1176 1586 1587 1588 1962 
7 
33 294 295 1175 1585 1587 1588 
6 
33 36 295 1585 1586 1588 
7 
295 296 1585 1586 1587 1962 1963 
5 
1065 1590 1591 1592 1833 
7 
1065 1066 1589 1591 1592 1833 1834 
11 
1065 1066 1067 1068 1589 1590 1592 1833 1834 1835 1836 
7 
1065 1068 1589 1590 1591 1833 1836 
5 
737 738 1594 1595 1596 
6 
133 136 738 1593 1595 1596 
6 
136 738 739 1593 1594 1596 
7 
737 738 739 740 1593 1594 1595 
5 
145 146 1598 1599 1600 
4 
146 1597 1599 1600 
5 
146 147 1597 1598 1600 
7 
145 146 147 148 1597 1598 1599 
3 
1602 1603 1604 
3 
1601 1603 1604 
3 
1601 1602 1604 
3 
1601 1602 1603 
6 
753 1344 1606 1607 1608 1797 
11 
241 753 754 872 1343 1344 1605 1607 1608 1797 1798 
12 
244 753 754 755 756 1605 1606 1608 1797 1798 1799 1800 
8 
86 753 756 1605 1606 1607 1797 1800 
3 
1610 1611 1612 
3 
1609 1611 1612 
5 
1609 1610 1612 1997 1998 
4 
1609 1610 1611 1997 
6 
678 679 1177 1614 1615 1616 
5 
1177 1178 1613 1615 1616 
6 
1179 1180 1565 1613 1614 1616 
5 
679 1180 1613 1614 1615 
4 
1128 1618 1619 1620 
7 
965 968 1127 1128 1617 1619 1620 
4 
968 1617 1618 1620 
4 
2 1617 1618 1619 
6 
534 1365 1368 1622 1623 1624 
9 
425 428 1365 1366 1367 1368 1621 1623 1624 
7 
394 428 1367 1368 1621 1622 1624 
8 
393 394 534 535 1368 1621 1622 1623 
6 
159 1257 1258 1626 1627 1628 
4 
1258 1625 1627 1628 
5 
1258 1259 1625 1626 1628 
7 
1257 1258 1259 1260 1625 1626 1627 
4 
1289 1630 1631 1632 
8 
401 404 620 1289 1290 1629 1631 1632 
8 
404 1289 1290 1291 1292 1629 1630 1632 
5 
1289 1292 1629 1630 1631 
8 
142 307 613 616 1057 1634 1635 1636 
9 
613 614 615 616 1057 1058 1633 1635 1636 
9 
615 616 1057 1058 1059 1060 1633 1634 1636 
8 
142 143 616 1057 1060 1633 1634 1635 
5 
957 960 1638 1639 1640 
9 
957 958 959 960 1529 1532 1637 1639 1640 
7 
13 959 960 1532 1637 1638 1640 
4 
960 1637 1638 1639 
3 
1642 1643 1644 
5 
485 488 1641 1643 1644 
6 
488 1270 1641 1642 1644 1842 
7 
1269 1270 1641 1642 1643 1841 1842 
5 
129 132 1646 1647 1648 
7 
129 130 131 132 1645 1647 1648 
5 
131 132 1645 1646 1648 
4 
132 1645 1646 1647 
3 
1650 1651 1652 
5 
657 660 1649 1651 1652 
5 
660 850 1649 1650 1652 
5 
849 850 1649 1650 1651 
3 
1654 1655 1656 
3 
1653 1655 1656 
3 
1653 1654 1656 
4 
714 1653 1654 1655 
7 
117 120 155 156 1658 1659 1660 
8 
117 118 119 120 155 1657 1659 1660 
5 
119 120 1657 1658 1660 
4 
120 1657 1658 1659 
3 
1662 1663 1664 
3 
1661 1663 1664 
3 
1661 1662 1664 
4 
818 1661 1662 1663 
6 
106 107 919 1666 1667 1668 
4 
1665 1667 1668 1768 
3 
1665 1666 1668 
5 
107 390 1665 1666 1667 
3 
1670 1671 1672 
3 
1669 1671 1672 
5 
693 694 1669 1670 1672 
4 
693 1669 1670 1671 
8 
303 1075 1199 1200 1674 1675 1676 1790 
4 
1199 1673 1675 1676 
4 
637 1673 1674 1676 
4 
1673 1674 1675 1791 
4 
1142 1678 1679 1680 
3 
1677 1679 1680 
5 
657 658 1677 1678 1680 
5 
657 1143 1677 1678 1679 
5 
1154 1155 1682 1683 1684 
3 
1681 1683 1684 
4 
1429 1681 1682 1684 
4 
1155 1681 1682 1683 
5 
1686 1687 1688 1795 1796 
6 
1189 1192 1685 1687 1688 1795 
6 
1192 1261 1262 1685 1686 1688 
4 
1261 1685 1686 1687 
5 
1575 1576 1690 1691 1692 
5 
1308 1575 1689 1691 1692 
4 
1514 1689 1690 1692 
5 
1513 1514 1689 1690 1691 
4 
1166 1694 1695 1696 
4 
1693 1695 1696 1816 
3 
1693 1694 1696 
5 
1166 1167 1693 1694 1695 
3 
1698 1699 1700 
3 
1697 1699 1700 
4 
1338 1697 1698 1700 
5 
1337 1338 1697 1698 1699 
4 
638 1702 1703 1704 
3 
1701 1703 1704 
3 
1701 1702 1704 
5 
638 639 1701 1702 1703 
9 
27 265 1053 1054 1394 1395 1706 1707 1708 
6 
265 266 1054 1705 1707 1708 
9 
265 266 267 268 1054 1055 1705 1706 1708 
10 
265 268 1053 1054 1055 1056 1395 1705 1706 1707 
11 
423 424 741 742 743 744 1042 1043 1710 1711 1712 
6 
423 742 743 1709 1711 1712 
4 
743 1709 1710 1712 
6 
743 744 1043 1709 1710 1711 
9 
1277 1278 1279 1280 1714 1715 1716 1959 1960 
9 
625 628 1278 1279 1332 1713 1715 1716 1959 
6 
286 628 1279 1713 1714 1716 
8 
285 286 1279 1280 1370 1713 1714 1715 
10 
761 762 763 764 1489 1718 1719 1720 1829 1830 
8 
762 763 1489 1490 1717 1719 1720 1830 
10 
763 1489 1490 1491 1492 1717 1718 1720 1830 1831 
11 
763 764 1489 1492 1717 1718 1719 1829 1830 1831 1832 
5 
405 408 1722 1723 1724 
9 
405 406 407 408 537 540 1721 1723 1724 
6 
407 408 540 1721 1722 1724 
4 
408 1721 1722 1723 
3 
1726 1727 1728 
3 
1725 1727 1728 
3 
1725 1726 1728 
3 
1725 1726 1727 
5 
483 484 1730 1731 1732 
5 
483 1432 1729 1731 1732 
3 
1729 1730 1732 
3 
1729 1730 1731 
4 
1734 1735 1736 1766 
5 
376 892 1733 1735 1736 
3 
1733 1734 1736 
6 
410 1733 1734 1735 1766 1767 
4 
1536 1738 1739 1740 
7 
1535 1536 1737 1739 1740 1937 1940 
4 
1737 1738 1740 1940 
3 
1737 1738 1739 
3 
1742 1743 1744 
3 
1741 1743 1744 
5 
721 722 1741 1742 1744 
4 
721 1741 1742 1743 
5 
621 622 1746 1747 1748 
5 
622 976 1745 1747 1748 
6 
622 623 765 1745 1746 1748 
8 
621 622 623 624 650 1745 1746 1747 
3 
1750 1751 1752 
3 
1749 1751 1752 
3 
1749 1750 1752 
3 
1749 1750 1751 
4 
555 1754 1755 1756 
4 
828 1753 1755 1756 
6 
549 1245 1246 1753 1754 1756 
4 
1245 1753 1754 1755 
3 
1758 1759 1760 
3 
1757 1759 1760 
3 
1757 1758 1760 
3 
1757 1758 1759 
9 
215 216 572 574 894 895 1762 1763 1764 
6 
215 571 572 1761 1763 1764 
3 
1761 1762 1764 
6 
574 575 895 1761 1762 1763 
4 
409 1766 1767 1768 
7 
409 410 1733 1736 1765 1767 1768 
8 
409 410 411 412 1736 1765 1766 1768 
6 
409 412 1666 1765 1766 1767 
3 
1770 1771 1772 
3 
1769 1771 1772 
4 
1109 1769 1770 1772 
3 
1769 1770 1771 
3 
1774 1775 1776 
5 
1773 1775 1776 1961 1964 
4 
1773 1774 1776 1964 
3 
1773 1774 1775 
4 
1778 1779 1780 1969 
5 
1777 1779 1780 1969 1970 
7 
1777 1778 1780 1969 1970 1971 1972 
5 
1777 1778 1779 1969 1972 
5 
1121 1122 1782 1783 1784 
4 
1122 1781 1783 1784 
5 
1122 1123 1781 1782 1784 
7 
1121 1122 1123 1124 1781 1782 1783 
3 
1786 1787 1788 
4 
1301 1785 1787 1788 
6 
1301 1304 1785 1786 1788 1905 
3 
1785 1786 1787 
9 
303 304 1076 1200 1790 1791 1792 1966 1967 
9 
303 1075 1076 1199 1200 1673 1789 1791 1792 
4 
1676 1789 1790 1792 
5 
1106 1789 1790 1791 1967 
3 
1794 1795 1796 
4 
1056 1793 1795 1796 
5 
1685 1686 1793 1794 1796 
4 
1685 1793 1794 1795 
13 
241 244 753 872 1343 1344 1605 1606 1607 1608 1798 1799 1800 
14 
241 242 243 244 753 754 871 872 1343 1606 1607 1797 1799 1800 
11 
243 244 378 753 754 755 756 1607 1797 1798 1800 
10 
244 377 378 753 756 1607 1608 1797 1798 1799 
3 
1802 1803 1804 
3 
1801 1803 1804 
6 
557 558 701 1801 1802 1804 
4 
557 1801 1802 1803 
9 
9 10 11 12 353 356 1806 1807 1808 
9 
10 11 354 355 845 848 1805 1807 1808 
6 
11 355 848 1805 1806 1808 
6 
11 12 356 1805 1806 1807 
3 
1810 1811 1812 
3 
1809 1811 1812 
3 
1809 1810 1812 
3 
1809 1810 1811 
6 
324 787 788 1814 1815 1816 
7 
323 324 787 1029 1813 1815 1816 
6 
809 1029 1032 1813 1814 1816 
4 
1694 1813 1814 1815 
3 
1818 1819 1820 
5 
257 260 1817 1819 1820 
6 
260 897 898 1817 1818 1820 
4 
897 1817 1818 1819 
10 
545 546 559 560 673 676 1244 1822 1823 1824 
11 
546 559 673 674 675 676 1243 1244 1821 1823 1824 
7 
546 547 675 676 1821 1822 1824 
8 
545 546 547 548 676 1821 1822 1823 
8 
667 668 1524 1826 1827 1828 1925 1928 
10 
667 1523 1524 1825 1827 1828 1925 1926 1927 1928 
5 
1825 1826 1828 1927 1928 
4 
1825 1826 1827 1928 
9 
761 764 1489 1492 1717 1720 1830 1831 1832 
15 
761 762 763 764 1489 1490 1491 1492 1717 1718 1719 1720 1829 1831 1832 
9 
763 764 1491 1492 1719 1720 1829 1830 1832 
6 
764 1492 1720 1829 1830 1831 
9 
1065 1068 1589 1590 1591 1592 1834 1835 1836 
9 
1065 1066 1067 1068 1590 1591 1833 1835 1836 
7 
253 1067 1068 1591 1833 1834 1836 
6 
1068 1591 1592 1833 1834 1835 
3 
1838 1839 1840 
4 
705 1837 1839 1840 
4 
708 1837 1838 1840 
3 
1837 1838 1839 
9 
70 1269 1270 1271 1272 1644 1842 1843 1844 
7 
1270 1271 1643 1644 1841 1843 1844 
4 
1271 1841 1842 1844 
7 
70 71 1271 1272 1841 1842 1843 
3 
1846 1847 1848 
4 
1412 1845 1847 1848 
5 
605 606 1845 1846 1848 
5 
326 605 1845 1846 1847 
11 
297 298 299 300 1187 1188 1363 1364 1850 1851 1852 
8 
298 299 1187 1363 1481 1849 1851 1852 
5 
299 1484 1849 1850 1852 
5 
299 300 1849 1850 1851 
4 
37 1854 1855 1856 
5 
37 38 1853 1855 1856 
7 
37 38 39 40 1853 1854 1856 
5 
37 40 1853 1854 1855 
4 
529 1858 1859 1860 
5 
529 530 1857 1859 1860 
7 
529 530 531 532 1857 1858 1860 
5 
529 532 1857 1858 1859 
3 
1862 1863 1864 
3 
1861 1863 1864 
6 
566 713 714 1861 1862 1864 
6 
565 566 713 1861 1862 1863 
6 
664 945 946 1866 1867 1868 
6 
663 664 946 1865 1867 1868 
4 
947 1865 1866 1868 
6 
947 948 1182 1865 1866 1867 
5 
1026 1027 1870 1871 1872 
5 
552 1248 1869 1871 1872 
4 
974 1869 1870 1872 
6 
973 974 1027 1869 1870 1871 
6 
105 917 920 1874 1875 1876 
10 
105 106 917 918 919 920 1184 1873 1875 1876 
9 
105 106 107 108 919 920 1873 1874 1876 
6 
105 108 920 1873 1874 1875 
3 
1878 1879 1880 
5 
1317 1380 1877 1879 1880 
5 
1317 1320 1877 1878 1880 
3 
1877 1878 1879 
7 
357 358 359 360 1882 1883 1884 
5 
358 359 1881 1883 1884 
5 
359 1158 1881 1882 1884 
7 
359 360 1157 1158 1881 1882 1883 
4 
278 1886 1887 1888 
4 
477 1885 1887 1888 
5 
477 480 1885 1886 1888 
5 
278 279 1885 1886 1887 
3 
1890 1891 1892 
5 
125 780 1889 1891 1892 
5 
125 128 1889 1890 1892 
3 
1889 1890 1891 
3 
1894 1895 1896 
4 
1893 1895 1896 1945 
5 
1893 1894 1896 1945 1948 
3 
1893 1894 1895 
5 
610 611 1898 1899 1900 
3 
1897 1899 1900 
4 
1341 1897 1898 1900 
4 
611 1897 1898 1899 
4 
1902 1903 1904 1920 
5 
1901 1903 1904 1919 1920 
3 
1901 1902 1904 
3 
1901 1902 1903 
6 
1301 1304 1787 1906 1907 1908 
5 
1302 1303 1905 1907 1908 
6 
374 890 1303 1905 1906 1908 
8 
373 374 889 890 1304 1905 1906 1907 
7 
797 800 1017 1020 1910 1911 1912 
12 
281 797 798 799 800 1017 1018 1019 1020 1909 1911 1912 
8 
284 799 800 1019 1020 1909 1910 1912 
5 
800 1020 1909 1910 1911 
9 
387 685 1309 1310 1311 1312 1914 1915 1916 
7 
685 686 1310 1311 1913 1915 1916 
8 
685 686 687 688 1311 1913 1914 1916 
7 
685 688 1311 1312 1913 1914 1915 
3 
1918 1919 1920 
3 
1917 1919 1920 
4 
1902 1917 1918 1920 
5 
1901 1902 1917 1918 1919 
11 
711 712 881 882 1137 1138 1139 1140 1922 1923 1924 
9 
711 882 1138 1139 1445 1448 1921 1923 1924 
7 
882 883 1139 1448 1921 1922 1924 
9 
881 882 883 884 1139 1140 1921 1922 1923 
10 
667 1521 1522 1523 1524 1825 1826 1926 1927 1928 
6 
1522 1523 1826 1925 1927 1928 
6 
1523 1826 1827 1925 1926 1928 
9 
1523 1524 1825 1826 1827 1828 1925 1926 1927 
3 
1930 1931 1932 
3 
1929 1931 1932 
3 
1929 1930 1932 
3 
1929 1930 1931 
3 
1934 1935 1936 
3 
1933 1935 1936 
3 
1933 1934 1936 
3 
1933 1934 1935 
6 
1535 1536 1738 1938 1939 1940 
5 
1144 1535 1937 1939 1940 
4 
849 1937 1938 1940 
5 
1738 1739 1937 1938 1939 
3 
1942 1943 1944 
3 
1941 1943 1944 
3 
1941 1942 1944 
3 
1941 1942 1943 
6 
1100 1894 1895 1946 1947 1948 
5 
1099 1100 1945 1947 1948 
4 
1945 1946 1948 1953 
4 
1895 1945 1946 1947 
8 
461 1325 1326 1327 1328 1950 1951 1952 
8 
461 462 585 1326 1327 1949 1951 1952 
8 
463 464 585 588 1327 1949 1950 1952 
6 
464 1327 1328 1949 1950 1951 
4 
1947 1954 1955 1956 
3 
1953 1955 1956 
3 
1953 1954 1956 
3 
1953 1954 1955 
4 
1277 1958 1959 1960 
7 
1277 1278 1329 1332 1957 1959 1960 
10 
1277 1278 1279 1280 1332 1713 1714 1957 1958 1960 
6 
1277 1280 1713 1957 1958 1959 
5 
296 1774 1962 1963 1964 
7 
295 296 1585 1588 1961 1963 1964 
4 
1588 1961 1962 1964 
5 
1774 1775 1961 1962 1963 
6 
304 1966 1967 1968 1982 1983 
8 
303 304 1073 1076 1789 1965 1967 1968 
6 
1076 1789 1792 1965 1966 1968 
4 
1965 1966 1967 1983 
7 
1777 1778 1779 1780 1970 1971 1972 
5 
1778 1779 1969 1971 1972 
4 
1779 1969 1970 1972 
5 
1779 1780 1969 1970 1971 
6 
1090 1254 1255 1974 1975 1976 
3 
1973 1975 1976 
3 
1973 1974 1976 
6 
1090 1091 1255 1973 1974 1975 
7 
686 687 1415 1416 1978 1979 1980 
4 
1415 1977 1979 1980 
3 
1977 1978 1980 
4 
687 1977 1978 1979 
3 
1982 1983 1984 
4 
1965 1981 1983 1984 
5 
1965 1968 1981 1982 1984 
3 
1981 1982 1983 
3 
1986 1987 1988 
3 
1985 1987 1988 
4 
386 1985 1986 1988 
5 
385 386 1985 1986 1987 
5 
1131 1132 1990 1991 1992 
4 
1131 1989 1991 1992 
4 
149 1989 1990 1992 
4 
1334 1989 1990 1991 
3 
1994 1995 1996 
3 
1993 1995 1996 
3 
1993 1994 1996 
3 
1993 1994 1995 
5 
1611 1612 1998 1999 2000 
5 
1517 1611 1997 1999 2000 
5 
1517 1520 1997 1998 2000 
3 
1997 1998 1999 