
500 
4 
6 
2 3 4 605 606 869 
7 
1 3 4 224 606 869 870 
10 
1 2 4 606 607 869 870 871 872 1449 
9 
1 2 3 605 606 607 608 869 872 
5 
6 7 8 1161 1724 
7 
5 7 8 1161 1162 1723 1724 
7 
5 6 8 1161 1162 1163 1164 
5 
5 6 7 1161 1164 
10 
10 11 12 437 593 596 1265 1266 1267 1268 
12 
9 11 12 437 438 593 594 595 596 1266 1267 1413 
12 
9 10 12 437 438 439 440 595 596 1267 1413 1416 
8 
9 10 11 437 440 596 1267 1268 
7 
14 15 16 175 176 1258 1935 
5 
13 15 16 175 552 
3 
13 14 16 
5 
13 14 15 1258 1259 
4 
18 19 20 980 
6 
17 19 20 369 979 980 
7 
17 18 20 369 372 1981 1982 
4 
17 18 19 1981 
5 
22 23 24 1164 1269 
7 
21 23 24 1163 1164 1269 1270 
8 
21 22 24 793 1269 1270 1271 1272 
5 
21 22 23 1269 1272 
7 
26 27 28 117 118 119 120 
5 
25 27 28 118 119 
4 
25 26 28 119 
5 
25 26 27 119 120 
3 
30 31 32 
3 
29 31 32 
3 
29 30 32 
3 
29 30 31 
3 
34 35 36 
3 
33 35 36 
3 
33 34 36 
3 
33 34 35 
9 
38 39 40 657 660 1874 1875 1881 1882 
8 
37 39 40 657 658 659 660 1882 
7 
37 38 40 659 660 1882 1883 
9 
37 38 39 660 1875 1881 1882 1883 1884 
3 
42 43 44 
3 
41 43 44 
4 
41 42 44 1469 
3 
41 42 43 
3 
46 47 48 
3 
45 47 48 
4 
45 46 48 786 
5 
45 46 47 785 786 
8 
50 51 52 357 358 766 1501 1504 
11 
49 51 52 358 821 824 944 1501 1502 1503 1504 
9 
49 50 52 125 358 359 824 1503 1504 
11 
49 50 51 114 357 358 359 360 766 767 1504 
7 
54 55 56 285 288 1898 1899 
7 
53 55 56 285 286 287 288 
5 
53 54 56 287 288 
6 
53 54 55 288 1646 1899 
8 
58 59 60 837 840 1111 1112 1780 
10 
57 59 60 837 838 839 840 1111 1779 1780 
6 
57 58 60 839 840 1681 
4 
57 58 59 840 
4 
62 63 64 145 
5 
61 63 64 145 146 
8 
61 62 64 145 146 147 148 374 
8 
61 62 63 145 148 373 374 1486 
4 
66 67 68 963 
3 
65 67 68 
3 
65 66 68 
3 
65 66 67 
6 
70 71 72 197 200 1668 
9 
69 71 72 197 198 199 200 1667 1668 
5 
69 70 72 199 200 
4 
69 70 71 200 
5 
74 75 76 903 904 
5 
73 75 76 903 1389 
5 
73 74 76 1389 1392 
3 
73 74 75 
7 
78 79 80 1593 1594 1595 1596 
5 
77 79 80 1594 1595 
4 
77 78 80 1595 
5 
77 78 79 1595 1596 
6 
82 83 84 632 1199 1200 
6 
81 83 84 631 632 1199 
3 
81 82 84 
3 
81 82 83 
3 
86 87 88 
3 
85 87 88 
3 
85 86 88 
3 
85 86 87 
7 
90 91 92 1809 1810 1811 1812 
6 
89 91 92 528 1810 1811 
4 
89 90 92 1811 
5 
89 90 91 1811 1812 
5 
94 95 96 1765 1766 
5 
93 95 96 1766 1988 
5 
93 94 96 1766 1767 
7 
93 94 95 1765 1766 1767 1768 
5 
98 99 100 213 377 
8 
97 99 100 213 214 377 378 1972 
9 
97 98 100 215 216 377 378 379 380 
7 
97 98 99 216 377 380 430 
5 
102 103 104 529 532 
7 
101 103 104 529 530 531 532 
8 
101 102 104 305 306 531 532 850 
7 
101 102 103 305 532 849 850 
5 
106 107 108 241 242 
6 
105 107 108 242 1005 1008 
8 
105 106 108 221 222 242 243 1008 
8 
105 106 107 221 241 242 243 244 
6 
110 111 112 1183 1184 1237 
6 
109 111 112 1183 1237 1238 
5 
109 110 112 1239 1240 
4 
109 110 111 1240 
11 
114 115 116 357 360 765 766 767 768 846 1262 
11 
52 113 115 116 357 358 359 360 766 767 1504 
6 
113 114 116 359 360 767 
10 
113 114 115 360 767 768 846 847 1262 1263 
6 
25 118 119 120 191 192 
6 
25 26 117 119 120 191 
7 
25 26 27 28 117 118 120 
6 
25 28 117 118 119 1390 
5 
122 123 124 397 398 
6 
121 123 124 398 613 741 
8 
121 122 124 398 399 616 741 744 
7 
121 122 123 397 398 399 400 
8 
51 126 127 128 313 645 823 824 
8 
125 127 128 313 314 645 646 823 
11 
125 126 128 313 314 315 316 645 646 647 648 
7 
125 126 127 313 316 645 648 
5 
130 131 132 247 248 
5 
129 131 132 247 1357 
5 
129 130 132 1357 1360 
5 
129 130 131 154 830 
6 
134 135 136 875 876 1242 
4 
133 135 136 875 
3 
133 134 136 
5 
133 134 135 1242 1243 
7 
138 139 140 684 1461 1462 1848 
10 
137 139 140 683 684 1213 1216 1462 1847 1848 
6 
137 138 140 1216 1462 1463 
7 
137 138 139 1461 1462 1463 1464 
4 
142 143 144 497 
9 
141 143 144 497 498 805 808 1133 1136 
11 
141 142 144 497 498 499 500 808 1136 1545 1546 
6 
141 142 143 497 500 1545 
7 
61 62 63 64 146 147 148 
5 
62 63 145 147 148 
5 
63 145 146 148 374 
8 
63 64 145 146 147 373 374 1486 
5 
150 151 152 1361 1364 
7 
149 151 152 1361 1362 1363 1364 
5 
149 150 152 1363 1364 
4 
149 150 151 1364 
8 
154 155 156 227 829 830 831 832 
6 
132 153 155 156 830 831 
4 
153 154 156 831 
5 
153 154 155 831 832 
4 
158 159 160 490 
3 
157 159 160 
3 
157 158 160 
6 
157 158 159 490 491 918 
3 
162 163 164 
3 
161 163 164 
5 
161 162 164 805 806 
4 
161 162 163 805 
4 
166 167 168 1205 
5 
165 167 168 1205 1206 
7 
165 166 168 1205 1206 1207 1208 
5 
165 166 167 1205 1208 
5 
170 171 172 1962 1963 
5 
169 171 172 1977 1980 
4 
169 170 172 1980 
4 
169 170 171 1963 
5 
174 175 176 1934 1935 
4 
173 175 176 549 
7 
13 14 173 174 176 549 552 
6 
13 173 174 175 1258 1935 
8 
178 179 180 733 734 735 736 1544 
7 
177 179 180 734 735 1543 1544 
4 
177 178 180 735 
5 
177 178 179 735 736 
7 
182 183 184 561 562 1253 1254 
5 
181 183 184 562 1254 
9 
181 182 184 562 563 1078 1254 1255 1754 
15 
181 182 183 561 562 563 564 1077 1078 1253 1254 1255 1256 1753 1754 
3 
186 187 188 
4 
185 187 188 1224 
3 
185 186 188 
3 
185 186 187 
5 
190 191 192 1349 1352 
7 
189 191 192 1349 1350 1351 1352 
7 
117 118 189 190 192 1351 1352 
5 
117 189 190 191 1352 
4 
194 195 196 1113 
5 
193 195 196 1113 1114 
8 
193 194 196 1113 1114 1115 1116 1737 
5 
193 194 195 1113 1116 
7 
69 70 198 199 200 1665 1668 
8 
70 197 199 200 1665 1666 1667 1668 
7 
70 71 197 198 200 1667 1668 
8 
69 70 71 72 197 198 199 1668 
4 
202 203 204 1582 
3 
201 203 204 
3 
201 202 204 
5 
201 202 203 1582 1583 
4 
206 207 208 1917 
5 
205 207 208 1917 1918 
8 
205 206 208 1622 1917 1918 1919 1920 
7 
205 206 207 1621 1622 1917 1920 
4 
210 211 212 630 
3 
209 211 212 
4 
209 210 212 1245 
5 
209 210 211 630 631 
6 
97 98 214 215 216 377 
7 
98 213 215 216 377 378 1972 
8 
99 213 214 216 377 378 379 380 
7 
99 100 213 214 215 377 380 
3 
218 219 220 
3 
217 219 220 
4 
217 218 220 898 
5 
217 218 219 897 898 
7 
107 108 222 223 224 243 244 
6 
107 221 223 224 243 1448 
4 
221 222 224 870 
7 
2 221 222 223 606 869 870 
3 
226 227 228 
3 
225 227 228 
5 
153 225 226 228 829 
3 
225 226 227 
4 
230 231 232 325 
5 
229 231 232 325 326 
7 
229 230 232 325 326 327 328 
5 
229 230 231 325 328 
3 
234 235 236 
4 
233 235 236 493 
5 
233 234 236 493 496 
3 
233 234 235 
4 
238 239 240 585 
12 
237 239 240 273 561 564 585 586 1077 1253 1256 1753 
17 
237 238 240 273 276 564 585 586 587 588 969 970 1077 1080 1256 1753 1756 
6 
237 238 239 585 588 969 
5 
105 108 242 243 244 
7 
105 106 107 108 241 243 244 
7 
107 108 221 222 241 242 244 
5 
108 221 241 242 243 
5 
246 247 248 478 479 
3 
245 247 248 
5 
129 130 245 246 248 
5 
129 245 246 247 479 
3 
250 251 252 
4 
249 251 252 628 
6 
249 250 252 461 462 578 
6 
249 250 251 461 577 578 
5 
254 255 256 753 756 
8 
253 255 256 753 754 755 756 1476 
6 
253 254 256 755 756 978 
5 
253 254 255 756 977 
3 
258 259 260 
3 
257 259 260 
7 
257 258 260 1221 1222 1373 1374 
5 
257 258 259 1221 1373 
5 
262 263 264 1518 1701 
5 
261 263 264 1701 1702 
7 
261 262 264 1701 1702 1703 1704 
7 
261 262 263 1518 1519 1701 1704 
4 
266 267 268 1179 
3 
265 267 268 
4 
265 266 268 1913 
3 
265 266 267 
7 
270 271 272 365 368 694 695 
8 
269 271 272 320 365 366 367 368 
5 
269 270 272 367 368 
5 
269 270 271 368 695 
14 
238 239 274 275 276 564 585 586 970 1077 1080 1256 1753 1756 
16 
273 275 276 563 564 586 1077 1078 1079 1080 1255 1256 1753 1754 1755 1756 
9 
273 274 276 586 587 1079 1080 1755 1756 
13 
239 273 274 275 585 586 587 588 670 970 971 1080 1756 
5 
278 279 280 458 459 
3 
277 279 280 
6 
277 278 280 629 1197 1198 
5 
277 278 279 459 1197 
4 
282 283 284 1152 
5 
281 283 284 1151 1152 
3 
281 282 284 
3 
281 282 283 
7 
53 54 286 287 288 1463 1464 
5 
54 285 287 288 1463 
5 
54 55 285 286 288 
7 
53 54 55 56 285 286 287 
6 
290 291 292 522 523 1405 
6 
289 291 292 1405 1406 1612 
7 
289 290 292 1405 1406 1407 1408 
6 
289 290 291 523 1405 1408 
3 
294 295 296 
4 
293 295 296 452 
4 
293 294 296 1102 
5 
293 294 295 1101 1102 
9 
298 299 300 422 423 573 574 575 576 
5 
297 299 300 574 575 
4 
297 298 300 575 
6 
297 298 299 423 575 576 
5 
302 303 304 989 990 
4 
301 303 304 990 
5 
301 302 304 990 991 
7 
301 302 303 989 990 991 992 
7 
103 104 306 307 308 850 851 
4 
103 305 307 308 
3 
305 306 308 
4 
305 306 307 851 
7 
310 311 312 405 1040 1849 1850 
8 
309 311 312 405 406 1039 1040 1850 
9 
309 310 312 405 406 407 408 1850 1851 
9 
309 310 311 405 408 1849 1850 1851 1852 
11 
125 126 127 128 314 315 316 645 648 823 824 
10 
126 127 313 315 316 645 646 647 648 823 
6 
127 313 314 316 647 648 
6 
127 128 313 314 315 648 
7 
318 319 320 513 514 515 516 
6 
317 319 320 514 515 984 
5 
317 318 320 366 515 
8 
270 317 318 319 365 366 515 516 
6 
322 323 324 960 1366 1367 
5 
321 323 324 959 960 
4 
321 322 324 473 
4 
321 322 323 1367 
7 
229 230 231 232 326 327 328 
5 
230 231 325 327 328 
5 
231 325 326 328 833 
5 
231 232 325 326 327 
3 
330 331 332 
3 
329 331 332 
3 
329 330 332 
3 
329 330 331 
5 
334 335 336 1015 1016 
8 
333 335 336 701 704 913 1015 1808 
6 
333 334 336 704 913 916 
3 
333 334 335 
3 
338 339 340 
4 
337 339 340 1729 
5 
337 338 340 1729 1732 
3 
337 338 339 
3 
342 343 344 
3 
341 343 344 
6 
341 342 344 713 1029 1794 
5 
341 342 343 1793 1794 
4 
346 347 348 1055 
4 
345 347 348 1304 
3 
345 346 348 
3 
345 346 347 
5 
350 351 352 671 672 
4 
349 351 352 671 
3 
349 350 352 
3 
349 350 351 
6 
354 355 356 777 780 996 
11 
353 355 356 777 778 779 780 995 996 1789 1792 
8 
353 354 356 779 780 1629 1630 1792 
6 
353 354 355 780 1629 1862 
9 
49 52 113 114 358 359 360 766 767 
9 
49 50 51 52 114 357 359 360 1504 
7 
51 52 114 115 357 358 360 
9 
52 113 114 115 116 357 358 359 767 
3 
362 363 364 
3 
361 363 364 
3 
361 362 364 
3 
361 362 363 
9 
269 270 320 366 367 368 515 516 694 
7 
270 319 320 365 367 368 515 
5 
270 271 365 366 368 
8 
269 270 271 272 365 366 367 695 
7 
18 19 370 371 372 979 1982 
3 
369 371 372 
4 
369 370 372 1317 
6 
19 369 370 371 1982 1983 
6 
64 148 374 375 376 1486 
7 
63 64 147 148 373 375 376 
3 
373 374 376 
5 
373 374 375 1486 1487 
11 
97 98 99 100 213 214 215 216 378 379 380 
8 
98 99 214 215 377 379 380 1972 
5 
99 215 377 378 380 
7 
99 100 215 216 377 378 379 
4 
382 383 384 1236 
6 
381 383 384 1235 1236 1280 
3 
381 382 384 
4 
381 382 383 1146 
7 
386 387 388 450 451 1961 1964 
7 
385 387 388 1961 1962 1963 1964 
5 
385 386 388 1963 1964 
5 
385 386 387 451 1964 
5 
390 391 392 1494 1495 
3 
389 391 392 
3 
389 390 392 
4 
389 390 391 1495 
4 
394 395 396 1246 
3 
393 395 396 
3 
393 394 396 
4 
393 394 395 1247 
5 
121 124 398 399 400 
7 
121 122 123 124 397 399 400 
5 
123 124 397 398 400 
4 
124 397 398 399 
4 
402 403 404 1458 
6 
401 403 404 757 1633 1636 
7 
401 402 404 757 760 1326 1636 
7 
401 402 403 1325 1326 1458 1459 
10 
309 310 311 312 406 407 408 1040 1849 1850 
8 
310 311 405 407 408 1039 1040 1850 
6 
311 405 406 408 1850 1851 
9 
311 312 405 406 407 1849 1850 1851 1852 
5 
410 411 412 975 1175 
3 
409 411 412 
3 
409 410 412 
3 
409 410 411 
4 
414 415 416 1058 
3 
413 415 416 
7 
413 414 416 1641 1938 1985 1986 
8 
413 414 415 1058 1059 1937 1938 1985 
3 
418 419 420 
3 
417 419 420 
3 
417 418 420 
3 
417 418 419 
5 
422 423 424 573 1800 
8 
297 421 423 424 573 574 1799 1800 
9 
297 300 421 422 424 573 574 575 576 
5 
421 422 423 573 576 
4 
426 427 428 889 
6 
425 427 428 885 889 890 
9 
425 426 428 885 888 889 890 891 892 
5 
425 426 427 889 892 
3 
430 431 432 
4 
100 429 431 432 
3 
429 430 432 
3 
429 430 431 
3 
434 435 436 
3 
433 435 436 
3 
433 434 436 
3 
433 434 435 
16 
9 10 11 12 438 439 440 593 594 595 596 1265 1266 1267 1268 1413 
11 
10 11 437 439 440 594 595 1266 1267 1413 1414 
10 
11 437 438 440 595 1267 1413 1414 1415 1416 
11 
11 12 437 438 439 595 596 1267 1268 1413 1416 
8 
442 443 444 1483 1549 1550 1551 1552 
5 
441 443 444 1550 1551 
4 
441 442 444 1551 
5 
441 442 443 1551 1552 
5 
446 447 448 1654 1655 
3 
445 447 448 
5 
445 446 448 1129 1566 
6 
445 446 447 1565 1566 1655 
4 
450 451 452 827 
4 
385 449 451 452 
5 
385 388 449 450 452 
4 
294 449 450 451 
3 
454 455 456 
4 
453 455 456 736 
3 
453 454 456 
3 
453 454 455 
3 
458 459 460 
4 
277 457 459 460 
5 
277 280 457 458 460 
3 
457 458 459 
8 
251 252 462 463 464 578 589 590 
5 
251 461 463 464 590 
5 
461 462 464 590 591 
9 
461 462 463 578 579 589 590 591 592 
9 
466 467 468 885 886 887 888 890 891 
5 
465 467 468 886 887 
4 
465 466 468 887 
7 
465 466 467 518 887 888 891 
5 
470 471 472 864 1431 
5 
469 471 472 863 864 
4 
469 470 472 625 
3 
469 470 471 
4 
323 474 475 476 
4 
473 475 476 1156 
3 
473 474 476 
3 
473 474 475 
7 
478 479 480 1369 1370 1371 1372 
7 
245 477 479 480 792 1370 1371 
6 
245 248 477 478 480 1371 
5 
477 478 479 1371 1372 
5 
482 483 484 949 1400 
7 
481 483 484 949 950 1399 1400 
7 
481 482 484 949 950 951 952 
5 
481 482 483 949 952 
3 
486 487 488 
3 
485 487 488 
3 
485 486 488 
3 
485 486 487 
5 
490 491 492 917 918 
6 
157 160 489 491 492 918 
6 
160 489 490 492 918 919 
7 
489 490 491 917 918 919 920 
5 
234 235 494 495 496 
4 
493 495 496 1496 
4 
493 494 496 1282 
6 
235 493 494 495 1281 1282 
9 
141 142 143 144 498 499 500 1545 1546 
8 
142 143 497 499 500 808 1136 1546 
6 
143 497 498 500 1546 1547 
9 
143 144 497 498 499 1545 1546 1547 1548 
5 
502 503 504 1202 1203 
3 
501 503 504 
3 
501 502 504 
4 
501 502 503 1203 
8 
506 507 508 1141 1142 1143 1144 1296 
7 
505 507 508 1142 1143 1295 1296 
7 
505 506 508 1110 1143 1513 1778 
9 
505 506 507 1109 1110 1143 1144 1777 1778 
5 
510 511 512 848 1264 
7 
509 511 512 847 848 1263 1264 
3 
509 510 512 
3 
509 510 511 
4 
317 514 515 516 
5 
317 318 513 515 516 
9 
317 318 319 320 365 366 513 514 516 
7 
317 320 365 513 514 515 694 
6 
518 519 520 888 891 892 
7 
468 517 519 520 887 888 891 
5 
517 518 520 901 902 
4 
517 518 519 901 
3 
522 523 524 
5 
289 521 523 524 1405 
8 
289 292 521 522 524 1130 1405 1408 
5 
521 522 523 1129 1130 
3 
526 527 528 
3 
525 527 528 
3 
525 526 528 
4 
90 525 526 527 
5 
101 102 530 531 532 
4 
102 529 531 532 
5 
102 103 529 530 532 
8 
101 102 103 104 529 530 531 850 
7 
534 535 536 1973 1974 1975 1976 
7 
533 535 536 1945 1948 1974 1975 
6 
533 534 536 1057 1948 1975 
6 
533 534 535 554 1975 1976 
3 
538 539 540 
4 
537 539 540 1285 
4 
537 538 540 1288 
3 
537 538 539 
6 
542 543 544 1194 1409 1410 
4 
541 543 544 1410 
6 
541 542 544 1410 1411 1578 
11 
541 542 543 1194 1195 1409 1410 1411 1412 1577 1578 
5 
546 547 548 1605 1608 
7 
545 547 548 1605 1606 1607 1608 
7 
545 546 548 653 654 1607 1608 
5 
545 546 547 653 1608 
5 
174 175 550 551 552 
3 
549 551 552 
3 
549 550 552 
5 
14 175 549 550 551 
6 
554 555 556 746 906 1976 
6 
536 553 555 556 1975 1976 
3 
553 554 556 
8 
553 554 555 746 747 906 907 1034 
7 
558 559 560 1137 1138 1139 1140 
5 
557 559 560 1138 1139 
4 
557 558 560 1139 
5 
557 558 559 1139 1140 
9 
181 184 238 562 563 564 1253 1753 1754 
10 
181 182 183 184 561 563 564 1253 1254 1754 
11 
183 184 274 561 562 564 1078 1255 1256 1754 1755 
17 
184 238 239 273 274 561 562 563 586 970 1077 1078 1256 1753 1754 1755 1756 
7 
566 567 568 581 584 1522 1523 
5 
565 567 568 582 583 
4 
565 566 568 583 
5 
565 566 567 584 1523 
5 
570 571 572 680 965 
7 
569 571 572 679 680 965 966 
5 
569 570 572 967 968 
5 
569 570 571 968 1994 
8 
297 421 422 423 424 574 575 576 
7 
297 298 422 423 573 575 576 
8 
297 298 299 300 423 573 574 576 
7 
297 300 423 424 573 574 575 
4 
252 578 579 580 
8 
251 252 461 464 577 579 580 589 
7 
464 577 578 580 589 592 1542 
5 
577 578 579 1541 1542 
5 
565 582 583 584 1522 
4 
566 581 583 584 
5 
566 567 581 582 584 
7 
565 568 581 582 583 1522 1523 
11 
237 238 239 240 273 276 586 587 588 969 970 
16 
238 239 273 274 275 276 564 585 587 588 970 1077 1080 1256 1753 1756 
11 
239 275 276 585 586 588 670 970 971 1080 1756 
12 
239 240 276 585 586 587 669 670 969 970 971 972 
8 
461 464 578 579 590 591 592 1542 
7 
461 462 463 464 589 591 592 
5 
463 464 589 590 592 
7 
464 579 589 590 591 1542 1543 
10 
9 10 437 594 595 596 1265 1266 1267 1268 
9 
10 437 438 593 595 596 1266 1267 1413 
12 
10 11 437 438 439 440 593 594 596 1267 1413 1416 
11 
9 10 11 12 437 440 593 594 595 1267 1268 
3 
598 599 600 
4 
597 599 600 1973 
5 
597 598 600 1973 1976 
3 
597 598 599 
4 
602 603 604 1558 
5 
601 603 604 1765 1768 
4 
601 602 604 1768 
5 
601 602 603 1558 1559 
6 
1 4 606 607 608 869 
11 
1 2 3 4 224 605 607 608 869 870 1449 
11 
3 4 605 606 608 869 870 871 872 1449 1452 
6 
4 605 606 607 869 872 
3 
610 611 612 
5 
609 611 612 1625 1968 
4 
609 610 612 1628 
3 
609 610 611 
6 
122 614 615 616 741 742 
5 
613 615 616 742 1852 
5 
613 614 616 742 743 
8 
123 613 614 615 741 742 743 744 
5 
618 619 620 937 938 
6 
617 619 620 938 1761 1764 
7 
617 618 620 858 938 939 1764 
9 
617 618 619 857 858 937 938 939 940 
3 
622 623 624 
3 
621 623 624 
3 
621 622 624 
3 
621 622 623 
4 
471 626 627 628 
3 
625 627 628 
3 
625 626 628 
4 
250 625 626 627 
8 
279 630 631 632 1197 1198 1199 1200 
7 
209 212 629 631 632 1198 1199 
6 
82 212 629 630 632 1199 
7 
81 82 629 630 631 1199 1200 
5 
634 635 636 1649 1652 
7 
633 635 636 1649 1650 1651 1652 
6 
633 634 636 1651 1652 1821 
4 
633 634 635 1652 
4 
638 639 640 1498 
3 
637 639 640 
3 
637 638 640 
7 
637 638 639 682 1498 1499 1846 
9 
642 643 644 1771 1772 1813 1814 1815 1816 
6 
641 643 644 1771 1814 1815 
4 
641 642 644 1815 
5 
641 642 643 1815 1816 
10 
125 126 127 128 313 314 646 647 648 823 
6 
126 127 314 645 647 648 
7 
127 314 315 645 646 648 1597 
9 
127 128 313 314 315 316 645 646 647 
3 
650 651 652 
3 
649 651 652 
3 
649 650 652 
3 
649 650 651 
5 
547 548 654 655 656 
4 
547 653 655 656 
4 
653 654 656 1678 
5 
653 654 655 1677 1678 
6 
37 38 658 659 660 1882 
4 
38 657 659 660 
5 
38 39 657 658 660 
9 
37 38 39 40 657 658 659 1882 1883 
5 
662 663 664 1597 1600 
9 
661 663 664 665 1525 1597 1598 1599 1600 
8 
661 662 664 665 668 1528 1599 1600 
5 
661 662 663 798 1600 
10 
662 663 666 667 668 1525 1526 1527 1528 1599 
5 
665 667 668 1526 1527 
5 
665 666 668 1517 1527 
6 
663 665 666 667 1527 1528 
5 
588 670 671 672 972 
8 
276 587 588 669 671 672 971 972 
5 
349 350 669 670 672 
4 
349 669 670 671 
4 
674 675 676 1104 
5 
673 675 676 1103 1104 
3 
673 674 676 
3 
673 674 675 
5 
678 679 680 1858 1859 
4 
677 679 680 813 
9 
570 677 678 680 813 816 965 966 1713 
7 
569 570 677 678 679 965 1859 
7 
682 683 684 1213 1500 1845 1848 
12 
640 681 683 684 1213 1214 1499 1500 1845 1846 1847 1848 
10 
138 681 682 684 1213 1214 1215 1216 1847 1848 
8 
137 138 681 682 683 1213 1216 1848 
3 
686 687 688 
5 
685 687 688 1309 1312 
6 
685 686 688 1312 1921 1922 
4 
685 686 687 1921 
3 
690 691 692 
3 
689 691 692 
6 
689 690 692 1106 1509 1510 
6 
689 690 691 1105 1106 1509 
3 
694 695 696 
6 
269 365 516 693 695 696 
6 
269 272 368 693 694 696 
3 
693 694 695 
4 
698 699 700 1081 
8 
697 699 700 921 1081 1082 1861 1864 
7 
697 698 700 924 1083 1084 1864 
4 
697 698 699 1084 
7 
334 702 703 704 1014 1015 1808 
5 
701 703 704 1807 1808 
5 
701 702 704 913 914 
7 
334 335 701 702 703 913 1015 
4 
706 707 708 1623 
5 
705 707 708 1045 1048 
6 
705 706 708 1048 1157 1158 
4 
705 706 707 1157 
5 
710 711 712 1126 1127 
3 
709 711 712 
3 
709 710 712 
4 
709 710 711 1127 
8 
343 714 715 716 1029 1030 1031 1032 
5 
713 715 716 1030 1031 
4 
713 714 716 1031 
5 
713 714 715 1031 1032 
3 
718 719 720 
3 
717 719 720 
3 
717 718 720 
4 
717 718 719 1774 
3 
722 723 724 
3 
721 723 724 
3 
721 722 724 
3 
721 722 723 
3 
726 727 728 
3 
725 727 728 
3 
725 726 728 
3 
725 726 727 
3 
730 731 732 
3 
729 731 732 
3 
729 730 732 
3 
729 730 731 
4 
177 734 735 736 
6 
177 178 733 735 736 1544 
7 
177 178 179 180 733 734 736 
6 
177 180 454 733 734 735 
3 
738 739 740 
3 
737 739 740 
3 
737 738 740 
3 
737 738 739 
7 
122 123 613 616 742 743 744 
7 
613 614 615 616 741 743 744 
5 
615 616 741 742 744 
5 
123 616 741 742 743 
7 
746 747 748 905 908 1033 1034 
10 
553 556 745 747 748 905 906 907 908 1034 
8 
556 745 746 748 907 908 1034 1035 
8 
745 746 747 908 1033 1034 1035 1036 
3 
750 751 752 
3 
749 751 752 
4 
749 750 752 1858 
5 
749 750 751 1857 1858 
5 
253 254 754 755 756 
6 
254 753 755 756 1473 1476 
6 
254 255 753 754 756 1476 
7 
253 254 255 256 753 754 755 
9 
402 403 758 759 760 781 784 1635 1636 
8 
757 759 760 781 782 783 784 1635 
5 
757 758 760 783 784 
5 
403 757 758 759 784 
3 
762 763 764 
3 
761 763 764 
3 
761 762 764 
3 
761 762 763 
4 
113 766 767 768 
8 
49 52 113 114 357 765 767 768 
12 
52 113 114 115 116 357 360 765 766 768 846 1262 
9 
113 116 765 766 767 845 846 1261 1262 
3 
770 771 772 
4 
769 771 772 1809 
5 
769 770 772 1809 1812 
3 
769 770 771 
6 
774 775 776 1515 1516 1682 
4 
773 775 776 1515 
3 
773 774 776 
6 
773 774 775 1230 1682 1683 
8 
353 354 778 779 780 995 996 1789 
7 
354 777 779 780 995 1789 1790 
10 
354 355 777 778 780 1630 1789 1790 1791 1792 
11 
353 354 355 356 777 778 779 1629 1630 1789 1792 
7 
757 758 782 783 784 1634 1635 
4 
758 781 783 784 
5 
758 759 781 782 784 
8 
757 758 759 760 781 782 783 1635 
5 
48 786 787 788 1347 
5 
47 48 785 787 788 
3 
785 786 788 
3 
785 786 787 
3 
790 791 792 
3 
789 791 792 
3 
789 790 792 
4 
478 789 790 791 
8 
23 794 795 796 1269 1270 1271 1272 
5 
793 795 796 1270 1271 
6 
793 794 796 1271 1441 1442 
6 
793 794 795 1271 1272 1441 
3 
798 799 800 
4 
664 797 799 800 
3 
797 798 800 
3 
797 798 799 
7 
802 803 804 1025 1026 1027 1028 
5 
801 803 804 1026 1027 
4 
801 802 804 1027 
5 
801 802 803 1027 1028 
7 
142 163 164 806 807 808 1133 
6 
163 805 807 808 1133 1134 
7 
805 806 808 1133 1134 1135 1136 
8 
142 143 498 805 806 807 1133 1136 
3 
810 811 812 
4 
809 811 812 1829 
5 
809 810 812 1829 1832 
3 
809 810 811 
6 
678 679 814 815 816 966 
3 
813 815 816 
6 
813 814 816 1589 1713 1714 
7 
679 813 814 815 966 967 1713 
11 
818 819 820 921 922 1082 1329 1861 1862 1863 1864 
10 
817 819 820 922 1329 1330 1629 1632 1862 1863 
11 
817 818 820 922 923 1329 1330 1331 1332 1632 1863 
13 
817 818 819 921 922 923 924 1082 1083 1329 1332 1863 1864 
8 
50 822 823 824 943 944 1502 1503 
4 
821 823 824 943 
8 
125 126 313 314 645 821 822 824 
8 
50 51 125 313 821 822 823 1503 
3 
826 827 828 
3 
825 827 828 
4 
449 825 826 828 
3 
825 826 827 
5 
153 227 830 831 832 
6 
132 153 154 829 831 832 
7 
153 154 155 156 829 830 832 
5 
153 156 829 830 831 
4 
327 834 835 836 
3 
833 835 836 
3 
833 834 836 
3 
833 834 835 
11 
57 58 838 839 840 1111 1112 1777 1778 1779 1780 
7 
58 837 839 840 1111 1778 1779 
6 
58 59 837 838 840 1779 
9 
57 58 59 60 837 838 839 1779 1780 
3 
842 843 844 
6 
841 843 844 1188 1685 1688 
4 
841 842 844 1688 
3 
841 842 843 
6 
768 846 847 848 1261 1262 
8 
113 116 767 768 845 847 848 1262 
7 
116 510 845 846 848 1262 1263 
9 
509 510 845 846 847 1261 1262 1263 1264 
4 
104 850 851 852 
7 
103 104 305 532 849 851 852 
5 
305 308 849 850 852 
3 
849 850 851 
3 
854 855 856 
3 
853 855 856 
3 
853 854 856 
3 
853 854 855 
6 
620 858 859 860 940 1117 
9 
619 620 857 859 860 939 940 1117 1118 
9 
857 858 860 1117 1118 1119 1120 1529 1530 
6 
857 858 859 1117 1120 1529 
4 
862 863 864 1430 
3 
861 863 864 
5 
470 861 862 864 1069 
7 
469 470 861 862 863 1430 1431 
3 
866 867 868 
3 
865 867 868 
3 
865 866 868 
3 
865 866 867 
13 
1 2 3 4 224 605 606 607 608 870 871 872 1449 
11 
2 3 223 224 606 607 869 871 872 1449 1450 
9 
3 607 869 870 872 1449 1450 1451 1452 
9 
3 4 607 608 869 870 871 1449 1452 
3 
874 875 876 
3 
873 875 876 
5 
133 134 873 874 876 
5 
133 873 874 875 1242 
7 
878 879 880 1305 1306 1307 1308 
5 
877 879 880 1306 1307 
5 
877 878 880 1307 1421 
5 
877 878 879 1307 1308 
3 
882 883 884 
3 
881 883 884 
3 
881 882 884 
3 
881 882 883 
10 
426 427 465 886 887 888 889 890 891 892 
7 
465 466 885 887 888 890 891 
9 
465 466 467 468 518 885 886 888 891 
10 
427 465 468 517 518 885 886 887 891 892 
8 
425 426 427 428 885 890 891 892 
8 
426 427 465 885 886 889 891 892 
12 
427 465 468 517 518 885 886 887 888 889 890 892 
8 
427 428 517 885 888 889 890 891 
3 
894 895 896 
3 
893 895 896 
4 
893 894 896 1470 
5 
893 894 895 1469 1470 
7 
220 898 899 900 1626 1966 1967 
5 
219 220 897 899 900 
3 
897 898 900 
6 
897 898 899 1626 1627 1967 
5 
519 520 902 903 904 
4 
519 901 903 904 
5 
73 74 901 902 904 
4 
73 901 902 903 
5 
745 746 906 907 908 
6 
553 556 746 905 907 908 
7 
556 746 747 905 906 908 1034 
9 
745 746 747 748 905 906 907 1033 1034 
3 
910 911 912 
3 
909 911 912 
3 
909 910 912 
3 
909 910 911 
7 
334 335 703 704 914 915 916 
4 
703 913 915 916 
3 
913 914 916 
4 
335 913 914 915 
5 
489 492 918 919 920 
8 
160 489 490 491 492 917 919 920 
6 
491 492 917 918 920 1658 
6 
492 917 918 919 1657 1658 
9 
698 817 820 922 923 924 1082 1861 1864 
13 
817 818 819 820 921 923 924 1329 1332 1861 1862 1863 1864 
8 
819 820 921 922 924 1332 1863 1864 
7 
699 820 921 922 923 1083 1864 
4 
926 927 928 1278 
3 
925 927 928 
3 
925 926 928 
5 
925 926 927 1278 1279 
4 
930 931 932 1886 
3 
929 931 932 
4 
929 930 932 1654 
7 
929 930 931 1653 1654 1886 1887 
7 
934 935 936 1353 1354 1355 1356 
5 
933 935 936 1354 1355 
4 
933 934 936 1355 
5 
933 934 935 1355 1356 
5 
617 620 938 939 940 
9 
617 618 619 620 937 939 940 1761 1764 
8 
619 620 858 937 938 940 1118 1764 
8 
620 857 858 937 938 939 1117 1118 
4 
942 943 944 1502 
3 
941 943 944 
5 
821 822 941 942 944 
7 
50 821 941 942 943 1502 1503 
4 
946 947 948 1359 
3 
945 947 948 
5 
945 946 948 1945 1974 
5 
945 946 947 1973 1974 
9 
481 482 483 484 950 951 952 1399 1400 
6 
482 483 949 951 952 1399 
4 
483 949 950 952 
5 
483 484 949 950 951 
3 
954 955 956 
3 
953 955 956 
3 
953 954 956 
3 
953 954 955 
8 
958 959 960 1569 1570 1571 1572 1911 
5 
957 959 960 1570 1571 
6 
322 957 958 960 1153 1571 
7 
321 322 957 958 959 1571 1572 
4 
962 963 964 1618 
3 
961 963 964 
4 
65 961 962 964 
5 
961 962 963 1618 1619 
7 
569 570 679 680 966 967 968 
8 
570 679 813 816 965 967 968 1713 
7 
571 816 965 966 968 1713 1716 
6 
571 572 965 966 967 1994 
7 
239 240 585 588 970 971 972 
15 
239 273 276 564 585 586 587 588 969 971 972 1077 1080 1256 1756 
8 
276 587 588 670 969 970 972 1080 
6 
588 669 670 969 970 971 
9 
974 975 976 1173 1174 1579 1580 1730 1731 
5 
973 975 976 1174 1579 
6 
409 973 974 976 1174 1175 
8 
973 974 975 1173 1174 1175 1176 1731 
4 
256 978 979 980 
4 
255 977 979 980 
5 
18 369 977 978 980 
5 
17 18 977 978 979 
3 
982 983 984 
3 
981 983 984 
3 
981 982 984 
4 
318 981 982 983 
3 
986 987 988 
3 
985 987 988 
3 
985 986 988 
3 
985 986 987 
5 
301 304 990 991 992 
7 
301 302 303 304 989 991 992 
5 
303 304 989 990 992 
5 
304 989 990 991 1570 
3 
994 995 996 
3 
993 995 996 
7 
354 777 778 993 994 996 1789 
6 
353 354 777 993 994 995 
4 
998 999 1000 1943 
3 
997 999 1000 
3 
997 998 1000 
4 
997 998 999 1070 
3 
1002 1003 1004 
3 
1001 1003 1004 
5 
1001 1002 1004 1397 1398 
4 
1001 1002 1003 1397 
5 
106 1006 1007 1008 1097 
5 
1005 1007 1008 1097 1098 
8 
1005 1006 1008 1097 1098 1099 1100 1446 
8 
106 107 1005 1006 1007 1097 1100 1445 
4 
1010 1011 1012 1535 
3 
1009 1011 1012 
3 
1009 1010 1012 
3 
1009 1010 1011 
4 
1014 1015 1016 1775 
4 
701 1013 1015 1016 
7 
333 334 701 704 1013 1014 1016 
4 
333 1013 1014 1015 
7 
1018 1019 1020 1553 1591 1592 1715 
6 
1017 1019 1020 1553 1554 1591 
7 
1017 1018 1020 1553 1554 1555 1556 
5 
1017 1018 1019 1553 1556 
4 
1022 1023 1024 1060 
6 
1021 1023 1024 1059 1060 1937 
5 
1021 1022 1024 1937 1940 
3 
1021 1022 1023 
4 
801 1026 1027 1028 
5 
801 802 1025 1027 1028 
7 
801 802 803 804 1025 1026 1028 
5 
801 804 1025 1026 1027 
6 
343 713 1030 1031 1032 1794 
5 
713 714 1029 1031 1032 
7 
713 714 715 716 1029 1030 1032 
6 
713 716 1029 1030 1031 1795 
6 
745 748 908 1034 1035 1036 
10 
556 745 746 747 748 907 908 1033 1035 1036 
5 
747 748 1033 1034 1036 
4 
748 1033 1034 1035 
3 
1038 1039 1040 
3 
1037 1039 1040 
5 
310 406 1037 1038 1040 
8 
309 310 405 406 1037 1038 1039 1850 
5 
1042 1043 1044 1830 1831 
3 
1041 1043 1044 
3 
1041 1042 1044 
4 
1041 1042 1043 1831 
4 
706 1046 1047 1048 
3 
1045 1047 1048 
3 
1045 1046 1048 
5 
706 707 1045 1046 1047 
5 
1050 1051 1052 1218 1219 
3 
1049 1051 1052 
3 
1049 1050 1052 
4 
1049 1050 1051 1219 
4 
1054 1055 1056 1950 
3 
1053 1055 1056 
4 
345 1053 1054 1056 
5 
1053 1054 1055 1950 1951 
6 
535 1058 1059 1060 1947 1948 
6 
413 416 1057 1059 1060 1947 
6 
416 1022 1057 1058 1060 1937 
5 
1021 1022 1057 1058 1059 
6 
1062 1063 1064 1604 1749 1752 
9 
1061 1063 1064 1603 1604 1749 1750 1751 1752 
5 
1061 1062 1064 1751 1752 
4 
1061 1062 1063 1752 
5 
1066 1067 1068 1821 1824 
7 
1065 1067 1068 1821 1822 1823 1824 
5 
1065 1066 1068 1823 1824 
4 
1065 1066 1067 1824 
4 
863 1070 1071 1072 
4 
1000 1069 1071 1072 
3 
1069 1070 1072 
3 
1069 1070 1071 
4 
1074 1075 1076 1739 
6 
1073 1075 1076 1481 1484 1549 
6 
1073 1074 1076 1484 1549 1552 
3 
1073 1074 1075 
14 
184 238 239 273 274 564 586 970 1078 1079 1080 1256 1753 1756 
14 
183 184 274 563 564 1077 1079 1080 1255 1256 1753 1754 1755 1756 
7 
274 275 1077 1078 1080 1755 1756 
13 
239 273 274 275 276 586 587 970 971 1077 1078 1079 1756 
5 
697 698 1082 1083 1084 
9 
698 817 820 921 1081 1083 1084 1861 1864 
7 
699 820 924 1081 1082 1084 1864 
5 
699 700 1081 1082 1083 
3 
1086 1087 1088 
3 
1085 1087 1088 
3 
1085 1086 1088 
3 
1085 1086 1087 
7 
1090 1091 1092 1669 1670 1671 1672 
5 
1089 1091 1092 1670 1671 
5 
1089 1090 1092 1671 1833 
5 
1089 1090 1091 1671 1672 
5 
1094 1095 1096 1251 1252 
4 
1093 1095 1096 1251 
4 
1093 1094 1096 1830 
5 
1093 1094 1095 1829 1830 
9 
1005 1006 1007 1008 1098 1099 1100 1445 1446 
6 
1006 1007 1097 1099 1100 1446 
6 
1007 1097 1098 1100 1446 1447 
9 
1007 1008 1097 1098 1099 1445 1446 1447 1448 
4 
296 1102 1103 1104 
5 
295 296 1101 1103 1104 
4 
674 1101 1102 1104 
5 
673 674 1101 1102 1103 
4 
692 1106 1107 1108 
7 
691 692 1105 1107 1108 1509 1512 
4 
1105 1106 1108 1512 
3 
1105 1106 1107 
6 
508 1110 1111 1112 1144 1777 
9 
507 508 1109 1111 1112 1143 1144 1777 1778 
11 
57 58 837 838 1109 1110 1112 1777 1778 1779 1780 
7 
57 837 1109 1110 1111 1777 1780 
7 
193 194 195 196 1114 1115 1116 
5 
194 195 1113 1115 1116 
6 
195 1113 1114 1116 1737 1738 
6 
195 196 1113 1114 1115 1737 
9 
857 858 859 860 940 1118 1119 1120 1529 
9 
858 859 939 940 1117 1119 1120 1529 1530 
8 
859 1117 1118 1120 1529 1530 1531 1532 
7 
859 860 1117 1118 1119 1529 1532 
3 
1122 1123 1124 
3 
1121 1123 1124 
3 
1121 1122 1124 
3 
1121 1122 1123 
3 
1126 1127 1128 
4 
709 1125 1127 1128 
5 
709 712 1125 1126 1128 
3 
1125 1126 1127 
5 
447 524 1130 1131 1132 
5 
523 524 1129 1131 1132 
4 
1129 1130 1132 1958 
5 
1129 1130 1131 1957 1958 
8 
142 805 806 807 808 1134 1135 1136 
5 
806 807 1133 1135 1136 
4 
807 1133 1134 1136 
9 
142 143 498 807 808 1133 1134 1135 1546 
4 
557 1138 1139 1140 
5 
557 558 1137 1139 1140 
7 
557 558 559 560 1137 1138 1140 
5 
557 560 1137 1138 1139 
6 
505 1142 1143 1144 1293 1296 
9 
505 506 1141 1143 1144 1293 1294 1295 1296 
10 
505 506 507 508 1110 1141 1142 1144 1295 1296 
8 
505 508 1109 1110 1141 1142 1143 1296 
3 
1146 1147 1148 
4 
384 1145 1147 1148 
3 
1145 1146 1148 
3 
1145 1146 1147 
3 
1150 1151 1152 
3 
1149 1151 1152 
4 
282 1149 1150 1152 
5 
281 282 1149 1150 1151 
4 
959 1154 1155 1156 
3 
1153 1155 1156 
3 
1153 1154 1156 
4 
474 1153 1154 1155 
5 
707 708 1158 1159 1160 
4 
707 1157 1159 1160 
3 
1157 1158 1160 
3 
1157 1158 1159 
7 
5 6 7 8 1162 1163 1164 
5 
6 7 1161 1163 1164 
5 
7 22 1161 1162 1164 
7 
7 8 21 22 1161 1162 1163 
3 
1166 1167 1168 
3 
1165 1167 1168 
3 
1165 1166 1168 
3 
1165 1166 1167 
4 
1170 1171 1172 1336 
5 
1169 1171 1172 1335 1336 
3 
1169 1170 1172 
3 
1169 1170 1171 
7 
973 976 1174 1175 1176 1731 1732 
8 
973 974 975 976 1173 1175 1176 1731 
6 
409 975 976 1173 1174 1176 
4 
976 1173 1174 1175 
3 
1178 1179 1180 
3 
1177 1179 1180 
4 
265 1177 1178 1180 
3 
1177 1178 1179 
3 
1182 1183 1184 
3 
1181 1183 1184 
6 
109 110 1181 1182 1184 1237 
4 
109 1181 1182 1183 
4 
1186 1187 1188 1685 
6 
1185 1187 1188 1533 1685 1686 
9 
1185 1186 1188 1533 1536 1685 1686 1687 1688 
6 
842 1185 1186 1187 1685 1688 
3 
1190 1191 1192 
3 
1189 1191 1192 
3 
1189 1190 1192 
3 
1189 1190 1191 
3 
1194 1195 1196 
6 
541 544 1193 1195 1196 1409 
8 
544 1193 1194 1196 1409 1412 1577 1578 
4 
1193 1194 1195 1577 
6 
279 280 629 1198 1199 1200 
6 
279 629 630 1197 1199 1200 
9 
81 82 629 630 631 632 1197 1198 1200 
6 
81 629 632 1197 1198 1199 
3 
1202 1203 1204 
4 
501 1201 1203 1204 
5 
501 504 1201 1202 1204 
3 
1201 1202 1203 
7 
165 166 167 168 1206 1207 1208 
5 
166 167 1205 1207 1208 
4 
167 1205 1206 1208 
5 
167 168 1205 1206 1207 
3 
1210 1211 1212 
3 
1209 1211 1212 
3 
1209 1210 1212 
3 
1209 1210 1211 
14 
138 681 682 683 684 1214 1215 1216 1499 1500 1845 1846 1847 1848 
8 
682 683 1213 1215 1216 1499 1846 1847 
5 
683 1213 1214 1216 1847 
10 
138 139 683 684 1213 1214 1215 1462 1847 1848 
3 
1218 1219 1220 
4 
1049 1217 1219 1220 
5 
1049 1052 1217 1218 1220 
3 
1217 1218 1219 
7 
259 260 1222 1223 1224 1373 1376 
8 
259 1221 1223 1224 1373 1374 1375 1376 
5 
1221 1222 1224 1375 1376 
5 
186 1221 1222 1223 1376 
5 
1226 1227 1228 1465 1466 
4 
1225 1227 1228 1466 
4 
1225 1226 1228 1467 
6 
1225 1226 1227 1467 1468 1786 
5 
1230 1231 1232 1681 1684 
8 
776 1229 1231 1232 1681 1682 1683 1684 
5 
1229 1230 1232 1683 1684 
4 
1229 1230 1231 1684 
3 
1234 1235 1236 
4 
1233 1235 1236 1277 
6 
382 1233 1234 1236 1277 1280 
5 
381 382 1233 1234 1235 
6 
109 110 1183 1238 1239 1240 
4 
110 1237 1239 1240 
5 
111 1237 1238 1240 1593 
5 
111 112 1237 1238 1239 
3 
1242 1243 1244 
6 
133 136 876 1241 1243 1244 
4 
136 1241 1242 1244 
3 
1241 1242 1243 
4 
211 1246 1247 1248 
4 
393 1245 1247 1248 
4 
396 1245 1246 1248 
3 
1245 1246 1247 
4 
1250 1251 1252 1742 
3 
1249 1251 1252 
5 
1093 1094 1249 1250 1252 
5 
1093 1249 1250 1251 1743 
10 
181 184 238 561 562 1254 1255 1256 1753 1754 
9 
181 182 183 184 562 1253 1255 1256 1754 
10 
183 184 274 563 1078 1253 1254 1256 1754 1755 
18 
184 238 239 273 274 563 564 586 970 1077 1078 1253 1254 1255 1753 1754 1755 1756 
4 
1258 1259 1260 1936 
8 
13 16 176 1257 1259 1260 1935 1936 
4 
16 1257 1258 1260 
3 
1257 1258 1259 
6 
768 845 848 1262 1263 1264 
11 
113 116 767 768 845 846 847 848 1261 1263 1264 
7 
116 510 847 848 1261 1262 1264 
6 
509 510 848 1261 1262 1263 
6 
9 437 593 1266 1267 1268 
9 
9 10 437 438 593 594 1265 1267 1268 
16 
9 10 11 12 437 438 439 440 593 594 595 596 1265 1266 1268 1413 
9 
9 12 437 440 593 596 1265 1266 1267 
8 
21 22 23 24 793 1270 1271 1272 
7 
22 23 793 794 1269 1271 1272 
10 
23 793 794 795 796 1269 1270 1272 1441 1442 
8 
23 24 793 796 1269 1270 1271 1441 
3 
1274 1275 1276 
5 
1273 1275 1276 1745 1748 
4 
1273 1274 1276 1748 
3 
1273 1274 1275 
5 
1234 1235 1278 1279 1280 
5 
925 928 1277 1279 1280 
4 
928 1277 1278 1280 
5 
382 1235 1277 1278 1279 
4 
496 1282 1283 1284 
5 
495 496 1281 1283 1284 
3 
1281 1282 1284 
3 
1281 1282 1283 
4 
538 1286 1287 1288 
3 
1285 1287 1288 
3 
1285 1286 1288 
4 
539 1285 1286 1287 
5 
1290 1291 1292 1835 1836 
4 
1289 1291 1292 1835 
4 
1289 1290 1292 1926 
6 
1289 1290 1291 1826 1925 1926 
5 
1141 1142 1294 1295 1296 
4 
1142 1293 1295 1296 
6 
506 1142 1143 1293 1294 1296 
9 
505 506 1141 1142 1143 1144 1293 1294 1295 
3 
1298 1299 1300 
3 
1297 1299 1300 
3 
1297 1298 1300 
3 
1297 1298 1299 
4 
1302 1303 1304 1784 
5 
1301 1303 1304 1783 1784 
3 
1301 1302 1304 
4 
346 1301 1302 1303 
4 
877 1306 1307 1308 
5 
877 878 1305 1307 1308 
7 
877 878 879 880 1305 1306 1308 
5 
877 880 1305 1306 1307 
4 
686 1310 1311 1312 
3 
1309 1311 1312 
3 
1309 1310 1312 
5 
686 687 1309 1310 1311 
5 
1314 1315 1316 1958 1959 
4 
1313 1315 1316 1880 
3 
1313 1314 1316 
4 
1313 1314 1315 1959 
4 
371 1318 1319 1320 
4 
1317 1319 1320 1380 
3 
1317 1318 1320 
3 
1317 1318 1319 
4 
1322 1323 1324 1782 
3 
1321 1323 1324 
3 
1321 1322 1324 
5 
1321 1322 1323 1782 1783 
10 
404 1326 1327 1328 1457 1458 1459 1460 1894 1895 
7 
403 404 1325 1327 1328 1458 1459 
4 
1325 1326 1328 1459 
6 
1325 1326 1327 1459 1460 1895 
10 
817 818 819 820 922 1330 1331 1332 1862 1863 
6 
818 819 1329 1331 1332 1632 
4 
819 1329 1330 1332 
8 
819 820 922 923 1329 1330 1331 1863 
3 
1334 1335 1336 
3 
1333 1335 1336 
4 
1170 1333 1334 1336 
5 
1169 1170 1333 1334 1335 
3 
1338 1339 1340 
3 
1337 1339 1340 
3 
1337 1338 1340 
4 
1337 1338 1339 1550 
3 
1342 1343 1344 
3 
1341 1343 1344 
3 
1341 1342 1344 
3 
1341 1342 1343 
3 
1346 1347 1348 
3 
1345 1347 1348 
4 
785 1345 1346 1348 
3 
1345 1346 1347 
5 
189 190 1350 1351 1352 
4 
190 1349 1351 1352 
5 
190 191 1349 1350 1352 
7 
189 190 191 192 1349 1350 1351 
4 
933 1354 1355 1356 
5 
933 934 1353 1355 1356 
7 
933 934 935 936 1353 1354 1356 
6 
933 936 1353 1354 1355 1822 
5 
130 131 1358 1359 1360 
3 
1357 1359 1360 
4 
945 1357 1358 1360 
4 
131 1357 1358 1359 
5 
149 150 1362 1363 1364 
4 
150 1361 1363 1364 
5 
150 151 1361 1362 1364 
7 
149 150 151 152 1361 1362 1363 
3 
1366 1367 1368 
5 
321 1365 1367 1368 1572 
5 
321 324 1365 1366 1368 
3 
1365 1366 1367 
4 
477 1370 1371 1372 
5 
477 478 1369 1371 1372 
7 
477 478 479 480 1369 1370 1372 
5 
477 480 1369 1370 1371 
7 
259 260 1221 1222 1374 1375 1376 
6 
259 1222 1373 1375 1376 1804 
5 
1222 1223 1373 1374 1376 
7 
1221 1222 1223 1224 1373 1374 1375 
3 
1378 1379 1380 
3 
1377 1379 1380 
3 
1377 1378 1380 
4 
1318 1377 1378 1379 
3 
1382 1383 1384 
3 
1381 1383 1384 
3 
1381 1382 1384 
3 
1381 1382 1383 
7 
1386 1387 1388 1710 1711 1721 1722 
4 
1385 1387 1388 1722 
5 
1385 1386 1388 1722 1723 
8 
1385 1386 1387 1711 1721 1722 1723 1724 
5 
74 75 1390 1391 1392 
4 
120 1389 1391 1392 
3 
1389 1390 1392 
4 
75 1389 1390 1391 
3 
1394 1395 1396 
3 
1393 1395 1396 
3 
1393 1394 1396 
3 
1393 1394 1395 
5 
1003 1004 1398 1399 1400 
4 
1003 1397 1399 1400 
6 
482 949 950 1397 1398 1400 
6 
481 482 949 1397 1398 1399 
3 
1402 1403 1404 
3 
1401 1403 1404 
3 
1401 1402 1404 
3 
1401 1402 1403 
9 
289 290 291 292 522 523 1406 1407 1408 
6 
290 291 1405 1407 1408 1612 
4 
291 1405 1406 1408 
6 
291 292 523 1405 1406 1407 
7 
541 544 1194 1195 1410 1411 1412 
7 
541 542 543 544 1409 1411 1412 
6 
543 544 1409 1410 1412 1578 
7 
544 1195 1409 1410 1411 1577 1578 
12 
10 11 437 438 439 440 594 595 1267 1414 1415 1416 
5 
438 439 1413 1415 1416 
4 
439 1413 1414 1416 
7 
11 439 440 595 1413 1414 1415 
5 
1418 1419 1420 1913 1914 
4 
1417 1419 1420 1914 
4 
1417 1418 1420 1915 
5 
1417 1418 1419 1915 1916 
5 
879 1422 1423 1424 1989 
5 
1421 1423 1424 1989 1990 
7 
1421 1422 1424 1989 1990 1991 1992 
5 
1421 1422 1423 1989 1992 
3 
1426 1427 1428 
3 
1425 1427 1428 
3 
1425 1426 1428 
3 
1425 1426 1427 
5 
1430 1431 1432 1674 1675 
5 
861 864 1429 1431 1432 
5 
469 864 1429 1430 1432 
4 
1429 1430 1431 1675 
3 
1434 1435 1436 
3 
1433 1435 1436 
3 
1433 1434 1436 
3 
1433 1434 1435 
3 
1438 1439 1440 
5 
1437 1439 1440 1645 1648 
5 
1437 1438 1440 1489 1648 
3 
1437 1438 1439 
7 
795 796 1271 1272 1442 1443 1444 
5 
795 1271 1441 1443 1444 
3 
1441 1442 1444 
3 
1441 1442 1443 
6 
1008 1097 1100 1446 1447 1448 
8 
1007 1097 1098 1099 1100 1445 1447 1448 
5 
1099 1100 1445 1446 1448 
5 
222 1100 1445 1446 1447 
10 
3 606 607 869 870 871 872 1450 1451 1452 
5 
870 871 1449 1451 1452 
4 
871 1449 1450 1452 
6 
607 871 872 1449 1450 1451 
3 
1454 1455 1456 
3 
1453 1455 1456 
3 
1453 1454 1456 
4 
1453 1454 1455 1806 
6 
1325 1458 1459 1460 1893 1894 
8 
401 404 1325 1326 1457 1459 1460 1894 
10 
404 1325 1326 1327 1328 1457 1458 1460 1894 1895 
9 
1325 1328 1457 1458 1459 1893 1894 1895 1896 
5 
137 140 1462 1463 1464 
8 
137 138 139 140 1216 1461 1463 1464 
7 
139 140 285 286 1461 1462 1464 
5 
140 285 1461 1462 1463 
4 
1225 1466 1467 1468 
5 
1225 1226 1465 1467 1468 
5 
1227 1228 1465 1466 1468 
5 
1228 1465 1466 1467 1786 
5 
43 896 1470 1471 1472 
5 
895 896 1469 1471 1472 
3 
1469 1470 1472 
3 
1469 1470 1471 
4 
754 1474 1475 1476 
3 
1473 1475 1476 
3 
1473 1474 1476 
6 
254 754 755 1473 1474 1475 
3 
1478 1479 1480 
3 
1477 1479 1480 
3 
1477 1478 1480 
3 
1477 1478 1479 
5 
1074 1482 1483 1484 1549 
5 
1481 1483 1484 1549 1550 
8 
441 1481 1482 1484 1549 1550 1551 1552 
7 
1074 1075 1481 1482 1483 1549 1552 
3 
1486 1487 1488 
7 
64 148 373 376 1485 1487 1488 
4 
376 1485 1486 1488 
3 
1485 1486 1487 
4 
1439 1490 1491 1492 
3 
1489 1491 1492 
3 
1489 1490 1492 
3 
1489 1490 1491 
3 
1494 1495 1496 
4 
389 1493 1495 1496 
5 
389 392 1493 1494 1496 
4 
494 1493 1494 1495 
5 
1498 1499 1500 1845 1846 
6 
637 640 1497 1499 1500 1846 
9 
640 682 1213 1214 1497 1498 1500 1846 1847 
10 
681 682 1213 1497 1498 1499 1845 1846 1847 1848 
5 
49 50 1502 1503 1504 
7 
50 821 941 944 1501 1503 1504 
8 
50 51 821 824 944 1501 1502 1504 
9 
49 50 51 52 114 358 1501 1502 1503 
7 
1506 1507 1508 1705 1706 1817 1818 
5 
1505 1507 1508 1706 1818 
7 
1505 1506 1508 1706 1707 1818 1819 
11 
1505 1506 1507 1705 1706 1707 1708 1817 1818 1819 1820 
6 
691 692 1106 1510 1511 1512 
5 
691 1509 1511 1512 1640 
3 
1509 1510 1512 
5 
1106 1107 1509 1510 1511 
4 
507 1514 1515 1516 
3 
1513 1515 1516 
5 
773 774 1513 1514 1516 
4 
773 1513 1514 1515 
4 
667 1518 1519 1520 
5 
261 264 1517 1519 1520 
4 
264 1517 1518 1520 
3 
1517 1518 1519 
3 
1522 1523 1524 
6 
565 581 584 1521 1523 1524 
6 
565 568 584 1521 1522 1524 
3 
1521 1522 1523 
7 
662 665 1526 1527 1528 1598 1599 
5 
665 666 1525 1527 1528 
7 
665 666 667 668 1525 1526 1528 
7 
663 665 668 1525 1526 1527 1599 
9 
859 860 1117 1118 1119 1120 1530 1531 1532 
6 
859 1118 1119 1529 1531 1532 
4 
1119 1529 1530 1532 
5 
1119 1120 1529 1530 1531 
7 
1186 1187 1534 1535 1536 1686 1687 
3 
1533 1535 1536 
4 
1009 1533 1534 1536 
5 
1187 1533 1534 1535 1687 
4 
1538 1539 1540 1844 
5 
1537 1539 1540 1843 1844 
4 
1537 1538 1540 1962 
5 
1537 1538 1539 1961 1962 
4 
580 1542 1543 1544 
7 
579 580 589 592 1541 1543 1544 
5 
178 592 1541 1542 1544 
6 
177 178 734 1541 1542 1543 
7 
143 144 497 500 1546 1547 1548 
9 
143 497 498 499 500 1136 1545 1547 1548 
5 
499 500 1545 1546 1548 
4 
500 1545 1546 1547 
10 
441 1074 1075 1481 1482 1483 1484 1550 1551 1552 
8 
441 442 1340 1482 1483 1549 1551 1552 
8 
441 442 443 444 1483 1549 1550 1552 
8 
441 444 1075 1483 1484 1549 1550 1551 
9 
1017 1018 1019 1020 1554 1555 1556 1591 1592 
6 
1018 1019 1553 1555 1556 1591 
4 
1019 1553 1554 1556 
5 
1019 1020 1553 1554 1555 
3 
1558 1559 1560 
5 
601 604 1557 1559 1560 
4 
604 1557 1558 1560 
3 
1557 1558 1559 
3 
1562 1563 1564 
3 
1561 1563 1564 
3 
1561 1562 1564 
3 
1561 1562 1563 
4 
448 1566 1567 1568 
5 
447 448 1565 1567 1568 
3 
1565 1566 1568 
3 
1565 1566 1567 
8 
957 1570 1571 1572 1909 1910 1911 1912 
8 
957 958 992 1569 1571 1572 1910 1911 
8 
957 958 959 960 1569 1570 1572 1911 
8 
957 960 1366 1569 1570 1571 1911 1912 
3 
1574 1575 1576 
3 
1573 1575 1576 
3 
1573 1574 1576 
3 
1573 1574 1575 
7 
544 1195 1196 1412 1578 1579 1580 
8 
543 544 1195 1411 1412 1577 1579 1580 
5 
973 974 1577 1578 1580 
5 
973 1577 1578 1579 1730 
3 
1582 1583 1584 
5 
201 204 1581 1583 1584 
4 
204 1581 1582 1584 
3 
1581 1582 1583 
3 
1586 1587 1588 
3 
1585 1587 1588 
3 
1585 1586 1588 
3 
1585 1586 1587 
5 
815 1590 1591 1592 1714 
3 
1589 1591 1592 
7 
1017 1018 1553 1554 1589 1590 1592 
6 
1017 1553 1589 1590 1591 1715 
5 
77 1239 1594 1595 1596 
5 
77 78 1593 1595 1596 
7 
77 78 79 80 1593 1594 1596 
5 
77 80 1593 1594 1595 
6 
647 661 662 1598 1599 1600 
5 
662 1525 1597 1599 1600 
8 
662 663 665 1525 1528 1597 1598 1600 
7 
661 662 663 664 1597 1598 1599 
4 
1602 1603 1604 1749 
4 
1601 1603 1604 1750 
6 
1062 1601 1602 1604 1750 1751 
7 
1061 1062 1601 1602 1603 1749 1752 
5 
545 546 1606 1607 1608 
4 
546 1605 1607 1608 
5 
546 547 1605 1606 1608 
7 
545 546 547 548 1605 1606 1607 
3 
1610 1611 1612 
3 
1609 1611 1612 
3 
1609 1610 1612 
5 
290 1406 1609 1610 1611 
3 
1614 1615 1616 
3 
1613 1615 1616 
3 
1613 1614 1616 
3 
1613 1614 1615 
4 
1618 1619 1620 1871 
5 
961 964 1617 1619 1620 
4 
964 1617 1618 1620 
3 
1617 1618 1619 
6 
208 1622 1623 1624 1917 1920 
9 
207 208 1621 1623 1624 1917 1918 1919 1920 
6 
705 1621 1622 1624 1919 1920 
4 
1621 1622 1623 1920 
6 
610 1626 1627 1628 1967 1968 
6 
897 900 1625 1627 1628 1967 
4 
900 1625 1626 1628 
4 
611 1625 1626 1627 
8 
355 356 780 818 1630 1631 1632 1792 
8 
355 779 780 1629 1631 1632 1791 1792 
3 
1629 1630 1632 
6 
818 819 1330 1629 1630 1631 
4 
402 1634 1635 1636 
4 
781 1633 1635 1636 
7 
757 758 781 784 1633 1634 1636 
6 
402 403 757 1633 1634 1635 
3 
1638 1639 1640 
3 
1637 1639 1640 
3 
1637 1638 1640 
4 
1510 1637 1638 1639 
6 
415 1642 1643 1644 1876 1986 
5 
1641 1643 1644 1875 1876 
3 
1641 1642 1644 
5 
1641 1642 1643 1986 1987 
6 
1438 1646 1647 1648 1899 1900 
5 
56 1645 1647 1648 1899 
3 
1645 1646 1648 
5 
1438 1439 1645 1646 1647 
5 
633 634 1650 1651 1652 
4 
634 1649 1651 1652 
5 
634 635 1649 1650 1652 
7 
633 634 635 636 1649 1650 1651 
5 
932 1654 1655 1656 1887 
6 
445 931 932 1653 1655 1656 
5 
445 448 1653 1654 1656 
3 
1653 1654 1655 
4 
920 1658 1659 1660 
5 
919 920 1657 1659 1660 
3 
1657 1658 1660 
3 
1657 1658 1659 
3 
1662 1663 1664 
4 
1661 1663 1664 1856 
3 
1661 1662 1664 
3 
1661 1662 1663 
5 
197 198 1666 1667 1668 
4 
198 1665 1667 1668 
6 
70 198 199 1665 1666 1668 
9 
69 70 197 198 199 200 1665 1666 1667 
6 
1089 1670 1671 1672 1903 1904 
6 
1089 1090 1669 1671 1672 1903 
7 
1089 1090 1091 1092 1669 1670 1672 
5 
1089 1092 1669 1670 1671 
3 
1674 1675 1676 
4 
1429 1673 1675 1676 
5 
1429 1432 1673 1674 1676 
3 
1673 1674 1675 
4 
656 1678 1679 1680 
5 
655 656 1677 1679 1680 
3 
1677 1678 1680 
3 
1677 1678 1679 
6 
59 1229 1230 1682 1683 1684 
6 
773 776 1230 1681 1683 1684 
6 
776 1230 1231 1681 1682 1684 
7 
1229 1230 1231 1232 1681 1682 1683 
8 
842 1185 1186 1187 1188 1686 1687 1688 
6 
1186 1187 1533 1685 1687 1688 
6 
1187 1533 1536 1685 1686 1688 
7 
842 843 1187 1188 1685 1686 1687 
4 
1690 1691 1692 1763 
4 
1689 1691 1692 1889 
4 
1689 1690 1692 1892 
3 
1689 1690 1691 
3 
1694 1695 1696 
3 
1693 1695 1696 
3 
1693 1694 1696 
3 
1693 1694 1695 
3 
1698 1699 1700 
3 
1697 1699 1700 
3 
1697 1698 1700 
3 
1697 1698 1699 
7 
261 262 263 264 1702 1703 1704 
5 
262 263 1701 1703 1704 
4 
263 1701 1702 1704 
5 
263 264 1701 1702 1703 
9 
1505 1508 1706 1707 1708 1817 1818 1819 1820 
9 
1505 1506 1507 1508 1705 1707 1708 1818 1819 
6 
1507 1508 1705 1706 1708 1819 
6 
1508 1705 1706 1707 1819 1820 
3 
1710 1711 1712 
5 
1385 1709 1711 1712 1721 
7 
1385 1388 1709 1710 1712 1721 1724 
3 
1709 1710 1711 
8 
679 815 816 966 967 1714 1715 1716 
5 
815 1589 1713 1715 1716 
5 
1017 1592 1713 1714 1716 
4 
967 1713 1714 1715 
4 
1718 1719 1720 1751 
3 
1717 1719 1720 
3 
1717 1718 1720 
3 
1717 1718 1719 
7 
1385 1388 1710 1711 1722 1723 1724 
7 
1385 1386 1387 1388 1721 1723 1724 
6 
6 1387 1388 1721 1722 1724 
7 
5 6 1388 1711 1721 1722 1723 
4 
1726 1727 1728 1837 
5 
1725 1727 1728 1837 1838 
7 
1725 1726 1728 1837 1838 1839 1840 
5 
1725 1726 1727 1837 1840 
5 
338 339 1730 1731 1732 
5 
973 1580 1729 1731 1732 
7 
973 976 1173 1174 1729 1730 1732 
5 
339 1173 1729 1730 1731 
3 
1734 1735 1736 
3 
1733 1735 1736 
3 
1733 1734 1736 
3 
1733 1734 1735 
6 
195 1115 1116 1738 1739 1740 
4 
1115 1737 1739 1740 
4 
1073 1737 1738 1740 
3 
1737 1738 1739 
4 
1742 1743 1744 1979 
4 
1249 1741 1743 1744 
4 
1252 1741 1742 1744 
3 
1741 1742 1743 
4 
1274 1746 1747 1748 
3 
1745 1747 1748 
3 
1745 1746 1748 
5 
1274 1275 1745 1746 1747 
7 
1061 1062 1601 1604 1750 1751 1752 
6 
1062 1602 1603 1749 1751 1752 
7 
1062 1063 1603 1717 1749 1750 1752 
8 
1061 1062 1063 1064 1604 1749 1750 1751 
15 
184 238 239 273 274 561 564 586 1077 1078 1253 1256 1754 1755 1756 
15 
183 184 274 561 562 563 564 1078 1253 1254 1255 1256 1753 1755 1756 
11 
274 275 563 564 1078 1079 1255 1256 1753 1754 1756 
17 
239 273 274 275 276 564 586 587 970 1077 1078 1079 1080 1256 1753 1754 1755 
3 
1758 1759 1760 
3 
1757 1759 1760 
3 
1757 1758 1760 
3 
1757 1758 1759 
5 
618 938 1762 1763 1764 
3 
1761 1763 1764 
4 
1689 1761 1762 1764 
7 
618 619 938 939 1761 1762 1763 
6 
93 96 602 1766 1767 1768 
7 
93 94 95 96 1765 1767 1768 
5 
95 96 1765 1766 1768 
6 
96 602 603 1765 1766 1767 
5 
1770 1771 1772 1813 1814 
4 
1769 1771 1772 1814 
7 
641 642 1769 1770 1772 1814 1815 
8 
641 1769 1770 1771 1813 1814 1815 1816 
3 
1774 1775 1776 
4 
720 1773 1775 1776 
4 
1013 1773 1774 1776 
3 
1773 1774 1775 
9 
508 837 1109 1110 1111 1112 1778 1779 1780 
9 
507 508 837 838 1110 1111 1777 1779 1780 
9 
58 837 838 839 840 1111 1777 1778 1780 
9 
57 58 837 840 1111 1112 1777 1778 1779 
3 
1782 1783 1784 
5 
1321 1324 1781 1783 1784 
5 
1302 1324 1781 1782 1784 
5 
1301 1302 1781 1782 1783 
3 
1786 1787 1788 
5 
1228 1468 1785 1787 1788 
3 
1785 1786 1788 
3 
1785 1786 1787 
9 
354 777 778 779 780 995 1790 1791 1792 
5 
778 779 1789 1791 1792 
5 
779 1630 1789 1790 1792 
9 
354 355 779 780 1629 1630 1789 1790 1791 
4 
344 1794 1795 1796 
6 
343 344 1029 1793 1795 1796 
4 
1032 1793 1794 1796 
3 
1793 1794 1795 
3 
1798 1799 1800 
3 
1797 1799 1800 
4 
422 1797 1798 1800 
5 
421 422 1797 1798 1799 
3 
1802 1803 1804 
3 
1801 1803 1804 
3 
1801 1802 1804 
4 
1374 1801 1802 1803 
3 
1806 1807 1808 
4 
1456 1805 1807 1808 
4 
702 1805 1806 1808 
6 
334 701 702 1805 1806 1807 
6 
89 770 771 1810 1811 1812 
5 
89 90 1809 1811 1812 
7 
89 90 91 92 1809 1810 1812 
6 
89 92 771 1809 1810 1811 
6 
641 1769 1772 1814 1815 1816 
9 
641 642 1769 1770 1771 1772 1813 1815 1816 
9 
641 642 643 644 1771 1772 1813 1814 1816 
6 
641 644 1772 1813 1814 1815 
6 
1505 1508 1705 1818 1819 1820 
9 
1505 1506 1507 1508 1705 1706 1817 1819 1820 
9 
1507 1508 1705 1706 1707 1708 1817 1818 1820 
6 
1508 1705 1708 1817 1818 1819 
6 
635 1065 1066 1822 1823 1824 
5 
1066 1356 1821 1823 1824 
5 
1066 1067 1821 1822 1824 
7 
1065 1066 1067 1068 1821 1822 1823 
3 
1826 1827 1828 
6 
1292 1825 1827 1828 1925 1928 
4 
1825 1826 1828 1928 
3 
1825 1826 1827 
6 
810 811 1096 1830 1831 1832 
6 
1041 1095 1096 1829 1831 1832 
5 
1041 1044 1829 1830 1832 
4 
811 1829 1830 1831 
4 
1091 1834 1835 1836 
3 
1833 1835 1836 
5 
1289 1290 1833 1834 1836 
4 
1289 1833 1834 1835 
7 
1725 1726 1727 1728 1838 1839 1840 
5 
1726 1727 1837 1839 1840 
4 
1727 1837 1838 1840 
5 
1727 1728 1837 1838 1839 
3 
1842 1843 1844 
3 
1841 1843 1844 
4 
1538 1841 1842 1844 
5 
1537 1538 1841 1842 1843 
8 
681 682 1213 1497 1500 1846 1847 1848 
11 
640 682 1213 1214 1497 1498 1499 1500 1845 1847 1848 
12 
138 682 683 1213 1214 1215 1216 1499 1500 1845 1846 1848 
12 
137 138 681 682 683 684 1213 1216 1500 1845 1846 1847 
7 
309 312 405 408 1850 1851 1852 
12 
309 310 311 312 405 406 407 408 1040 1849 1851 1852 
7 
311 312 407 408 1849 1850 1852 
6 
312 408 614 1849 1850 1851 
3 
1854 1855 1856 
3 
1853 1855 1856 
3 
1853 1854 1856 
4 
1662 1853 1854 1855 
4 
752 1858 1859 1860 
6 
677 751 752 1857 1859 1860 
5 
677 680 1857 1858 1860 
3 
1857 1858 1859 
8 
698 817 921 922 1082 1862 1863 1864 
8 
356 817 818 922 1329 1861 1863 1864 
11 
817 818 819 820 922 923 1329 1332 1861 1862 1864 
13 
698 699 817 820 921 922 923 924 1082 1083 1861 1862 1863 
3 
1866 1867 1868 
3 
1865 1867 1868 
3 
1865 1866 1868 
3 
1865 1866 1867 
5 
1870 1871 1872 1954 1955 
3 
1869 1871 1872 
4 
1617 1869 1870 1872 
4 
1869 1870 1871 1955 
3 
1874 1875 1876 
5 
37 1873 1875 1876 1881 
8 
37 40 1642 1873 1874 1876 1881 1884 
5 
1641 1642 1873 1874 1875 
3 
1878 1879 1880 
3 
1877 1879 1880 
3 
1877 1878 1880 
4 
1314 1877 1878 1879 
7 
37 40 1874 1875 1882 1883 1884 
9 
37 38 39 40 657 660 1881 1883 1884 
6 
39 40 660 1881 1882 1884 
5 
40 1875 1881 1882 1883 
3 
1886 1887 1888 
5 
929 932 1885 1887 1888 
5 
932 1653 1885 1886 1888 
3 
1885 1886 1887 
4 
1690 1890 1891 1892 
3 
1889 1891 1892 
3 
1889 1890 1892 
4 
1691 1889 1890 1891 
5 
1457 1460 1894 1895 1896 
8 
1325 1457 1458 1459 1460 1893 1895 1896 
7 
1325 1328 1459 1460 1893 1894 1896 
4 
1460 1893 1894 1895 
3 
1898 1899 1900 
4 
53 1897 1899 1900 
7 
53 56 1645 1646 1897 1898 1900 
4 
1645 1897 1898 1899 
3 
1902 1903 1904 
3 
1901 1903 1904 
5 
1669 1670 1901 1902 1904 
4 
1669 1901 1902 1903 
3 
1906 1907 1908 
3 
1905 1907 1908 
3 
1905 1906 1908 
3 
1905 1906 1907 
4 
1569 1910 1911 1912 
5 
1569 1570 1909 1911 1912 
8 
957 1569 1570 1571 1572 1909 1910 1912 
5 
1569 1572 1909 1910 1911 
5 
267 1417 1914 1915 1916 
5 
1417 1418 1913 1915 1916 
5 
1419 1420 1913 1914 1916 
4 
1420 1913 1914 1915 
9 
205 206 207 208 1621 1622 1918 1919 1920 
6 
206 207 1622 1917 1919 1920 
6 
207 1622 1623 1917 1918 1920 
9 
207 208 1621 1622 1623 1624 1917 1918 1919 
5 
687 688 1922 1923 1924 
4 
687 1921 1923 1924 
3 
1921 1922 1924 
3 
1921 1922 1923 
5 
1292 1826 1926 1927 1928 
5 
1291 1292 1925 1927 1928 
3 
1925 1926 1928 
5 
1826 1827 1925 1926 1927 
3 
1930 1931 1932 
3 
1929 1931 1932 
3 
1929 1930 1932 
3 
1929 1930 1931 
3 
1934 1935 1936 
4 
173 1933 1935 1936 
7 
13 173 176 1258 1933 1934 1936 
5 
1257 1258 1933 1934 1935 
7 
416 1022 1023 1059 1938 1939 1940 
6 
415 416 1937 1939 1940 1985 
5 
1937 1938 1940 1985 1988 
4 
1023 1937 1938 1939 
3 
1942 1943 1944 
3 
1941 1943 1944 
4 
997 1941 1942 1944 
3 
1941 1942 1943 
6 
534 947 1946 1947 1948 1974 
5 
1945 1947 1948 1993 1996 
6 
1057 1058 1945 1946 1948 1996 
8 
534 535 1057 1945 1946 1947 1974 1975 
3 
1950 1951 1952 
5 
1053 1056 1949 1951 1952 
4 
1056 1949 1950 1952 
3 
1949 1950 1951 
3 
1954 1955 1956 
4 
1869 1953 1955 1956 
5 
1869 1872 1953 1954 1956 
3 
1953 1954 1955 
4 
1132 1958 1959 1960 
6 
1131 1132 1313 1957 1959 1960 
5 
1313 1316 1957 1958 1960 
3 
1957 1958 1959 
6 
385 386 1540 1962 1963 1964 
7 
169 386 1539 1540 1961 1963 1964 
7 
169 172 386 387 1961 1962 1964 
7 
385 386 387 388 1961 1962 1963 
3 
1966 1967 1968 
4 
897 1965 1967 1968 
7 
897 900 1625 1626 1965 1966 1968 
5 
610 1625 1965 1966 1967 
3 
1970 1971 1972 
3 
1969 1971 1972 
3 
1969 1970 1972 
6 
98 214 378 1969 1970 1971 
7 
533 598 599 948 1974 1975 1976 
9 
533 534 947 948 1945 1948 1973 1975 1976 
9 
533 534 535 536 554 1948 1973 1974 1976 
8 
533 536 553 554 599 1973 1974 1975 
4 
170 1978 1979 1980 
3 
1977 1979 1980 
4 
1741 1977 1978 1980 
5 
170 171 1977 1978 1979 
5 
19 20 1982 1983 1984 
6 
19 369 372 1981 1983 1984 
4 
372 1981 1982 1984 
3 
1981 1982 1983 
7 
415 416 1938 1939 1986 1987 1988 
6 
415 1641 1644 1985 1987 1988 
4 
1644 1985 1986 1988 
5 
94 1939 1985 1986 1987 
7 
1421 1422 1423 1424 1990 1991 1992 
5 
1422 1423 1989 1991 1992 
4 
1423 1989 1990 1992 
5 
1423 1424 1989 1990 1991 
4 
1946 1994 1995 1996 
5 
572 968 1993 1995 1996 
3 
1993 1994 1996 
5 
1946 1947 1993 1994 1995 
3 
1998 1999 2000 
3 
1997 1999 2000 
3 
1997 1998 2000 
3 
1997 1998 1999 