
500 
4 
4 
2 3 4 829 
5 
1 3 4 829 830 
5 
1 2 4 831 832 
4 
1 2 3 832 
3 
6 7 8 
4 
5 7 8 1504 
5 
5 6 8 701 702 
4 
5 6 7 701 
4 
10 11 12 349 
5 
9 11 12 349 350 
7 
9 10 12 349 350 351 352 
5 
9 10 11 349 352 
3 
14 15 16 
3 
13 15 16 
5 
13 14 16 1477 1478 
4 
13 14 15 1477 
3 
18 19 20 
5 
17 19 20 1997 2000 
4 
17 18 20 2000 
3 
17 18 19 
4 
22 23 24 1065 
7 
21 23 24 1065 1066 1385 1388 
11 
21 22 24 86 745 746 1065 1066 1067 1068 1388 
9 
21 22 23 85 86 602 745 1065 1068 
5 
26 27 28 605 606 
5 
25 27 28 606 1377 
7 
25 26 28 606 607 1377 1380 
7 
25 26 27 605 606 607 608 
3 
30 31 32 
4 
29 31 32 956 
8 
29 30 32 533 534 637 638 1526 
7 
29 30 31 533 637 1525 1526 
6 
34 35 36 447 874 1046 
4 
33 35 36 1397 
6 
33 34 36 1101 1397 1400 
7 
33 34 35 874 875 1046 1047 
5 
38 39 40 537 540 
8 
37 39 40 537 538 539 540 1633 
8 
37 38 40 539 540 1633 1636 1837 
4 
37 38 39 540 
3 
42 43 44 
5 
41 43 44 425 428 
5 
41 42 44 170 428 
5 
41 42 43 169 170 
4 
46 47 48 476 
5 
45 47 48 475 476 
3 
45 46 48 
3 
45 46 47 
3 
50 51 52 
3 
49 51 52 
3 
49 50 52 
3 
49 50 51 
3 
54 55 56 
3 
53 55 56 
3 
53 54 56 
4 
53 54 55 358 
6 
58 59 60 857 858 1722 
4 
57 59 60 858 
5 
57 58 60 858 859 
9 
57 58 59 857 858 859 860 1722 1723 
3 
62 63 64 
3 
61 63 64 
4 
61 62 64 1002 
5 
61 62 63 1001 1002 
4 
66 67 68 348 
5 
65 67 68 347 348 
3 
65 66 68 
4 
65 66 67 842 
3 
70 71 72 
4 
69 71 72 1249 
7 
69 70 72 1229 1230 1249 1252 
4 
69 70 71 1229 
3 
74 75 76 
4 
73 75 76 377 
6 
73 74 76 377 380 934 
5 
73 74 75 933 934 
4 
78 79 80 784 
5 
77 79 80 783 784 
3 
77 78 80 
3 
77 78 79 
4 
82 83 84 504 
5 
81 83 84 503 504 
3 
81 82 84 
3 
81 82 83 
8 
24 86 87 88 602 745 1065 1068 
12 
23 24 85 87 88 745 746 1065 1066 1067 1068 1388 
11 
85 86 88 745 746 747 748 1067 1068 1277 1278 
9 
85 86 87 602 603 745 748 1068 1277 
8 
90 91 92 1540 1577 1578 1579 1580 
8 
89 91 92 760 1539 1540 1578 1579 
4 
89 90 92 1579 
5 
89 90 91 1579 1580 
7 
94 95 96 1235 1236 1352 1378 
7 
93 95 96 389 1235 1351 1352 
6 
93 94 96 389 392 1246 
7 
93 94 95 1245 1246 1378 1379 
10 
98 99 100 552 567 568 1285 1286 1287 1288 
8 
97 99 100 551 552 567 1286 1287 
4 
97 98 100 1287 
6 
97 98 99 1158 1287 1288 
3 
102 103 104 
3 
101 103 104 
3 
101 102 104 
3 
101 102 103 
4 
106 107 108 724 
5 
105 107 108 723 724 
3 
105 106 108 
3 
105 106 107 
3 
110 111 112 
3 
109 111 112 
5 
109 110 112 1125 1126 
4 
109 110 111 1125 
5 
114 115 116 993 994 
4 
113 115 116 994 
7 
113 114 116 181 182 994 995 
8 
113 114 115 181 993 994 995 996 
6 
118 119 120 1080 1454 1455 
5 
117 119 120 1079 1080 
3 
117 118 120 
4 
117 118 119 1455 
3 
122 123 124 
4 
121 123 124 376 
3 
121 122 124 
3 
121 122 123 
3 
126 127 128 
4 
125 127 128 1096 
3 
125 126 128 
3 
125 126 127 
5 
130 131 132 1609 1610 
5 
129 131 132 820 1610 
5 
129 130 132 1610 1611 
7 
129 130 131 1609 1610 1611 1612 
3 
134 135 136 
3 
133 135 136 
3 
133 134 136 
3 
133 134 135 
4 
138 139 140 1062 
4 
137 139 140 221 
5 
137 138 140 221 224 
5 
137 138 139 1062 1063 
9 
142 143 144 949 950 1558 1559 1717 1718 
5 
141 143 144 950 1718 
6 
141 142 144 951 1718 1719 
10 
141 142 143 951 952 1559 1717 1718 1719 1720 
4 
146 147 148 631 
5 
145 147 148 1016 1653 
5 
145 146 148 1653 1656 
3 
145 146 147 
3 
150 151 152 
3 
149 151 152 
3 
149 150 152 
3 
149 150 151 
6 
154 155 156 372 1945 1946 
6 
153 155 156 371 372 1946 
5 
153 154 156 1946 1947 
7 
153 154 155 1945 1946 1947 1948 
5 
158 159 160 215 216 
5 
157 159 160 215 220 
3 
157 158 160 
4 
157 158 159 1862 
10 
162 163 164 974 975 1111 1498 1642 1643 1767 
4 
161 163 164 1284 
4 
161 162 164 554 
10 
161 162 163 553 554 838 975 1498 1499 1643 
6 
166 167 168 1373 1376 1793 
9 
165 167 168 1373 1374 1375 1376 1793 1794 
11 
165 166 168 237 1375 1376 1449 1795 1796 1913 1914 
6 
165 166 167 1376 1796 1913 
7 
44 170 171 172 1154 1155 1429 
7 
43 44 169 171 172 1429 1430 
7 
169 170 172 1429 1430 1431 1432 
6 
169 170 171 1155 1429 1432 
4 
174 175 176 676 
5 
173 175 176 675 676 
3 
173 174 176 
3 
173 174 175 
9 
178 179 180 597 598 599 600 1493 1494 
6 
177 179 180 598 599 1494 
8 
177 178 180 599 1494 1495 1677 1678 
10 
177 178 179 599 600 1493 1494 1495 1496 1677 
9 
115 116 182 183 184 993 994 995 996 
6 
115 181 183 184 994 995 
7 
181 182 184 995 1321 1533 1534 
6 
181 182 183 995 996 1533 
5 
186 187 188 453 1843 
5 
185 187 188 453 454 
7 
185 186 188 453 454 455 456 
5 
185 186 187 453 456 
4 
190 191 192 742 
3 
189 191 192 
3 
189 190 192 
5 
189 190 191 742 743 
7 
194 195 196 1547 1548 1761 1762 
7 
193 195 196 1176 1547 1762 1784 
5 
193 194 196 1762 1763 
7 
193 194 195 1761 1762 1763 1764 
4 
198 199 200 313 
5 
197 199 200 313 314 
7 
197 198 200 313 314 315 316 
5 
197 198 199 313 316 
5 
202 203 204 390 391 
3 
201 203 204 
5 
201 202 204 337 1614 
6 
201 202 203 391 1613 1614 
3 
206 207 208 
3 
205 207 208 
3 
205 206 208 
4 
205 206 207 626 
3 
210 211 212 
3 
209 211 212 
3 
209 210 212 
3 
209 210 211 
3 
214 215 216 
3 
213 215 216 
5 
157 158 213 214 216 
4 
157 213 214 215 
3 
218 219 220 
3 
217 219 220 
4 
217 218 220 1353 
4 
158 217 218 219 
5 
138 139 222 223 224 
3 
221 223 224 
3 
221 222 224 
4 
139 221 222 223 
8 
226 227 228 278 658 659 1226 1227 
3 
225 227 228 
4 
225 226 228 721 
7 
225 226 227 278 279 659 1227 
6 
230 231 232 969 970 1461 
6 
229 231 232 970 1461 1462 
9 
229 230 232 970 971 1461 1462 1463 1464 
9 
229 230 231 969 970 971 972 1461 1464 
9 
234 235 236 469 470 471 472 907 908 
6 
233 235 236 470 471 907 
6 
233 234 236 471 1709 1710 
6 
233 234 235 471 472 1709 
11 
167 238 239 240 1375 1376 1449 1450 1795 1796 1914 
6 
237 239 240 1375 1450 1795 
6 
237 238 240 1049 1450 1451 
8 
237 238 239 1449 1450 1451 1452 1915 
3 
242 243 244 
3 
241 243 244 
4 
241 242 244 861 
3 
241 242 243 
6 
246 247 248 819 820 904 
8 
245 247 248 819 903 904 1789 1792 
4 
245 246 248 1792 
3 
245 246 247 
3 
250 251 252 
3 
249 251 252 
3 
249 250 252 
3 
249 250 251 
6 
254 255 256 285 288 942 
7 
253 255 256 285 286 287 288 
5 
253 254 256 287 288 
6 
253 254 255 288 942 943 
10 
258 259 260 477 478 479 480 1453 1697 1698 
8 
257 259 260 478 479 1453 1454 1698 
10 
257 258 260 479 1453 1454 1455 1456 1698 1699 
11 
257 258 259 479 480 1453 1456 1697 1698 1699 1700 
3 
262 263 264 
3 
261 263 264 
3 
261 262 264 
3 
261 262 263 
3 
266 267 268 
3 
265 267 268 
8 
265 266 268 505 1361 1369 1513 1514 
4 
265 266 267 1513 
7 
270 271 272 793 796 1594 1595 
7 
269 271 272 793 794 795 796 
5 
269 270 272 795 796 
5 
269 270 271 796 1595 
6 
274 275 276 309 310 1197 
6 
273 275 276 310 1197 1198 
9 
273 274 276 310 311 1197 1198 1199 1200 
9 
273 274 275 309 310 311 312 1197 1200 
8 
278 279 280 660 1117 1118 1225 1228 
12 
225 228 277 279 280 659 660 1118 1225 1226 1227 1228 
8 
228 277 278 280 1118 1119 1227 1228 
8 
277 278 279 1117 1118 1119 1120 1228 
8 
282 283 284 483 484 1263 1603 1799 
4 
281 283 284 483 
3 
281 282 284 
3 
281 282 283 
5 
253 254 286 287 288 
4 
254 285 287 288 
5 
254 255 285 286 288 
8 
253 254 255 256 285 286 287 942 
5 
290 291 292 493 494 
6 
289 291 292 401 404 494 
7 
289 290 292 404 495 1329 1330 
6 
289 290 291 495 496 1329 
5 
294 295 296 681 682 
4 
293 295 296 682 
5 
293 294 296 682 683 
7 
293 294 295 681 682 683 684 
6 
298 299 300 587 737 738 
4 
297 299 300 738 
5 
297 298 300 738 739 
7 
297 298 299 737 738 739 740 
5 
302 303 304 1506 1507 
3 
301 303 304 
5 
301 302 304 517 518 
6 
301 302 303 517 946 1507 
7 
306 307 308 1777 1778 1779 1780 
6 
305 307 308 1778 1779 1992 
4 
305 306 308 1779 
5 
305 306 307 1779 1780 
5 
273 276 310 311 312 
9 
273 274 275 276 309 311 312 1197 1200 
6 
275 276 309 310 312 1200 
4 
276 309 310 311 
7 
197 198 199 200 314 315 316 
5 
198 199 313 315 316 
4 
199 313 314 316 
5 
199 200 313 314 315 
7 
318 319 320 1183 1184 1350 1351 
4 
317 319 320 1183 
3 
317 318 320 
4 
317 318 319 1351 
3 
322 323 324 
5 
321 323 324 1445 1448 
4 
321 322 324 1448 
3 
321 322 323 
5 
326 327 328 1391 1392 
4 
325 327 328 1391 
4 
325 326 328 361 
3 
325 326 327 
7 
330 331 332 462 1303 1304 1436 
6 
329 331 332 1303 1435 1436 
4 
329 330 332 1009 
4 
329 330 331 463 
3 
334 335 336 
4 
333 335 336 1965 
5 
333 334 336 1965 1968 
3 
333 334 335 
7 
203 338 339 340 889 1614 1615 
6 
337 339 340 889 890 1916 
7 
337 338 340 889 890 891 892 
6 
337 338 339 889 892 1615 
3 
342 343 344 
3 
341 343 344 
3 
341 342 344 
3 
341 342 343 
3 
346 347 348 
3 
345 347 348 
4 
66 345 346 348 
5 
65 66 345 346 347 
7 
9 10 11 12 350 351 352 
5 
10 11 349 351 352 
4 
11 349 350 352 
5 
11 12 349 350 351 
6 
354 355 356 663 664 1310 
4 
353 355 356 663 
3 
353 354 356 
5 
353 354 355 1310 1311 
3 
358 359 360 
4 
56 357 359 360 
3 
357 358 360 
3 
357 358 359 
4 
327 362 363 364 
3 
361 363 364 
4 
361 362 364 953 
3 
361 362 363 
4 
366 367 368 1734 
3 
365 367 368 
3 
365 366 368 
5 
365 366 367 1734 1735 
4 
370 371 372 416 
5 
369 371 372 415 416 
4 
154 369 370 372 
6 
153 154 369 370 371 1946 
3 
374 375 376 
3 
373 375 376 
3 
373 374 376 
4 
122 373 374 375 
5 
74 75 378 379 380 
4 
377 379 380 681 
6 
377 378 380 681 684 1885 
4 
75 377 378 379 
5 
382 383 384 1970 1971 
3 
381 383 384 
3 
381 382 384 
4 
381 382 383 1971 
3 
386 387 388 
3 
385 387 388 
3 
385 386 388 
3 
385 386 387 
5 
94 95 390 391 392 
4 
201 389 391 392 
6 
201 204 389 390 392 1613 
5 
95 389 390 391 1246 
6 
394 395 396 1185 1186 1962 
4 
393 395 396 1186 
6 
393 394 396 1187 1561 1562 
8 
393 394 395 1187 1188 1561 1962 1963 
9 
398 399 400 529 530 531 532 1917 1920 
9 
397 399 400 530 531 1917 1918 1919 1920 
7 
397 398 400 531 1833 1919 1920 
6 
397 398 399 531 532 1920 
4 
290 402 403 404 
4 
401 403 404 1409 
5 
401 402 404 621 1412 
5 
290 291 401 402 403 
5 
406 407 408 1977 1980 
7 
405 407 408 1977 1978 1979 1980 
6 
405 406 408 1025 1979 1980 
4 
405 406 407 1980 
3 
410 411 412 
5 
409 411 412 1037 1040 
4 
409 410 412 1040 
3 
409 410 411 
3 
414 415 416 
3 
413 415 416 
4 
370 413 414 416 
5 
369 370 413 414 415 
3 
418 419 420 
6 
417 419 420 644 1357 1805 
7 
417 418 420 982 1357 1360 1808 
6 
417 418 419 438 981 982 
5 
422 423 424 1773 1776 
7 
421 423 424 1773 1774 1775 1776 
5 
421 422 424 1775 1776 
4 
421 422 423 1776 
4 
42 426 427 428 
3 
425 427 428 
3 
425 426 428 
5 
42 43 425 426 427 
10 
430 431 432 887 888 1641 1644 1768 1867 1868 
14 
429 431 432 887 973 976 1112 1641 1642 1643 1644 1767 1768 1867 
8 
429 430 432 976 1497 1498 1643 1644 
5 
429 430 431 1497 1644 
3 
434 435 436 
3 
433 435 436 
3 
433 434 436 
3 
433 434 435 
4 
438 439 440 1627 
5 
420 437 439 440 981 
5 
437 438 440 981 984 
3 
437 438 439 
5 
442 443 444 1478 1479 
3 
441 443 444 
3 
441 442 444 
4 
441 442 443 1479 
3 
446 447 448 
3 
445 447 448 
4 
33 445 446 448 
3 
445 446 447 
11 
450 451 452 785 786 787 788 1517 1518 1519 1520 
9 
449 451 452 786 787 1172 1518 1519 1621 
7 
449 450 452 787 1519 1621 1624 
7 
449 450 451 787 788 1519 1520 
7 
185 186 187 188 454 455 456 
5 
186 187 453 455 456 
4 
187 453 454 456 
5 
187 188 453 454 455 
5 
458 459 460 954 955 
3 
457 459 460 
3 
457 458 460 
4 
457 458 459 955 
4 
462 463 464 1304 
7 
329 461 463 464 1303 1304 1436 
4 
332 461 462 464 
3 
461 462 463 
3 
466 467 468 
4 
465 467 468 1969 
5 
465 466 468 1969 1972 
3 
465 466 467 
8 
233 470 471 472 907 908 1018 1019 
6 
233 234 469 471 472 907 
7 
233 234 235 236 469 470 472 
6 
233 236 469 470 471 1019 
4 
474 475 476 883 
4 
473 475 476 1325 
6 
46 473 474 476 1325 1328 
5 
45 46 473 474 475 
4 
257 478 479 480 
6 
257 258 477 479 480 1453 
11 
257 258 259 260 477 478 480 1453 1456 1697 1698 
6 
257 260 477 478 479 1697 
7 
482 483 484 1261 1262 1602 1798 
5 
481 483 484 824 1262 
7 
281 282 481 482 484 1262 1263 
13 
281 481 482 483 1261 1262 1263 1264 1574 1602 1603 1798 1799 
5 
486 487 488 1710 1711 
3 
485 487 488 
6 
485 486 488 741 877 878 
5 
485 486 487 877 1711 
4 
490 491 492 1100 
5 
489 491 492 1099 1100 
7 
489 490 492 578 881 1317 1318 
6 
489 490 491 577 578 1317 
4 
289 494 495 496 
5 
289 290 493 495 496 
6 
291 292 493 494 496 1329 
4 
292 493 494 495 
3 
498 499 500 
3 
497 499 500 
7 
497 498 500 657 658 1225 1226 
5 
497 498 499 657 1225 
3 
502 503 504 
3 
501 503 504 
4 
82 501 502 504 
5 
81 82 501 502 503 
14 
267 506 507 508 1361 1362 1363 1364 1369 1370 1371 1372 1514 1515 
7 
505 507 508 1362 1363 1370 1371 
5 
505 506 508 1363 1371 
8 
505 506 507 1363 1364 1371 1372 1515 
11 
510 511 512 825 826 827 828 1209 1210 1211 1212 
7 
509 511 512 826 827 1210 1211 
5 
509 510 512 827 1211 
7 
509 510 511 827 828 1211 1212 
3 
514 515 516 
3 
513 515 516 
3 
513 514 516 
3 
513 514 515 
7 
303 304 518 519 520 946 947 
4 
303 517 519 520 
3 
517 518 520 
4 
517 518 519 947 
3 
522 523 524 
4 
521 523 524 1153 
5 
521 522 524 1153 1156 
3 
521 522 523 
4 
526 527 528 1883 
4 
525 527 528 997 
5 
525 526 528 997 1000 
3 
525 526 527 
4 
397 530 531 532 
7 
397 398 529 531 532 1917 1920 
9 
397 398 399 400 529 530 532 1833 1920 
5 
397 400 529 530 531 
13 
31 32 534 535 536 637 638 639 640 1525 1526 1527 1528 
8 
31 533 535 536 638 639 1526 1527 
8 
533 534 536 639 1237 1238 1394 1527 
10 
533 534 535 639 640 1237 1393 1394 1527 1528 
6 
37 38 538 539 540 1633 
6 
38 537 539 540 1633 1634 
11 
38 39 537 538 540 1633 1634 1635 1636 1837 1838 
10 
37 38 39 40 537 538 539 1633 1636 1837 
3 
542 543 544 
4 
541 543 544 1472 
3 
541 542 544 
3 
541 542 543 
7 
546 547 548 749 750 761 764 
8 
545 547 548 750 761 762 763 764 
9 
545 546 548 750 751 763 764 833 834 
9 
545 546 547 749 750 751 752 764 833 
9 
550 551 552 556 565 566 838 839 1286 
6 
549 551 552 555 556 566 
6 
98 549 550 552 566 567 
12 
97 98 549 550 551 565 566 567 568 839 1286 1287 
9 
164 554 555 556 838 975 1498 1499 1643 
5 
163 164 553 555 556 
4 
550 553 554 556 
9 
549 550 553 554 555 566 838 839 1499 
3 
558 559 560 
4 
557 559 560 1745 
5 
557 558 560 1745 1748 
3 
557 558 559 
3 
562 563 564 
3 
561 563 564 
3 
561 562 564 
3 
561 562 563 
11 
549 552 566 567 568 837 838 839 840 1285 1286 
11 
549 550 551 552 556 565 567 568 838 839 1286 
10 
97 98 551 552 565 566 568 839 1286 1287 
11 
97 552 565 566 567 839 840 1285 1286 1287 1288 
9 
570 571 572 617 618 619 620 1878 1879 
5 
569 571 572 618 619 
4 
569 570 572 619 
6 
569 570 571 619 620 1879 
3 
574 575 576 
5 
573 575 576 1421 1424 
4 
573 574 576 1424 
5 
573 574 575 1402 1662 
5 
492 578 579 580 1317 
7 
491 492 577 579 580 1317 1318 
8 
577 578 580 870 1317 1318 1319 1320 
8 
577 578 579 770 869 870 1317 1320 
3 
582 583 584 
4 
581 583 584 1341 
7 
581 582 584 1341 1344 1737 1890 
5 
581 582 583 1889 1890 
4 
586 587 588 1848 
5 
585 587 588 1847 1848 
6 
297 585 586 588 737 738 
4 
585 586 587 737 
4 
590 591 592 1666 
3 
589 591 592 
3 
589 590 592 
6 
589 590 591 1414 1666 1667 
3 
594 595 596 
3 
593 595 596 
4 
593 594 596 1598 
4 
593 594 595 1597 
4 
177 598 599 600 
5 
177 178 597 599 600 
10 
177 178 179 180 597 598 600 1494 1677 1678 
8 
177 180 597 598 599 1493 1494 1677 
3 
602 603 604 
7 
24 85 88 601 603 604 1068 
5 
88 601 602 604 1277 
3 
601 602 603 
5 
25 28 606 607 608 
8 
25 26 27 28 605 607 608 1377 
7 
27 28 605 606 608 1377 1380 
4 
28 605 606 607 
6 
610 611 612 894 1073 1074 
4 
609 611 612 1074 
6 
609 610 612 717 718 1075 
9 
609 610 611 717 894 895 926 1075 1076 
4 
614 615 616 1036 
5 
613 615 616 1035 1036 
3 
613 614 616 
3 
613 614 615 
5 
569 618 619 620 1878 
5 
569 570 617 619 620 
7 
569 570 571 572 617 618 620 
7 
569 572 617 618 619 1878 1879 
6 
403 622 623 624 1330 1412 
5 
621 623 624 1411 1412 
3 
621 622 624 
5 
621 622 623 1330 1331 
4 
626 627 628 1551 
4 
208 625 627 628 
3 
625 626 628 
3 
625 626 627 
3 
630 631 632 
3 
629 631 632 
4 
145 629 630 632 
3 
629 630 631 
3 
634 635 636 
3 
633 635 636 
3 
633 634 636 
3 
633 634 635 
8 
31 32 533 638 639 640 1525 1526 
7 
31 533 534 637 639 640 1526 
9 
533 534 535 536 637 638 640 1526 1527 
9 
533 536 637 638 639 1525 1526 1527 1528 
5 
642 643 644 1533 1536 
9 
641 643 644 1321 1324 1533 1534 1535 1536 
9 
641 642 644 1324 1357 1358 1535 1536 1806 
8 
418 641 642 643 1357 1536 1805 1806 
6 
646 647 648 709 1039 1040 
6 
645 647 648 709 710 1039 
6 
645 646 648 711 712 1861 
4 
645 646 647 712 
5 
650 651 652 1147 1148 
4 
649 651 652 1147 
3 
649 650 652 
3 
649 650 651 
3 
654 655 656 
4 
653 655 656 1052 
4 
653 654 656 1006 
5 
653 654 655 1005 1006 
7 
499 500 658 659 660 1225 1226 
6 
225 499 657 659 660 1226 
9 
225 228 278 657 658 660 1118 1226 1227 
11 
277 278 657 658 659 1117 1118 1225 1226 1227 1228 
3 
662 663 664 
3 
661 663 664 
5 
353 354 661 662 664 
5 
353 661 662 663 1310 
4 
666 667 668 1754 
3 
665 667 668 
4 
665 666 668 1117 
6 
665 666 667 1426 1754 1755 
6 
670 671 672 964 1933 1936 
9 
669 671 672 963 964 1933 1934 1935 1936 
7 
669 670 672 1935 1936 1937 1938 
5 
669 670 671 1936 1937 
3 
674 675 676 
3 
673 675 676 
4 
174 673 674 676 
5 
173 174 673 674 675 
3 
678 679 680 
3 
677 679 680 
3 
677 678 680 
3 
677 678 679 
7 
293 296 378 379 682 683 684 
7 
293 294 295 296 681 683 684 
6 
295 296 681 682 684 1886 
7 
296 379 681 682 683 1885 1886 
6 
686 687 688 801 802 1466 
4 
685 687 688 802 
5 
685 686 688 802 803 
9 
685 686 687 801 802 803 804 1466 1467 
9 
690 691 692 1270 1271 1553 1556 1981 1984 
11 
689 691 692 1553 1554 1555 1556 1981 1982 1983 1984 
7 
689 690 692 1555 1556 1983 1984 
6 
689 690 691 1271 1556 1984 
10 
694 695 696 841 844 929 1681 1906 1907 1950 
11 
693 695 696 841 842 843 844 929 930 1681 1682 
15 
693 694 696 843 844 909 910 929 930 931 932 1681 1682 1683 1684 
11 
693 694 695 844 909 929 932 1681 1684 1907 1951 
3 
698 699 700 
5 
697 699 700 765 768 
4 
697 698 700 768 
3 
697 698 699 
5 
7 8 702 703 704 
4 
7 701 703 704 
3 
701 702 704 
4 
701 702 703 1558 
3 
706 707 708 
3 
705 707 708 
3 
705 706 708 
3 
705 706 707 
7 
645 646 710 711 712 1039 1040 
5 
646 709 711 712 1039 
5 
647 709 710 712 1861 
5 
647 648 709 710 711 
4 
714 715 716 1961 
5 
713 715 716 1961 1962 
5 
713 714 716 1963 1964 
4 
713 714 715 1964 
7 
611 612 718 719 720 1075 1854 
4 
611 717 719 720 
3 
717 718 720 
5 
717 718 719 1854 1855 
4 
227 722 723 724 
3 
721 723 724 
4 
106 721 722 724 
5 
105 106 721 722 723 
7 
726 727 728 1081 1082 1083 1084 
5 
725 727 728 1082 1083 
4 
725 726 728 1083 
5 
725 726 727 1083 1084 
6 
730 731 732 854 855 966 
4 
729 731 732 1129 
5 
729 730 732 1129 1132 
6 
729 730 731 855 966 967 
3 
734 735 736 
3 
733 735 736 
3 
733 734 736 
3 
733 734 735 
7 
297 300 587 588 738 739 740 
8 
297 298 299 300 587 737 739 740 
5 
299 300 737 738 740 
4 
300 737 738 739 
6 
487 742 743 744 878 879 
5 
189 192 741 743 744 
4 
192 741 742 744 
4 
741 742 743 879 
13 
23 24 85 86 87 88 746 747 748 1065 1066 1067 1068 
8 
23 86 87 745 747 748 1066 1067 
6 
87 745 746 748 1067 1278 
9 
87 88 745 746 747 1067 1068 1277 1278 
8 
545 548 750 751 752 761 764 833 
13 
545 546 547 548 749 751 752 761 762 763 764 833 834 
11 
547 548 749 750 752 763 764 833 834 835 836 
7 
548 749 750 751 764 833 836 
3 
754 755 756 
3 
753 755 756 
3 
753 754 756 
3 
753 754 755 
6 
758 759 760 1537 1538 1578 
4 
757 759 760 1538 
5 
757 758 760 1538 1539 
10 
90 757 758 759 1537 1538 1539 1540 1578 1579 
7 
545 546 749 750 762 763 764 
5 
546 750 761 763 764 
8 
546 547 750 751 761 762 764 834 
13 
545 546 547 548 749 750 751 752 761 762 763 833 834 
4 
698 766 767 768 
5 
765 767 768 780 940 
3 
765 766 768 
5 
698 699 765 766 767 
8 
770 771 772 869 1523 1725 1770 1771 
8 
580 769 771 772 869 870 1725 1726 
12 
769 770 772 869 870 871 872 1242 1725 1726 1727 1728 
12 
769 770 771 869 872 1058 1241 1242 1725 1728 1771 1850 
5 
774 775 776 1605 1606 
5 
773 775 776 1432 1606 
5 
773 774 776 1606 1607 
8 
773 774 775 1586 1605 1606 1607 1608 
7 
778 779 780 937 938 939 940 
6 
777 779 780 938 939 1441 
6 
777 778 780 939 1201 1444 
6 
766 777 778 779 939 940 
3 
782 783 784 
3 
781 783 784 
4 
78 781 782 784 
5 
77 78 781 782 783 
6 
449 786 787 788 1517 1518 
7 
449 450 785 787 788 1104 1518 
9 
449 450 451 452 785 786 788 1518 1519 
9 
449 452 785 786 787 1517 1518 1519 1520 
5 
790 791 792 1943 1944 
4 
789 791 792 1943 
3 
789 790 792 
3 
789 790 791 
5 
269 270 794 795 796 
4 
270 793 795 796 
5 
270 271 793 794 796 
7 
269 270 271 272 793 794 795 
4 
798 799 800 1701 
5 
797 799 800 1701 1702 
10 
797 798 800 1289 1473 1474 1701 1702 1703 1704 
6 
797 798 799 1473 1701 1704 
7 
685 688 802 803 804 1465 1466 
8 
685 686 687 688 801 803 804 1466 
6 
687 688 801 802 804 1467 
6 
688 801 802 803 1467 1468 
4 
806 807 808 959 
3 
805 807 808 
6 
805 806 808 1017 1018 1686 
6 
805 806 807 1017 1685 1686 
3 
810 811 812 
3 
809 811 812 
3 
809 810 812 
3 
809 810 811 
3 
814 815 816 
3 
813 815 816 
3 
813 814 816 
3 
813 814 815 
3 
818 819 820 
5 
817 819 820 901 1789 
9 
245 246 817 818 820 901 904 1789 1792 
5 
130 245 817 818 819 
5 
822 823 824 1326 1327 
4 
821 823 824 1580 
3 
821 822 824 
5 
482 821 822 823 1327 
6 
509 826 827 828 1209 1212 
9 
509 510 825 827 828 1209 1210 1211 1212 
9 
509 510 511 512 825 826 828 1211 1212 
6 
509 512 825 826 827 1212 
5 
1 2 830 831 832 
4 
2 829 831 832 
4 
3 829 830 832 
5 
3 4 829 830 831 
10 
547 548 749 750 751 752 764 834 835 836 
8 
547 750 751 763 764 833 835 836 
4 
751 833 834 836 
5 
751 752 833 834 835 
6 
565 838 839 840 1499 1500 
10 
164 549 553 556 565 566 837 839 840 1499 
11 
549 552 556 565 566 567 568 837 838 840 1286 
7 
565 568 837 838 839 1285 1286 
13 
693 694 842 843 844 929 1681 1682 1875 1876 1906 1907 1950 
9 
68 694 841 843 844 929 930 1682 1875 
13 
694 695 841 842 844 909 910 929 930 931 932 1682 1683 
17 
693 694 695 696 841 842 843 909 929 932 1681 1682 1683 1684 1907 1950 1951 
3 
846 847 848 
3 
845 847 848 
3 
845 846 848 
3 
845 846 847 
3 
850 851 852 
3 
849 851 852 
3 
849 850 852 
3 
849 850 851 
4 
854 855 856 965 
6 
729 853 855 856 965 966 
10 
729 732 853 854 856 965 966 967 968 1910 
7 
853 854 855 965 968 1909 1910 
6 
57 60 858 859 860 1722 
7 
57 58 59 60 857 859 860 
5 
59 60 857 858 860 
6 
60 857 858 859 1722 1723 
4 
243 862 863 864 
3 
861 863 864 
3 
861 862 864 
3 
861 862 863 
3 
866 867 868 
3 
865 867 868 
3 
865 866 868 
3 
865 866 867 
10 
580 769 770 771 772 870 871 872 1725 1726 
9 
579 580 770 771 869 871 872 1320 1726 
6 
771 869 870 872 1726 1727 
10 
771 772 869 870 871 1242 1725 1726 1727 1728 
5 
874 875 876 1045 1438 
7 
33 36 873 875 876 1045 1046 
8 
36 873 874 876 1045 1046 1047 1048 
7 
873 874 875 1045 1048 1438 1439 
6 
487 488 878 879 880 1711 
5 
487 741 877 879 880 
5 
741 744 877 878 880 
3 
877 878 879 
10 
491 882 883 884 1257 1260 1318 1319 1705 1708 
11 
881 883 884 1257 1258 1259 1260 1705 1706 1707 1708 
8 
473 881 882 884 1259 1260 1707 1708 
6 
881 882 883 1260 1319 1708 
5 
886 887 888 1865 1868 
10 
885 887 888 936 1109 1765 1865 1866 1867 1868 
13 
429 430 885 886 888 973 1109 1112 1641 1765 1768 1867 1868 
5 
429 885 886 887 1868 
7 
337 338 339 340 890 891 892 
6 
338 339 889 891 892 1916 
4 
339 889 890 892 
5 
339 340 889 890 891 
6 
894 895 896 925 1073 1076 
11 
609 612 893 895 896 925 926 1073 1074 1075 1076 
12 
612 893 894 896 925 926 927 928 1075 1076 1853 1854 
7 
893 894 895 925 928 1076 1853 
3 
898 899 900 
3 
897 899 900 
3 
897 898 900 
3 
897 898 899 
6 
818 819 902 903 904 1789 
5 
901 903 904 1789 1790 
8 
246 901 902 904 1789 1790 1791 1792 
8 
245 246 819 901 902 903 1789 1792 
4 
906 907 908 1018 
3 
905 907 908 
7 
233 234 469 470 905 906 908 
7 
233 469 905 906 907 1018 1019 
15 
695 696 843 844 910 911 912 931 932 1681 1682 1683 1684 1907 1951 
8 
695 843 909 911 912 931 1682 1683 
4 
909 910 912 1683 
5 
909 910 911 1683 1684 
3 
914 915 916 
3 
913 915 916 
3 
913 914 916 
3 
913 914 915 
3 
918 919 920 
3 
917 919 920 
3 
917 918 920 
3 
917 918 919 
4 
922 923 924 1054 
3 
921 923 924 
4 
921 922 924 1313 
5 
921 922 923 1054 1055 
8 
893 894 895 896 926 927 928 1076 
8 
612 894 895 925 927 928 1075 1076 
6 
895 925 926 928 1853 1854 
6 
895 896 925 926 927 1853 
17 
693 694 695 696 841 842 843 844 930 931 932 1681 1682 1906 1907 1950 1951 
8 
694 695 842 843 929 931 932 1682 
9 
695 843 909 910 929 930 932 1682 1683 
14 
695 696 843 844 909 929 930 931 1681 1682 1683 1684 1907 1951 
4 
76 934 935 936 
5 
75 76 933 935 936 
4 
933 934 936 1766 
7 
886 933 934 935 1765 1766 1866 
4 
777 938 939 940 
5 
777 778 937 939 940 
7 
777 778 779 780 937 938 940 
6 
766 777 780 937 938 939 
3 
942 943 944 
6 
253 256 288 941 943 944 
4 
256 941 942 944 
3 
941 942 943 
5 
946 947 948 1507 1508 
6 
304 517 945 947 948 1507 
5 
517 520 945 946 948 
3 
945 946 947 
9 
141 950 951 952 1557 1558 1559 1560 1717 
9 
141 142 949 951 952 1558 1559 1717 1718 
10 
143 144 949 950 952 1559 1717 1718 1719 1720 
8 
144 949 950 951 1559 1560 1717 1720 
4 
363 954 955 956 
4 
457 953 955 956 
5 
457 460 953 954 956 
4 
30 953 954 955 
8 
958 959 960 1030 1597 1598 1599 1600 
6 
957 959 960 1484 1598 1599 
5 
805 957 958 960 1599 
7 
957 958 959 1030 1031 1599 1600 
6 
962 963 964 1072 1933 1934 
8 
961 963 964 1071 1072 1934 1985 1988 
7 
670 961 962 964 1934 1935 1988 
9 
669 670 961 962 963 1933 1934 1935 1936 
9 
853 854 855 856 966 967 968 1909 1910 
8 
729 732 854 855 965 967 968 1910 
7 
732 855 965 966 968 1910 1911 
9 
855 856 965 966 967 1909 1910 1911 1912 
6 
229 232 970 971 972 1461 
9 
229 230 231 232 969 971 972 1461 1462 
9 
231 232 969 970 972 1461 1462 1463 1464 
7 
232 969 970 971 1442 1461 1464 
14 
430 887 974 975 976 1109 1110 1111 1112 1641 1642 1767 1768 1867 
8 
161 973 975 976 1110 1111 1642 1767 
10 
161 164 553 973 974 976 1111 1498 1642 1643 
13 
430 431 973 974 975 1111 1112 1497 1498 1641 1642 1643 1644 
3 
978 979 980 
3 
977 979 980 
3 
977 978 980 
4 
977 978 979 1222 
6 
420 438 439 982 983 984 
7 
419 420 981 983 984 1360 1808 
3 
981 982 984 
4 
439 981 982 983 
4 
986 987 988 1139 
3 
985 987 988 
4 
985 986 988 1349 
3 
985 986 987 
7 
990 991 992 1015 1016 1653 1654 
5 
989 991 992 1015 1654 
5 
989 990 992 1654 1655 
7 
989 990 991 1653 1654 1655 1656 
6 
113 116 181 994 995 996 
9 
113 114 115 116 181 182 993 995 996 
9 
115 116 181 182 183 184 993 994 996 
6 
116 181 184 993 994 995 
5 
526 527 998 999 1000 
3 
997 999 1000 
5 
997 998 1000 1137 1954 
5 
527 997 998 999 1953 
4 
64 1002 1003 1004 
5 
63 64 1001 1003 1004 
4 
1001 1002 1004 1042 
5 
1001 1002 1003 1041 1042 
4 
656 1006 1007 1008 
5 
655 656 1005 1007 1008 
3 
1005 1006 1008 
3 
1005 1006 1007 
4 
331 1010 1011 1012 
3 
1009 1011 1012 
3 
1009 1010 1012 
3 
1009 1010 1011 
3 
1014 1015 1016 
3 
1013 1015 1016 
5 
989 990 1013 1014 1016 
5 
146 989 1013 1014 1015 
7 
807 808 1018 1019 1020 1685 1686 
8 
469 807 905 908 1017 1019 1020 1686 
8 
469 472 908 1017 1018 1020 1686 1687 
7 
1017 1018 1019 1685 1686 1687 1688 
4 
1022 1023 1024 1196 
5 
1021 1023 1024 1195 1196 
3 
1021 1022 1024 
3 
1021 1022 1023 
6 
407 1026 1027 1028 1979 1980 
6 
1025 1027 1028 1305 1308 1979 
4 
1025 1026 1028 1308 
3 
1025 1026 1027 
4 
1030 1031 1032 1600 
7 
957 960 1029 1031 1032 1599 1600 
4 
960 1029 1030 1032 
3 
1029 1030 1031 
3 
1034 1035 1036 
3 
1033 1035 1036 
4 
614 1033 1034 1036 
5 
613 614 1033 1034 1035 
5 
410 1038 1039 1040 1531 
3 
1037 1039 1040 
7 
645 646 709 710 1037 1038 1040 
7 
410 411 645 709 1037 1038 1039 
4 
1004 1042 1043 1044 
5 
1003 1004 1041 1043 1044 
3 
1041 1042 1044 
3 
1041 1042 1043 
9 
873 874 875 876 1046 1047 1048 1438 1439 
7 
33 36 874 875 1045 1047 1048 
5 
36 875 1045 1046 1048 
6 
875 876 1045 1046 1047 1439 
4 
239 1050 1051 1052 
3 
1049 1051 1052 
3 
1049 1050 1052 
4 
654 1049 1050 1051 
3 
1054 1055 1056 
5 
921 924 1053 1055 1056 
4 
924 1053 1054 1056 
3 
1053 1054 1055 
8 
1058 1059 1060 1241 1849 1850 1851 1852 
10 
772 1057 1059 1060 1241 1242 1725 1728 1850 1851 
9 
1057 1058 1060 1241 1242 1243 1244 1728 1851 
7 
1057 1058 1059 1241 1244 1851 1852 
3 
1062 1063 1064 
5 
137 140 1061 1063 1064 
4 
140 1061 1062 1064 
3 
1061 1062 1063 
11 
21 22 23 24 85 86 745 1066 1067 1068 1388 
10 
22 23 86 745 746 1065 1067 1068 1387 1388 
10 
23 86 87 745 746 747 748 1065 1066 1068 
12 
23 24 85 86 87 88 602 745 748 1065 1066 1067 
3 
1070 1071 1072 
3 
1069 1071 1072 
5 
962 1069 1070 1072 1985 
5 
961 962 1069 1070 1071 
6 
609 893 894 1074 1075 1076 
6 
609 610 894 1073 1075 1076 
9 
611 612 717 894 895 926 1073 1074 1076 
10 
612 893 894 895 896 925 926 1073 1074 1075 
4 
1078 1079 1080 1454 
3 
1077 1079 1080 
4 
118 1077 1078 1080 
7 
117 118 1077 1078 1079 1454 1455 
4 
725 1082 1083 1084 
5 
725 726 1081 1083 1084 
7 
725 726 727 728 1081 1082 1084 
5 
725 728 1081 1082 1083 
5 
1086 1087 1088 1618 1619 
3 
1085 1087 1088 
3 
1085 1086 1088 
4 
1085 1086 1087 1619 
5 
1090 1091 1092 1393 1396 
9 
1089 1091 1092 1237 1240 1393 1394 1395 1396 
6 
1089 1090 1092 1240 1395 1396 
4 
1089 1090 1091 1396 
3 
1094 1095 1096 
5 
1093 1095 1096 1541 1544 
4 
1093 1094 1096 1544 
4 
126 1093 1094 1095 
3 
1098 1099 1100 
3 
1097 1099 1100 
4 
490 1097 1098 1100 
5 
489 490 1097 1098 1099 
6 
35 1102 1103 1104 1397 1400 
8 
1101 1103 1104 1169 1397 1398 1399 1400 
7 
1101 1102 1104 1169 1172 1399 1400 
6 
786 1101 1102 1103 1400 1518 
5 
1106 1107 1108 1895 1896 
4 
1105 1107 1108 1895 
3 
1105 1106 1108 
3 
1105 1106 1107 
12 
886 887 973 1110 1111 1112 1765 1766 1767 1768 1866 1867 
7 
973 974 1109 1111 1112 1766 1767 
10 
161 973 974 975 976 1109 1110 1112 1642 1767 
12 
430 887 973 976 1109 1110 1111 1641 1642 1767 1768 1867 
3 
1114 1115 1116 
3 
1113 1115 1116 
3 
1113 1114 1116 
3 
1113 1114 1115 
8 
277 280 660 667 1118 1119 1120 1228 
11 
277 278 279 280 659 660 1117 1119 1120 1227 1228 
5 
279 280 1117 1118 1120 
4 
280 1117 1118 1119 
4 
1122 1123 1124 1170 
3 
1121 1123 1124 
5 
1121 1122 1124 1205 1206 
5 
1121 1122 1123 1171 1205 
5 
111 112 1126 1127 1128 
7 
111 1125 1127 1128 1413 1416 1668 
4 
1125 1126 1128 1416 
3 
1125 1126 1127 
5 
730 731 1130 1131 1132 
3 
1129 1131 1132 
3 
1129 1130 1132 
4 
731 1129 1130 1131 
3 
1134 1135 1136 
3 
1133 1135 1136 
3 
1133 1134 1136 
3 
1133 1134 1135 
6 
999 1138 1139 1140 1954 1955 
3 
1137 1139 1140 
6 
985 1137 1138 1140 1174 1782 
8 
1137 1138 1139 1173 1174 1781 1782 1955 
6 
1142 1143 1144 1282 1283 1887 
3 
1141 1143 1144 
4 
1141 1142 1144 1469 
4 
1141 1142 1143 1283 
3 
1146 1147 1148 
3 
1145 1147 1148 
5 
649 650 1145 1146 1148 
4 
649 1145 1146 1147 
3 
1150 1151 1152 
3 
1149 1151 1152 
4 
1149 1150 1152 1162 
5 
1149 1150 1151 1161 1162 
5 
522 523 1154 1155 1156 
4 
169 1153 1155 1156 
5 
169 172 1153 1154 1156 
4 
523 1153 1154 1155 
5 
1158 1159 1160 1750 1751 
4 
100 1157 1159 1160 
4 
1157 1158 1160 1801 
4 
1157 1158 1159 1751 
4 
1152 1162 1163 1164 
5 
1151 1152 1161 1163 1164 
3 
1161 1162 1164 
3 
1161 1162 1163 
7 
1166 1167 1168 1337 1338 1339 1340 
6 
1165 1167 1168 1338 1339 1924 
4 
1165 1166 1168 1339 
5 
1165 1166 1167 1339 1340 
6 
1102 1103 1170 1171 1172 1399 
4 
1121 1169 1171 1172 
5 
1124 1169 1170 1172 1205 
5 
450 1103 1169 1170 1171 
8 
1140 1174 1175 1176 1781 1784 1955 1956 
10 
1139 1140 1173 1175 1176 1781 1782 1783 1784 1955 
5 
1173 1174 1176 1783 1784 
5 
194 1173 1174 1175 1784 
3 
1178 1179 1180 
3 
1177 1179 1180 
3 
1177 1178 1180 
3 
1177 1178 1179 
5 
1182 1183 1184 1349 1350 
4 
1181 1183 1184 1350 
7 
317 318 1181 1182 1184 1350 1351 
8 
317 1181 1182 1183 1349 1350 1351 1352 
5 
393 1186 1187 1188 1962 
5 
393 394 1185 1187 1188 
7 
395 396 1185 1186 1188 1561 1562 
7 
396 1185 1186 1187 1561 1962 1963 
3 
1190 1191 1192 
3 
1189 1191 1192 
6 
1189 1190 1192 1365 1366 1542 
6 
1189 1190 1191 1365 1541 1542 
3 
1194 1195 1196 
3 
1193 1195 1196 
4 
1022 1193 1194 1196 
5 
1021 1022 1193 1194 1195 
8 
273 274 275 276 310 1198 1199 1200 
5 
274 275 1197 1199 1200 
4 
275 1197 1198 1200 
7 
275 276 310 311 1197 1198 1199 
6 
779 1202 1203 1204 1443 1444 
4 
1201 1203 1204 1443 
3 
1201 1202 1204 
3 
1201 1202 1203 
6 
1123 1124 1171 1206 1207 1208 
4 
1123 1205 1207 1208 
3 
1205 1206 1208 
4 
1205 1206 1207 1622 
6 
509 825 826 1210 1211 1212 
6 
509 510 826 1209 1211 1212 
9 
509 510 511 512 826 827 1209 1210 1212 
9 
509 512 825 826 827 828 1209 1210 1211 
3 
1214 1215 1216 
4 
1213 1215 1216 1932 
7 
1213 1214 1216 1809 1810 1993 1994 
5 
1213 1214 1215 1809 1993 
3 
1218 1219 1220 
3 
1217 1219 1220 
4 
1217 1218 1220 1585 
3 
1217 1218 1219 
3 
1222 1223 1224 
4 
980 1221 1223 1224 
3 
1221 1222 1224 
3 
1221 1222 1223 
9 
277 278 499 500 657 660 1226 1227 1228 
10 
225 278 499 657 658 659 660 1225 1227 1228 
10 
225 228 278 279 659 660 1118 1225 1226 1228 
10 
277 278 279 280 660 1117 1118 1225 1226 1227 
6 
71 72 1230 1231 1232 1252 
6 
71 1229 1231 1232 1251 1252 
3 
1229 1230 1232 
4 
1229 1230 1231 1998 
3 
1234 1235 1236 
5 
1233 1235 1236 1349 1352 
6 
93 94 1233 1234 1236 1352 
4 
93 1233 1234 1235 
8 
535 536 1090 1238 1239 1240 1393 1394 
5 
535 1237 1239 1240 1394 
5 
1237 1238 1240 1394 1395 
9 
1090 1091 1237 1238 1239 1393 1394 1395 1396 
12 
772 1057 1058 1059 1060 1242 1243 1244 1849 1850 1851 1852 
11 
771 772 872 1058 1059 1241 1243 1244 1728 1850 1851 
5 
1059 1241 1242 1244 1851 
7 
1059 1060 1241 1242 1243 1851 1852 
8 
96 1246 1247 1248 1377 1378 1379 1380 
8 
95 96 392 1245 1247 1248 1378 1379 
6 
1245 1246 1248 1379 1957 1958 
6 
1245 1246 1247 1379 1380 1957 
5 
70 71 1250 1251 1252 
3 
1249 1251 1252 
4 
1230 1249 1250 1252 
6 
71 1229 1230 1249 1250 1251 
5 
1254 1255 1256 1673 1674 
4 
1253 1255 1256 1674 
5 
1253 1254 1256 1674 1675 
7 
1253 1254 1255 1673 1674 1675 1676 
6 
881 882 1258 1259 1260 1705 
6 
882 1257 1259 1260 1705 1706 
7 
882 883 1257 1258 1260 1707 1708 
8 
881 882 883 884 1257 1258 1259 1708 
15 
481 484 1262 1263 1264 1573 1574 1601 1602 1603 1604 1797 1798 1799 1800 
12 
481 482 483 484 1261 1263 1264 1574 1602 1603 1798 1799 
10 
281 483 484 1261 1262 1264 1574 1575 1603 1799 
12 
484 1261 1262 1263 1573 1574 1575 1576 1603 1604 1799 1800 
3 
1266 1267 1268 
3 
1265 1267 1268 
3 
1265 1266 1268 
3 
1265 1266 1267 
3 
1270 1271 1272 
6 
689 1269 1271 1272 1553 1981 
8 
689 692 1269 1270 1272 1553 1556 1984 
3 
1269 1270 1271 
3 
1274 1275 1276 
3 
1273 1275 1276 
3 
1273 1274 1276 
3 
1273 1274 1275 
7 
87 88 603 748 1278 1279 1280 
6 
87 747 748 1277 1279 1280 
4 
1277 1278 1280 1418 
5 
1277 1278 1279 1417 1418 
5 
1282 1283 1284 1885 1888 
8 
1141 1281 1283 1284 1885 1886 1887 1888 
7 
1141 1144 1281 1282 1284 1887 1888 
5 
162 1281 1282 1283 1888 
7 
97 565 568 840 1286 1287 1288 
13 
97 98 549 552 565 566 567 568 839 840 1285 1287 1288 
10 
97 98 99 100 552 567 568 1285 1286 1288 
6 
97 100 568 1285 1286 1287 
8 
799 1290 1291 1292 1474 1637 1702 1703 
5 
1289 1291 1292 1637 1638 
7 
1289 1290 1292 1637 1638 1639 1640 
8 
1289 1290 1291 1474 1475 1637 1640 1703 
4 
1294 1295 1296 1835 
3 
1293 1295 1296 
3 
1293 1294 1296 
3 
1293 1294 1295 
6 
1298 1299 1300 1420 1589 1592 
9 
1297 1299 1300 1419 1420 1589 1590 1591 1592 
7 
1297 1298 1300 1421 1422 1591 1592 
5 
1297 1298 1299 1421 1592 
3 
1302 1303 1304 
4 
1301 1303 1304 1433 
8 
329 330 462 1301 1302 1304 1433 1436 
6 
329 461 462 1301 1302 1303 
4 
1026 1306 1307 1308 
3 
1305 1307 1308 
3 
1305 1306 1308 
5 
1026 1027 1305 1306 1307 
3 
1310 1311 1312 
6 
353 356 664 1309 1311 1312 
4 
356 1309 1310 1312 
3 
1309 1310 1311 
4 
923 1314 1315 1316 
3 
1313 1315 1316 
3 
1313 1314 1316 
3 
1313 1314 1315 
9 
491 492 577 578 579 580 1318 1319 1320 
7 
491 578 579 881 1317 1319 1320 
6 
579 881 884 1317 1318 1320 
6 
579 580 870 1317 1318 1319 
7 
183 642 1322 1323 1324 1533 1534 
4 
1321 1323 1324 1534 
5 
1321 1322 1324 1534 1535 
9 
642 643 1321 1322 1323 1533 1534 1535 1536 
5 
474 475 1326 1327 1328 
4 
821 1325 1327 1328 
5 
821 824 1325 1326 1328 
4 
475 1325 1326 1327 
6 
291 292 495 1330 1331 1332 
6 
291 621 624 1329 1331 1332 
4 
624 1329 1330 1332 
3 
1329 1330 1331 
3 
1334 1335 1336 
3 
1333 1335 1336 
3 
1333 1334 1336 
3 
1333 1334 1335 
4 
1165 1338 1339 1340 
5 
1165 1166 1337 1339 1340 
7 
1165 1166 1167 1168 1337 1338 1340 
5 
1165 1168 1337 1338 1339 
7 
582 583 1342 1343 1344 1737 1738 
4 
1341 1343 1344 1738 
5 
1341 1342 1344 1738 1739 
8 
583 1341 1342 1343 1737 1738 1739 1740 
7 
1346 1347 1348 1368 1543 1544 1976 
8 
1345 1347 1348 1367 1368 1543 1975 1976 
3 
1345 1346 1348 
3 
1345 1346 1347 
7 
987 1181 1184 1234 1350 1351 1352 
8 
317 1181 1182 1183 1184 1349 1351 1352 
8 
94 317 320 1183 1184 1349 1350 1352 
8 
93 94 1184 1234 1235 1349 1350 1351 
4 
219 1354 1355 1356 
3 
1353 1355 1356 
4 
1353 1354 1356 1658 
5 
1353 1354 1355 1657 1658 
11 
418 419 643 644 1358 1359 1360 1805 1806 1807 1808 
6 
643 1357 1359 1360 1806 1807 
4 
1357 1358 1360 1807 
7 
419 982 1357 1358 1359 1807 1808 
11 
267 505 1362 1363 1364 1369 1370 1513 1514 1515 1516 
8 
505 506 1361 1363 1364 1370 1514 1515 
10 
505 506 507 508 1361 1362 1364 1370 1371 1515 
11 
505 508 1361 1362 1363 1369 1370 1371 1372 1515 1516 
9 
1191 1192 1366 1367 1368 1542 1543 1973 1974 
5 
1191 1365 1367 1368 1974 
6 
1346 1365 1366 1368 1974 1975 
10 
1345 1346 1365 1366 1367 1543 1973 1974 1975 1976 
11 
267 505 1361 1364 1370 1371 1372 1513 1514 1515 1516 
11 
505 506 1361 1362 1363 1364 1369 1371 1372 1514 1515 
10 
505 506 507 508 1363 1364 1369 1370 1372 1515 
8 
505 508 1364 1369 1370 1371 1515 1516 
7 
165 166 1374 1375 1376 1793 1794 
5 
166 1373 1375 1376 1794 
12 
166 167 237 238 1373 1374 1376 1449 1450 1794 1795 1914 
15 
165 166 167 168 237 1373 1374 1375 1449 1793 1794 1795 1796 1913 1914 
8 
26 27 606 607 1245 1378 1379 1380 
7 
93 96 1245 1246 1377 1379 1380 
8 
96 1245 1246 1247 1248 1377 1378 1380 
7 
27 607 1245 1248 1377 1378 1379 
5 
1382 1383 1384 1563 1564 
4 
1381 1383 1384 1563 
3 
1381 1382 1384 
3 
1381 1382 1383 
4 
22 1386 1387 1388 
3 
1385 1387 1388 
4 
1066 1385 1386 1388 
8 
22 23 86 1065 1066 1385 1386 1387 
4 
1390 1391 1392 1714 
3 
1389 1391 1392 
5 
325 326 1389 1390 1392 
6 
325 1389 1390 1391 1714 1715 
8 
536 1089 1090 1237 1240 1394 1395 1396 
10 
535 536 1090 1237 1238 1239 1240 1393 1395 1396 
7 
1090 1091 1239 1240 1393 1394 1396 
8 
1089 1090 1091 1092 1240 1393 1394 1395 
7 
34 35 1101 1102 1398 1399 1400 
4 
1102 1397 1399 1400 
6 
1102 1103 1169 1397 1398 1400 
8 
35 1101 1102 1103 1104 1397 1398 1399 
5 
1402 1403 1404 1661 1664 
8 
576 1401 1403 1404 1661 1662 1663 1664 
5 
1401 1402 1404 1663 1664 
4 
1401 1402 1403 1664 
3 
1406 1407 1408 
3 
1405 1407 1408 
3 
1405 1406 1408 
3 
1405 1406 1407 
4 
402 1410 1411 1412 
3 
1409 1411 1412 
5 
622 1409 1410 1412 1617 
6 
403 621 622 1409 1410 1411 
8 
1126 1414 1415 1416 1665 1666 1667 1668 
6 
592 1413 1415 1416 1666 1667 
4 
1413 1414 1416 1667 
7 
1126 1127 1413 1414 1415 1667 1668 
4 
1280 1418 1419 1420 
5 
1279 1280 1417 1419 1420 
6 
1298 1417 1418 1420 1589 1590 
6 
1297 1298 1417 1418 1419 1589 
6 
574 1299 1300 1422 1423 1424 
4 
1299 1421 1423 1424 
3 
1421 1422 1424 
5 
574 575 1421 1422 1423 
7 
1426 1427 1428 1753 1754 1755 1756 
6 
668 1425 1427 1428 1754 1755 
4 
1425 1426 1428 1755 
5 
1425 1426 1427 1755 1756 
7 
169 170 171 172 1430 1431 1432 
5 
170 171 1429 1431 1432 
4 
171 1429 1430 1432 
6 
171 172 774 1429 1430 1431 
5 
1302 1303 1434 1435 1436 
3 
1433 1435 1436 
4 
330 1433 1434 1436 
7 
329 330 462 1303 1433 1434 1435 
3 
1438 1439 1440 
6 
873 876 1045 1437 1439 1440 
6 
876 1045 1048 1437 1438 1440 
3 
1437 1438 1439 
4 
778 1442 1443 1444 
4 
972 1441 1443 1444 
5 
1201 1202 1441 1442 1444 
5 
779 1201 1441 1442 1443 
4 
322 1446 1447 1448 
4 
1445 1447 1448 1945 
5 
1445 1446 1448 1945 1948 
5 
322 323 1445 1446 1447 
14 
167 237 240 1375 1376 1450 1451 1452 1795 1796 1913 1914 1915 1916 
11 
237 238 239 240 1375 1449 1451 1452 1795 1914 1915 
6 
239 240 1449 1450 1452 1915 
6 
240 1449 1450 1451 1915 1916 
10 
257 258 259 260 478 479 1454 1455 1456 1698 
8 
117 258 259 1077 1080 1453 1455 1456 
7 
117 120 259 1080 1453 1454 1456 
8 
259 260 479 1453 1454 1455 1698 1699 
6 
1458 1459 1460 1489 1822 1823 
4 
1457 1459 1460 1490 
5 
1457 1458 1460 1491 1609 
5 
1457 1458 1459 1492 1823 
11 
229 230 231 232 969 970 971 972 1462 1463 1464 
7 
230 231 970 971 1461 1463 1464 
5 
231 971 1461 1462 1464 
7 
231 232 971 972 1461 1462 1463 
4 
801 1466 1467 1468 
7 
685 688 801 802 1465 1467 1468 
6 
688 803 804 1465 1466 1468 
4 
804 1465 1466 1467 
4 
1143 1470 1471 1472 
3 
1469 1471 1472 
3 
1469 1470 1472 
4 
542 1469 1470 1471 
6 
799 800 1474 1475 1476 1704 
7 
799 1289 1292 1473 1475 1476 1703 
4 
1292 1473 1474 1476 
3 
1473 1474 1475 
5 
15 16 1478 1479 1480 
5 
15 441 1477 1479 1480 
5 
441 444 1477 1478 1480 
3 
1477 1478 1479 
3 
1482 1483 1484 
4 
1481 1483 1484 1552 
3 
1481 1482 1484 
4 
958 1481 1482 1483 
3 
1486 1487 1488 
3 
1485 1487 1488 
3 
1485 1486 1488 
3 
1485 1486 1487 
6 
1457 1490 1491 1492 1822 1823 
4 
1458 1489 1491 1492 
5 
1459 1489 1490 1492 1609 
5 
1460 1489 1490 1491 1823 
7 
177 180 600 1494 1495 1496 1677 
11 
177 178 179 180 599 600 1493 1495 1496 1677 1678 
9 
179 180 1493 1494 1496 1677 1678 1679 1680 
6 
180 1493 1494 1495 1677 1680 
7 
431 432 976 1498 1499 1500 1644 
11 
161 164 431 553 975 976 1497 1499 1500 1643 1644 
8 
164 553 556 837 838 1497 1498 1500 
4 
837 1497 1498 1499 
4 
1502 1503 1504 1764 
5 
1501 1503 1504 1763 1764 
3 
1501 1502 1504 
4 
6 1501 1502 1503 
3 
1506 1507 1508 
4 
301 1505 1507 1508 
7 
301 304 945 946 1505 1506 1508 
4 
945 1505 1506 1507 
3 
1510 1511 1512 
5 
1509 1511 1512 1889 1892 
4 
1509 1510 1512 1892 
3 
1509 1510 1511 
7 
267 268 1361 1369 1514 1515 1516 
9 
267 505 1361 1362 1369 1370 1513 1515 1516 
13 
505 508 1361 1362 1363 1364 1369 1370 1371 1372 1513 1514 1516 
7 
1361 1364 1369 1372 1513 1514 1515 
6 
449 785 788 1518 1519 1520 
10 
449 450 785 786 787 788 1104 1517 1519 1520 
9 
449 450 451 452 787 788 1517 1518 1520 
6 
449 452 788 1517 1518 1519 
5 
1522 1523 1524 1769 1770 
4 
1521 1523 1524 1770 
7 
769 1521 1522 1524 1725 1770 1771 
7 
1521 1522 1523 1769 1770 1771 1772 
7 
32 533 637 640 1526 1527 1528 
11 
31 32 533 534 637 638 639 640 1525 1527 1528 
9 
533 534 535 536 639 640 1525 1526 1528 
6 
533 536 640 1525 1526 1527 
3 
1530 1531 1532 
4 
1529 1531 1532 1960 
4 
1037 1529 1530 1532 
3 
1529 1530 1531 
9 
183 184 641 642 1321 1324 1534 1535 1536 
9 
183 642 1321 1322 1323 1324 1533 1535 1536 
7 
642 643 1323 1324 1533 1534 1536 
8 
641 642 643 644 1324 1533 1534 1535 
6 
757 760 1538 1539 1540 1578 
7 
757 758 759 760 1537 1539 1540 
6 
90 759 760 1537 1538 1540 
8 
89 90 760 1537 1538 1539 1578 1579 
5 
1094 1192 1542 1543 1544 
7 
1191 1192 1365 1541 1543 1544 1973 
9 
1345 1346 1365 1368 1541 1542 1544 1973 1976 
6 
1094 1095 1345 1541 1542 1543 
3 
1546 1547 1548 
4 
1545 1547 1548 1956 
5 
193 194 1545 1546 1548 
4 
193 1545 1546 1547 
3 
1550 1551 1552 
3 
1549 1551 1552 
4 
625 1549 1550 1552 
4 
1482 1549 1550 1551 
11 
689 690 1270 1271 1554 1555 1556 1981 1982 1983 1984 
6 
690 1553 1555 1556 1982 1983 
6 
690 691 1553 1554 1556 1983 
10 
689 690 691 692 1271 1553 1554 1555 1983 1984 
5 
949 1558 1559 1560 1717 
9 
141 704 949 950 1557 1559 1560 1717 1718 
13 
141 144 949 950 951 952 1557 1558 1560 1717 1718 1719 1720 
9 
949 952 1557 1558 1559 1630 1717 1720 1730 
8 
395 396 1187 1188 1562 1563 1564 1963 
5 
395 1187 1561 1563 1564 
5 
1381 1382 1561 1562 1564 
4 
1381 1561 1562 1563 
3 
1566 1567 1568 
3 
1565 1567 1568 
3 
1565 1566 1568 
3 
1565 1566 1567 
3 
1570 1571 1572 
3 
1569 1571 1572 
3 
1569 1570 1572 
3 
1569 1570 1571 
8 
1261 1264 1574 1575 1576 1604 1797 1800 
14 
484 1261 1262 1263 1264 1573 1575 1576 1603 1604 1797 1798 1799 1800 
7 
1263 1264 1573 1574 1576 1799 1800 
5 
1264 1573 1574 1575 1800 
4 
89 1578 1579 1580 
9 
89 90 757 760 1537 1540 1577 1579 1580 
9 
89 90 91 92 760 1540 1577 1578 1580 
6 
89 92 822 1577 1578 1579 
3 
1582 1583 1584 
3 
1581 1583 1584 
3 
1581 1582 1584 
3 
1581 1582 1583 
4 
1219 1586 1587 1588 
6 
776 1585 1587 1588 1605 1608 
4 
1585 1586 1588 1608 
3 
1585 1586 1587 
7 
1297 1298 1419 1420 1590 1591 1592 
5 
1298 1419 1589 1591 1592 
5 
1298 1299 1589 1590 1592 
7 
1297 1298 1299 1300 1589 1590 1591 
5 
1594 1595 1596 1939 1940 
5 
269 1593 1595 1596 1939 
5 
269 272 1593 1594 1596 
3 
1593 1594 1595 
5 
596 957 1598 1599 1600 
6 
595 957 958 1597 1599 1600 
8 
957 958 959 960 1030 1597 1598 1600 
7 
957 960 1029 1030 1597 1598 1599 
5 
1261 1602 1603 1604 1797 
9 
481 484 1261 1262 1601 1603 1604 1797 1798 
14 
281 484 1261 1262 1263 1264 1574 1601 1602 1604 1797 1798 1799 1800 
9 
1261 1264 1573 1574 1601 1602 1603 1797 1800 
6 
773 776 1586 1606 1607 1608 
7 
773 774 775 776 1605 1607 1608 
5 
775 776 1605 1606 1608 
6 
776 1586 1587 1605 1606 1607 
7 
129 132 1459 1491 1610 1611 1612 
7 
129 130 131 132 1609 1611 1612 
5 
131 132 1609 1610 1612 
4 
132 1609 1610 1611 
5 
204 391 1614 1615 1616 
6 
203 204 337 1613 1615 1616 
5 
337 340 1613 1614 1616 
3 
1613 1614 1615 
4 
1411 1618 1619 1620 
4 
1085 1617 1619 1620 
5 
1085 1088 1617 1618 1620 
3 
1617 1618 1619 
5 
450 451 1622 1623 1624 
4 
1208 1621 1623 1624 
3 
1621 1622 1624 
4 
451 1621 1622 1623 
3 
1626 1627 1628 
3 
1625 1627 1628 
4 
437 1625 1626 1628 
3 
1625 1626 1627 
5 
1630 1631 1632 1729 1730 
5 
1560 1629 1631 1632 1730 
4 
1629 1630 1632 1731 
5 
1629 1630 1631 1731 1732 
9 
38 39 537 538 539 540 1634 1635 1636 
5 
538 539 1633 1635 1636 
6 
539 1633 1634 1636 1837 1838 
7 
39 539 540 1633 1634 1635 1837 
7 
1289 1290 1291 1292 1638 1639 1640 
5 
1290 1291 1637 1639 1640 
4 
1291 1637 1638 1640 
5 
1291 1292 1637 1638 1639 
11 
429 430 887 973 976 1112 1642 1643 1644 1768 1867 
13 
161 430 973 974 975 976 1111 1112 1641 1643 1644 1767 1768 
11 
161 164 430 431 553 975 976 1498 1641 1642 1644 
10 
429 430 431 432 976 1497 1498 1641 1642 1643 
3 
1646 1647 1648 
3 
1645 1647 1648 
3 
1645 1646 1648 
3 
1645 1646 1647 
3 
1650 1651 1652 
3 
1649 1651 1652 
3 
1649 1650 1652 
3 
1649 1650 1651 
7 
146 147 989 992 1654 1655 1656 
7 
989 990 991 992 1653 1655 1656 
5 
991 992 1653 1654 1656 
5 
147 992 1653 1654 1655 
4 
1356 1658 1659 1660 
5 
1355 1356 1657 1659 1660 
3 
1657 1658 1660 
3 
1657 1658 1659 
5 
1401 1402 1662 1663 1664 
5 
576 1402 1661 1663 1664 
5 
1402 1403 1661 1662 1664 
7 
1401 1402 1403 1404 1661 1662 1663 
4 
1413 1666 1667 1668 
7 
589 592 1413 1414 1665 1667 1668 
8 
592 1413 1414 1415 1416 1665 1666 1668 
6 
1126 1413 1416 1665 1666 1667 
3 
1670 1671 1672 
3 
1669 1671 1672 
3 
1669 1670 1672 
3 
1669 1670 1671 
5 
1253 1256 1674 1675 1676 
7 
1253 1254 1255 1256 1673 1675 1676 
6 
1255 1256 1673 1674 1676 1777 
4 
1256 1673 1674 1675 
11 
179 180 599 600 1493 1494 1495 1496 1678 1679 1680 
7 
179 599 1494 1495 1677 1679 1680 
4 
1495 1677 1678 1680 
5 
1495 1496 1677 1678 1679 
15 
693 694 695 696 841 844 909 929 932 1682 1683 1684 1907 1950 1951 
15 
694 695 841 842 843 844 909 910 929 930 931 932 1681 1683 1684 
12 
695 843 844 909 910 911 912 931 932 1681 1682 1684 
10 
695 696 844 909 912 932 1681 1682 1683 1951 
6 
808 1017 1020 1686 1687 1688 
9 
807 808 1017 1018 1019 1020 1685 1687 1688 
6 
1019 1020 1685 1686 1688 1990 
6 
1020 1685 1686 1687 1989 1990 
3 
1690 1691 1692 
3 
1689 1691 1692 
3 
1689 1690 1692 
3 
1689 1690 1691 
3 
1694 1695 1696 
3 
1693 1695 1696 
3 
1693 1694 1696 
3 
1693 1694 1695 
7 
257 260 479 480 1698 1699 1700 
10 
257 258 259 260 479 1453 1456 1697 1699 1700 
6 
259 260 1456 1697 1698 1700 
4 
260 1697 1698 1699 
7 
797 798 799 800 1702 1703 1704 
6 
798 799 1289 1701 1703 1704 
7 
799 1289 1292 1474 1701 1702 1704 
6 
799 800 1473 1701 1702 1703 
7 
881 882 1257 1258 1706 1707 1708 
5 
882 1258 1705 1707 1708 
6 
882 883 1259 1705 1706 1708 
9 
881 882 883 884 1259 1260 1705 1706 1707 
5 
235 236 1710 1711 1712 
5 
235 485 1709 1711 1712 
6 
485 488 877 1709 1710 1712 
3 
1709 1710 1711 
3 
1714 1715 1716 
5 
1389 1392 1713 1715 1716 
4 
1392 1713 1714 1716 
3 
1713 1714 1715 
13 
141 144 949 950 951 952 1557 1558 1559 1560 1718 1719 1720 
11 
141 142 143 144 950 951 1558 1559 1717 1719 1720 
7 
143 144 951 1559 1717 1718 1720 
8 
144 951 952 1559 1560 1717 1718 1719 
3 
1722 1723 1724 
7 
57 60 857 860 1721 1723 1724 
5 
60 860 1721 1722 1724 
3 
1721 1722 1723 
11 
769 770 771 772 869 872 1058 1523 1726 1727 1728 
9 
770 771 869 870 871 872 1725 1727 1728 
6 
771 871 872 1725 1726 1728 
9 
771 772 872 1058 1059 1242 1725 1726 1727 
4 
1629 1730 1731 1732 
6 
1560 1629 1630 1729 1731 1732 
5 
1631 1632 1729 1730 1732 
4 
1632 1729 1730 1731 
3 
1734 1735 1736 
5 
365 368 1733 1735 1736 
4 
368 1733 1734 1736 
3 
1733 1734 1735 
7 
583 1341 1344 1738 1739 1740 1890 
7 
1341 1342 1343 1344 1737 1739 1740 
5 
1343 1344 1737 1738 1740 
5 
1344 1737 1738 1739 1891 
3 
1742 1743 1744 
3 
1741 1743 1744 
3 
1741 1742 1744 
3 
1741 1742 1743 
5 
558 559 1746 1747 1748 
3 
1745 1747 1748 
3 
1745 1746 1748 
4 
559 1745 1746 1747 
3 
1750 1751 1752 
4 
1157 1749 1751 1752 
5 
1157 1160 1749 1750 1752 
3 
1749 1750 1751 
4 
1425 1754 1755 1756 
7 
665 668 1425 1426 1753 1755 1756 
8 
668 1425 1426 1427 1428 1753 1754 1756 
5 
1425 1428 1753 1754 1755 
3 
1758 1759 1760 
3 
1757 1759 1760 
3 
1757 1758 1760 
3 
1757 1758 1759 
5 
193 196 1762 1763 1764 
7 
193 194 195 196 1761 1763 1764 
6 
195 196 1502 1761 1762 1764 
6 
196 1501 1502 1761 1762 1763 
9 
886 887 936 1109 1766 1767 1768 1866 1867 
7 
935 936 1109 1110 1765 1767 1768 
12 
161 430 973 974 1109 1110 1111 1112 1642 1765 1766 1768 
12 
429 430 887 973 1109 1112 1641 1642 1765 1766 1767 1867 
5 
1521 1524 1770 1771 1772 
8 
769 1521 1522 1523 1524 1769 1771 1772 
7 
769 772 1523 1524 1769 1770 1772 
4 
1524 1769 1770 1771 
5 
421 422 1774 1775 1776 
4 
422 1773 1775 1776 
5 
422 423 1773 1774 1776 
7 
421 422 423 424 1773 1774 1775 
5 
305 1675 1778 1779 1780 
5 
305 306 1777 1779 1780 
7 
305 306 307 308 1777 1778 1780 
5 
305 308 1777 1778 1779 
7 
1140 1173 1174 1782 1783 1784 1955 
6 
1139 1140 1174 1781 1783 1784 
5 
1174 1175 1781 1782 1784 
8 
194 1173 1174 1175 1176 1781 1782 1783 
3 
1786 1787 1788 
3 
1785 1787 1788 
3 
1785 1786 1788 
3 
1785 1786 1787 
10 
246 818 819 901 902 903 904 1790 1791 1792 
5 
902 903 1789 1791 1792 
4 
903 1789 1790 1792 
8 
246 247 819 903 904 1789 1790 1791 
7 
165 166 1373 1376 1794 1795 1796 
8 
166 1373 1374 1375 1376 1793 1795 1796 
11 
167 237 238 1375 1376 1449 1450 1793 1794 1796 1914 
10 
167 168 237 1376 1449 1793 1794 1795 1913 1914 
10 
1261 1573 1574 1601 1602 1603 1604 1798 1799 1800 
10 
481 484 1261 1262 1574 1602 1603 1797 1799 1800 
12 
281 484 1261 1262 1263 1264 1574 1575 1603 1797 1798 1800 
11 
1261 1264 1573 1574 1575 1576 1603 1604 1797 1798 1799 
4 
1159 1802 1803 1804 
3 
1801 1803 1804 
3 
1801 1802 1804 
3 
1801 1802 1803 
6 
418 644 1357 1806 1807 1808 
7 
643 644 1357 1358 1805 1807 1808 
7 
1357 1358 1359 1360 1805 1806 1808 
7 
419 982 1357 1360 1805 1806 1807 
9 
1215 1216 1810 1811 1812 1993 1994 1995 1996 
6 
1215 1809 1811 1812 1994 1995 
4 
1809 1810 1812 1995 
5 
1809 1810 1811 1995 1996 
3 
1814 1815 1816 
3 
1813 1815 1816 
3 
1813 1814 1816 
3 
1813 1814 1815 
3 
1818 1819 1820 
3 
1817 1819 1820 
3 
1817 1818 1820 
3 
1817 1818 1819 
3 
1822 1823 1824 
5 
1457 1489 1821 1823 1824 
7 
1457 1460 1489 1492 1821 1822 1824 
3 
1821 1822 1823 
3 
1826 1827 1828 
3 
1825 1827 1828 
3 
1825 1826 1828 
3 
1825 1826 1827 
3 
1830 1831 1832 
3 
1829 1831 1832 
3 
1829 1830 1832 
3 
1829 1830 1831 
7 
399 531 1834 1835 1836 1919 1920 
4 
1833 1835 1836 1919 
4 
1293 1833 1834 1836 
3 
1833 1834 1835 
8 
39 539 540 1635 1636 1838 1839 1840 
5 
539 1635 1837 1839 1840 
3 
1837 1838 1840 
3 
1837 1838 1839 
4 
1842 1843 1844 1846 
3 
1841 1843 1844 
4 
185 1841 1842 1844 
5 
1841 1842 1843 1846 1847 
3 
1846 1847 1848 
5 
1841 1844 1845 1847 1848 
5 
586 1844 1845 1846 1848 
5 
585 586 1845 1846 1847 
5 
1057 1241 1850 1851 1852 
8 
772 1057 1058 1241 1242 1849 1851 1852 
11 
1057 1058 1059 1060 1241 1242 1243 1244 1849 1850 1852 
7 
1057 1060 1241 1244 1849 1850 1851 
7 
895 896 927 928 1854 1855 1856 
7 
717 720 895 927 1853 1855 1856 
4 
720 1853 1854 1856 
3 
1853 1854 1855 
3 
1858 1859 1860 
3 
1857 1859 1860 
3 
1857 1858 1860 
3 
1857 1858 1859 
5 
647 711 1862 1863 1864 
4 
160 1861 1863 1864 
3 
1861 1862 1864 
3 
1861 1862 1863 
5 
885 886 1866 1867 1868 
7 
886 936 1109 1765 1865 1867 1868 
13 
429 430 886 887 973 1109 1112 1641 1765 1768 1865 1866 1868 
8 
429 885 886 887 888 1865 1866 1867 
3 
1870 1871 1872 
3 
1869 1871 1872 
3 
1869 1870 1872 
3 
1869 1870 1871 
3 
1874 1875 1876 
3 
1873 1875 1876 
6 
841 842 1873 1874 1876 1906 
6 
841 1873 1874 1875 1905 1906 
3 
1878 1879 1880 
6 
569 617 620 1877 1879 1880 
6 
569 572 620 1877 1878 1880 
3 
1877 1878 1879 
3 
1882 1883 1884 
3 
1881 1883 1884 
4 
525 1881 1882 1884 
3 
1881 1882 1883 
7 
379 684 1281 1282 1886 1887 1888 
6 
683 684 1282 1885 1887 1888 
6 
1141 1282 1283 1885 1886 1888 
7 
1281 1282 1283 1284 1885 1886 1887 
5 
584 1510 1890 1891 1892 
6 
583 584 1737 1889 1891 1892 
4 
1740 1889 1890 1892 
5 
1510 1511 1889 1890 1891 
3 
1894 1895 1896 
3 
1893 1895 1896 
5 
1105 1106 1893 1894 1896 
4 
1105 1893 1894 1895 
3 
1898 1899 1900 
3 
1897 1899 1900 
3 
1897 1898 1900 
3 
1897 1898 1899 
3 
1902 1903 1904 
3 
1901 1903 1904 
3 
1901 1902 1904 
3 
1901 1902 1903 
5 
1876 1906 1907 1908 1949 
10 
693 841 929 1875 1876 1905 1907 1908 1949 1950 
15 
693 696 841 844 909 929 932 1681 1905 1906 1908 1949 1950 1951 1952 
5 
1905 1906 1907 1949 1952 
6 
856 965 968 1910 1911 1912 
9 
855 856 965 966 967 968 1909 1911 1912 
5 
967 968 1909 1910 1912 
4 
968 1909 1910 1911 
8 
167 168 1376 1449 1796 1914 1915 1916 
11 
167 237 1375 1376 1449 1450 1795 1796 1913 1915 1916 
8 
240 1449 1450 1451 1452 1913 1914 1916 
7 
338 890 1449 1452 1913 1914 1915 
6 
397 398 530 1918 1919 1920 
4 
398 1917 1919 1920 
7 
398 399 1833 1834 1917 1918 1920 
10 
397 398 399 400 530 531 1833 1917 1918 1919 
3 
1922 1923 1924 
3 
1921 1923 1924 
3 
1921 1922 1924 
4 
1166 1921 1922 1923 
3 
1926 1927 1928 
3 
1925 1927 1928 
3 
1925 1926 1928 
3 
1925 1926 1927 
3 
1930 1931 1932 
3 
1929 1931 1932 
3 
1929 1930 1932 
4 
1214 1929 1930 1931 
7 
669 670 961 964 1934 1935 1936 
9 
670 961 962 963 964 1933 1935 1936 1988 
7 
670 671 963 964 1933 1934 1936 
8 
669 670 671 672 964 1933 1934 1935 
5 
671 672 1938 1939 1940 
4 
671 1937 1939 1940 
5 
1593 1594 1937 1938 1940 
4 
1593 1937 1938 1939 
3 
1942 1943 1944 
3 
1941 1943 1944 
5 
789 790 1941 1942 1944 
4 
789 1941 1942 1943 
7 
153 156 1446 1447 1946 1947 1948 
8 
153 154 155 156 372 1945 1947 1948 
5 
155 156 1945 1946 1948 
5 
156 1447 1945 1946 1947 
7 
1905 1906 1907 1908 1950 1951 1952 
10 
693 841 844 929 1681 1906 1907 1949 1951 1952 
11 
696 844 909 929 932 1681 1684 1907 1949 1950 1952 
5 
1907 1908 1949 1950 1951 
4 
1000 1954 1955 1956 
5 
999 1137 1953 1955 1956 
8 
1137 1140 1173 1174 1781 1953 1954 1956 
5 
1173 1546 1953 1954 1955 
5 
1247 1248 1958 1959 1960 
4 
1247 1957 1959 1960 
3 
1957 1958 1960 
4 
1530 1957 1958 1959 
5 
713 714 1962 1963 1964 
8 
393 396 714 1185 1188 1961 1963 1964 
7 
396 715 1188 1561 1961 1962 1964 
5 
715 716 1961 1962 1963 
5 
334 335 1966 1967 1968 
3 
1965 1967 1968 
3 
1965 1966 1968 
4 
335 1965 1966 1967 
5 
466 467 1970 1971 1972 
4 
381 1969 1971 1972 
5 
381 384 1969 1970 1972 
4 
467 1969 1970 1971 
7 
1365 1368 1542 1543 1974 1975 1976 
7 
1365 1366 1367 1368 1973 1975 1976 
6 
1346 1367 1368 1973 1974 1976 
7 
1345 1346 1368 1543 1973 1974 1975 
5 
405 406 1978 1979 1980 
4 
406 1977 1979 1980 
7 
406 407 1025 1026 1977 1978 1980 
8 
405 406 407 408 1025 1977 1978 1979 
7 
689 690 1270 1553 1982 1983 1984 
6 
690 1553 1554 1981 1983 1984 
9 
690 691 1553 1554 1555 1556 1981 1982 1984 
10 
689 690 691 692 1271 1553 1556 1981 1982 1983 
5 
962 1071 1986 1987 1988 
3 
1985 1987 1988 
3 
1985 1986 1988 
6 
962 963 1934 1985 1986 1987 
4 
1688 1990 1991 1992 
5 
1687 1688 1989 1991 1992 
3 
1989 1990 1992 
4 
306 1989 1990 1991 
6 
1215 1216 1809 1994 1995 1996 
6 
1215 1809 1810 1993 1995 1996 
7 
1809 1810 1811 1812 1993 1994 1996 
5 
1809 1812 1993 1994 1995 
4 
18 1998 1999 2000 
4 
1232 1997 1999 2000 
3 
1997 1998 2000 
5 
18 19 1997 1998 1999 