
500 
4 
5 
2 3 4 1689 1692 
7 
1 3 4 597 600 1690 1691 
5 
1 2 4 600 1691 
4 
1 2 3 1692 
3 
6 7 8 
5 
5 7 8 685 688 
4 
5 6 8 688 
3 
5 6 7 
4 
10 11 12 1879 
3 
9 11 12 
4 
9 10 12 1630 
5 
9 10 11 1629 1630 
3 
14 15 16 
3 
13 15 16 
3 
13 14 16 
3 
13 14 15 
4 
18 19 20 1255 
3 
17 19 20 
5 
17 18 20 434 874 
7 
17 18 19 433 434 873 874 
3 
22 23 24 
3 
21 23 24 
4 
21 22 24 621 
3 
21 22 23 
4 
26 27 28 1053 
5 
25 27 28 1053 1054 
8 
25 26 28 262 1053 1054 1055 1056 
7 
25 26 27 261 262 1053 1056 
10 
30 31 32 933 934 935 936 981 982 1064 
9 
29 31 32 934 935 982 1063 1064 1144 
6 
29 30 32 935 982 983 
9 
29 30 31 935 936 981 982 983 984 
4 
34 35 36 171 
4 
33 35 36 1041 
6 
33 34 36 1041 1044 1142 
6 
33 34 35 1062 1141 1142 
5 
38 39 40 1900 1956 
7 
37 39 40 1899 1900 1955 1956 
3 
37 38 40 
3 
37 38 39 
8 
42 43 44 277 278 1220 1506 1507 
8 
41 43 44 278 921 924 1219 1220 
5 
41 42 44 279 924 
7 
41 42 43 279 280 1507 1578 
3 
46 47 48 
4 
45 47 48 1864 
5 
45 46 48 221 222 
4 
45 46 47 221 
5 
50 51 52 1205 1208 
7 
49 51 52 1205 1206 1207 1208 
5 
49 50 52 1207 1208 
5 
49 50 51 1208 1806 
5 
54 55 56 493 1870 
6 
53 55 56 493 494 516 
7 
53 54 56 493 494 495 496 
7 
53 54 55 493 496 1870 1871 
6 
58 59 60 1261 1262 1408 
8 
57 59 60 1262 1272 1288 1407 1408 
5 
57 58 60 1262 1263 
7 
57 58 59 1261 1262 1263 1264 
3 
62 63 64 
3 
61 63 64 
3 
61 62 64 
3 
61 62 63 
3 
66 67 68 
3 
65 67 68 
3 
65 66 68 
3 
65 66 67 
7 
70 71 72 518 519 1889 1890 
4 
69 71 72 1890 
5 
69 70 72 1890 1891 
8 
69 70 71 519 1889 1890 1891 1892 
3 
74 75 76 
3 
73 75 76 
3 
73 74 76 
3 
73 74 75 
5 
78 79 80 1833 1836 
9 
77 79 80 568 628 1833 1834 1835 1836 
6 
77 78 80 522 1835 1836 
6 
77 78 79 521 522 1836 
5 
82 83 84 1675 1676 
4 
81 83 84 1675 
4 
81 82 84 1034 
5 
81 82 83 1033 1034 
3 
86 87 88 
4 
85 87 88 817 
7 
85 86 88 249 421 817 820 
3 
85 86 87 
6 
90 91 92 1059 1138 1139 
4 
89 91 92 641 
8 
89 90 92 474 641 644 1537 1538 
7 
89 90 91 473 474 1139 1537 
3 
94 95 96 
3 
93 95 96 
3 
93 94 96 
3 
93 94 95 
6 
98 99 100 1082 1083 1122 
5 
97 99 100 1693 1696 
4 
97 98 100 1696 
6 
97 98 99 1083 1122 1123 
6 
102 103 104 295 1651 1652 
4 
101 103 104 1651 
3 
101 102 104 
3 
101 102 103 
4 
106 107 108 888 
5 
105 107 108 887 888 
5 
105 106 108 918 1974 
8 
105 106 107 917 918 1026 1973 1974 
5 
110 111 112 902 1542 
7 
109 111 112 269 272 1829 1832 
5 
109 110 112 272 1832 
7 
109 110 111 902 903 1542 1543 
4 
114 115 116 226 
5 
113 115 116 169 172 
5 
113 114 116 172 1061 
4 
113 114 115 227 
6 
118 119 120 1129 1666 1667 
7 
117 119 120 317 320 1129 1130 
8 
117 118 120 320 1129 1130 1131 1132 
6 
117 118 119 1129 1132 1667 
7 
122 123 124 561 562 1299 1300 
7 
121 123 124 562 1299 1357 1360 
7 
121 122 124 562 563 753 1360 
8 
121 122 123 561 562 563 564 1334 
6 
126 127 128 1278 1279 1523 
3 
125 127 128 
3 
125 126 128 
4 
125 126 127 1279 
10 
130 131 132 744 769 770 771 772 797 800 
14 
129 131 132 365 368 743 744 770 771 797 798 799 800 1076 
7 
129 130 132 368 771 799 800 
6 
129 130 131 771 772 800 
5 
134 135 136 390 391 
3 
133 135 136 
3 
133 134 136 
4 
133 134 135 391 
7 
138 139 140 1361 1362 1363 1364 
5 
137 139 140 1362 1363 
6 
137 138 140 1363 1633 1634 
6 
137 138 139 1363 1364 1633 
3 
142 143 144 
3 
141 143 144 
5 
141 142 144 1714 1822 
7 
141 142 143 1713 1714 1821 1822 
7 
146 147 148 1397 1398 1399 1400 
5 
145 147 148 1398 1399 
5 
145 146 148 1399 1606 
7 
145 146 147 1399 1400 1605 1606 
3 
150 151 152 
3 
149 151 152 
3 
149 150 152 
3 
149 150 151 
3 
154 155 156 
3 
153 155 156 
3 
153 154 156 
3 
153 154 155 
7 
158 159 160 919 1026 1027 1975 
3 
157 159 160 
3 
157 158 160 
4 
157 158 159 1027 
4 
162 163 164 1712 
5 
161 163 164 1711 1712 
5 
161 162 164 1621 1622 
4 
161 162 163 1621 
4 
166 167 168 544 
5 
165 167 168 543 544 
3 
165 166 168 
3 
165 166 167 
4 
114 170 171 172 
3 
169 171 172 
4 
33 169 170 172 
5 
114 115 169 170 171 
5 
174 175 176 661 664 
7 
173 175 176 661 662 663 664 
5 
173 174 176 663 664 
4 
173 174 175 664 
4 
178 179 180 1428 
6 
177 179 180 1427 1428 1941 
5 
177 178 180 1941 1944 
3 
177 178 179 
8 
182 183 184 1646 1981 1982 1983 1984 
5 
181 183 184 1982 1983 
4 
181 182 184 1983 
7 
181 182 183 1646 1647 1983 1984 
9 
186 187 188 593 594 595 596 1735 1736 
6 
185 187 188 594 595 1735 
4 
185 186 188 595 
5 
185 186 187 595 596 
3 
190 191 192 
4 
189 191 192 616 
3 
189 190 192 
3 
189 190 191 
11 
194 195 196 283 442 443 1078 1351 1352 1813 1816 
9 
193 195 196 1005 1351 1813 1814 1815 1816 
7 
193 194 196 1005 1008 1815 1816 
7 
193 194 195 443 1078 1079 1816 
3 
198 199 200 
3 
197 199 200 
3 
197 198 200 
3 
197 198 199 
6 
202 203 204 406 407 1450 
3 
201 203 204 
3 
201 202 204 
7 
201 202 203 407 1222 1430 1451 
8 
206 207 208 237 238 239 240 1395 
5 
205 207 208 238 239 
4 
205 206 208 239 
5 
205 206 207 239 240 
9 
210 211 212 789 792 841 844 1581 1582 
12 
209 211 212 789 790 791 792 841 842 843 844 1582 
9 
209 210 212 791 792 843 844 1582 1583 
9 
209 210 211 792 844 1581 1582 1583 1584 
9 
214 215 216 822 915 916 1332 1345 1346 
9 
213 215 216 385 388 915 1331 1332 1346 
6 
213 214 216 388 1346 1347 
9 
213 214 215 822 823 1345 1346 1347 1348 
6 
218 219 220 415 416 1552 
7 
217 219 220 415 1389 1551 1552 
6 
217 218 220 558 1389 1392 
5 
217 218 219 557 558 
5 
47 48 222 223 224 
4 
47 221 223 224 
3 
221 222 224 
3 
221 222 223 
3 
226 227 228 
4 
113 225 227 228 
4 
116 225 226 228 
4 
225 226 227 678 
10 
230 231 232 410 1185 1188 1527 1546 1547 1961 
9 
229 231 232 1185 1186 1187 1188 1961 1962 
13 
229 230 232 289 637 1187 1188 1293 1294 1961 1962 1963 1964 
10 
229 230 231 410 411 1188 1293 1547 1961 1964 
6 
234 235 236 252 424 820 
9 
233 235 236 251 252 423 424 819 820 
3 
233 234 236 
3 
233 234 235 
6 
205 238 239 240 1395 1396 
6 
205 206 237 239 240 1395 
7 
205 206 207 208 237 238 240 
5 
205 208 237 238 239 
5 
242 243 244 1291 1292 
4 
241 243 244 1291 
3 
241 242 244 
3 
241 242 243 
7 
246 247 248 993 994 995 996 
6 
245 247 248 994 995 1997 
8 
245 246 248 995 1845 1846 1990 2000 
8 
245 246 247 995 996 1845 1989 1990 
10 
87 250 251 252 421 424 817 818 819 820 
9 
249 251 252 421 422 423 424 818 819 
7 
234 249 250 252 423 424 819 
8 
233 234 249 250 251 424 819 820 
4 
254 255 256 1473 
7 
253 255 256 1253 1256 1473 1474 
8 
253 254 256 1256 1473 1474 1475 1476 
5 
253 254 255 1473 1476 
7 
258 259 260 401 402 403 404 
7 
257 259 260 402 403 553 556 
5 
257 258 260 403 556 
5 
257 258 259 403 404 
4 
28 262 263 264 
7 
27 28 261 263 264 1053 1056 
7 
261 262 264 645 941 942 1056 
4 
261 262 263 941 
6 
266 267 268 1235 1941 1942 
4 
265 267 268 1942 
6 
265 266 268 1726 1942 1943 
8 
265 266 267 1725 1941 1942 1943 1944 
8 
110 270 271 272 877 880 1829 1830 
8 
269 271 272 877 878 879 880 1830 
7 
269 270 272 879 880 1830 1831 
10 
110 111 269 270 271 880 1829 1830 1831 1832 
7 
274 275 276 475 476 1537 1540 
9 
273 275 276 475 644 1537 1538 1539 1540 
5 
273 274 276 1539 1540 
4 
273 274 275 1540 
9 
41 278 279 280 1220 1505 1506 1507 1508 
11 
41 42 277 279 280 921 924 1219 1220 1506 1507 
8 
43 44 277 278 280 924 1507 1578 
8 
44 277 278 279 1507 1508 1577 1578 
6 
282 283 284 1225 1228 1349 
10 
281 283 284 1225 1226 1227 1228 1349 1350 1744 
13 
193 281 282 284 441 442 1227 1228 1349 1350 1351 1352 1813 
7 
281 282 283 441 1228 1349 1352 
3 
286 287 288 
3 
285 287 288 
3 
285 286 288 
3 
285 286 287 
13 
231 290 291 292 637 638 639 640 1293 1294 1295 1296 1963 
7 
289 291 292 638 639 1294 1295 
5 
289 290 292 639 1295 
7 
289 290 291 639 640 1295 1296 
6 
294 295 296 1018 1019 1649 
8 
293 295 296 437 440 1649 1650 1920 
11 
101 293 294 296 440 566 954 1649 1650 1651 1652 
11 
293 294 295 565 566 626 953 954 1019 1649 1652 
3 
298 299 300 
3 
297 299 300 
3 
297 298 300 
4 
297 298 299 1738 
7 
302 303 304 1093 1096 1927 1928 
8 
301 303 304 1093 1094 1095 1096 1927 
5 
301 302 304 1095 1096 
4 
301 302 303 1096 
3 
306 307 308 
5 
305 307 308 1497 1500 
4 
305 306 308 1500 
3 
305 306 307 
3 
310 311 312 
5 
309 311 312 653 656 
4 
309 310 312 656 
3 
309 310 311 
3 
314 315 316 
5 
313 315 316 1281 1284 
6 
313 314 316 945 946 1284 
4 
313 314 315 945 
4 
118 318 319 320 
4 
317 319 320 1432 
4 
317 318 320 1130 
7 
118 119 317 318 319 1129 1130 
4 
322 323 324 1373 
5 
321 323 324 1373 1374 
7 
321 322 324 1373 1374 1375 1376 
6 
321 322 323 342 1373 1376 
5 
326 327 328 1753 1754 
4 
325 327 328 1754 
5 
325 326 328 1754 1755 
7 
325 326 327 1753 1754 1755 1756 
3 
330 331 332 
3 
329 331 332 
3 
329 330 332 
3 
329 330 331 
3 
334 335 336 
5 
333 335 336 1781 1784 
4 
333 334 336 1784 
4 
333 334 335 962 
6 
338 339 340 838 1067 1068 
4 
337 339 340 1067 
3 
337 338 340 
5 
337 338 339 838 839 
3 
342 343 344 
5 
324 341 343 344 1376 
3 
341 342 344 
3 
341 342 343 
6 
346 347 348 1847 1848 1991 
7 
345 347 348 893 896 1164 1847 
5 
345 346 348 896 1793 
3 
345 346 347 
3 
350 351 352 
3 
349 351 352 
5 
349 350 352 489 490 
4 
349 350 351 489 
6 
354 355 356 523 524 1145 
6 
353 355 356 523 1145 1146 
8 
353 354 356 1145 1146 1147 1148 1885 
5 
353 354 355 1145 1148 
7 
358 359 360 1705 1706 1707 1708 
5 
357 359 360 1706 1707 
6 
357 358 360 1707 1773 1774 
6 
357 358 359 1707 1708 1773 
4 
362 363 364 454 
5 
361 363 364 1361 1364 
5 
361 362 364 1364 1478 
7 
361 362 363 454 455 1477 1478 
15 
130 366 367 368 481 484 742 743 797 798 1073 1074 1075 1076 1788 
14 
365 367 368 481 482 483 484 573 576 798 1074 1075 1787 1788 
9 
365 366 368 483 484 576 798 799 1075 
13 
130 131 365 366 367 484 743 797 798 799 800 1075 1076 
5 
370 371 372 705 708 
7 
369 371 372 705 706 707 708 
5 
369 370 372 707 708 
6 
369 370 371 658 708 830 
7 
374 375 376 609 610 1757 1760 
8 
373 375 376 610 1757 1758 1759 1760 
7 
373 374 376 610 611 1759 1760 
8 
373 374 375 609 610 611 612 1760 
4 
378 379 380 891 
3 
377 379 380 
3 
377 378 380 
3 
377 378 379 
4 
382 383 384 1857 
5 
381 383 384 1857 1858 
7 
381 382 384 1857 1858 1859 1860 
6 
381 382 383 1742 1857 1860 
6 
214 386 387 388 1330 1331 
5 
385 387 388 1084 1121 
5 
385 386 388 1121 1124 
6 
214 215 385 386 387 1331 
8 
390 391 392 951 975 1022 1023 1894 
4 
133 389 391 392 
5 
133 136 389 390 392 
6 
389 390 391 1023 1894 1895 
4 
394 395 396 1119 
3 
393 395 396 
3 
393 394 396 
3 
393 394 395 
3 
398 399 400 
3 
397 399 400 
3 
397 398 400 
3 
397 398 399 
4 
257 402 403 404 
7 
257 258 401 403 404 553 556 
8 
257 258 259 260 401 402 404 556 
5 
257 260 401 402 403 
8 
406 407 408 622 623 1449 1751 1752 
7 
201 405 407 408 1449 1450 1751 
12 
201 204 405 406 408 538 1221 1222 1449 1450 1451 1452 
9 
405 406 407 537 538 623 1221 1449 1452 
4 
410 411 412 1548 
10 
229 232 409 411 412 1188 1547 1548 1961 1964 
5 
232 409 410 412 1964 
3 
409 410 411 
8 
414 415 416 1533 1534 1535 1536 1549 
7 
413 415 416 1534 1535 1549 1550 
11 
217 218 413 414 416 1389 1535 1549 1550 1551 1552 
8 
217 413 414 415 1535 1536 1549 1552 
7 
418 419 420 1381 1384 1739 1740 
8 
417 419 420 1381 1382 1383 1384 1739 
5 
417 418 420 1383 1384 
4 
417 418 419 1384 
10 
87 249 250 422 423 424 817 818 819 820 
6 
250 421 423 424 818 819 
7 
234 250 251 421 422 424 819 
11 
233 234 249 250 251 252 421 422 423 819 820 
3 
426 427 428 
3 
425 427 428 
5 
425 426 428 501 549 
3 
425 426 427 
3 
430 431 432 
3 
429 431 432 
5 
429 430 432 701 702 
4 
429 430 431 701 
7 
20 434 435 436 873 874 1475 
6 
19 20 433 435 436 874 
5 
433 434 436 874 875 
7 
433 434 435 873 874 875 876 
7 
294 438 439 440 1649 1650 1920 
6 
437 439 440 1650 1919 1920 
5 
437 438 440 1650 1651 
11 
294 295 437 438 439 566 954 1649 1650 1651 1652 
8 
283 284 442 443 444 1228 1349 1352 
12 
193 283 441 443 444 1227 1228 1349 1350 1351 1352 1813 
11 
193 196 441 442 444 1077 1078 1351 1352 1813 1816 
5 
441 442 443 1077 1352 
4 
446 447 448 1959 
5 
445 447 448 833 836 
4 
445 446 448 836 
3 
445 446 447 
3 
450 451 452 
4 
449 451 452 989 
6 
449 450 452 989 992 1250 
5 
449 450 451 1249 1250 
6 
454 455 456 795 1637 1638 
7 
361 364 453 455 456 1477 1638 
8 
364 453 454 456 1477 1480 1638 1639 
7 
453 454 455 1637 1638 1639 1640 
4 
458 459 460 1464 
5 
457 459 460 1463 1464 
3 
457 458 460 
3 
457 458 459 
3 
462 463 464 
3 
461 463 464 
5 
461 462 464 534 774 
7 
461 462 463 533 534 773 774 
6 
466 467 468 605 897 900 
8 
465 467 468 605 606 898 899 1052 
8 
465 466 468 605 606 607 608 899 
6 
465 466 467 605 608 900 
8 
470 471 472 665 666 667 668 1810 
5 
469 471 472 666 667 
4 
469 470 472 667 
7 
469 470 471 667 668 1810 1811 
7 
92 474 475 476 1139 1438 1537 
9 
91 92 473 475 476 641 644 1537 1538 
10 
273 274 473 474 476 644 1537 1538 1539 1540 
9 
273 473 474 475 1438 1439 1530 1537 1540 
3 
478 479 480 
4 
477 479 480 1705 
5 
477 478 480 1705 1708 
3 
477 478 479 
14 
365 366 482 483 484 499 742 743 1073 1074 1075 1076 1785 1788 
11 
366 481 483 484 573 1074 1075 1785 1786 1787 1788 
10 
366 367 481 482 484 573 576 1075 1787 1788 
12 
365 366 367 368 481 482 483 743 798 1075 1076 1788 
4 
486 487 488 871 
6 
485 487 488 697 1385 1388 
9 
485 486 488 530 697 700 1388 1733 1734 
6 
485 486 487 529 530 1733 
5 
351 352 490 491 492 
4 
351 489 491 492 
3 
489 490 492 
3 
489 490 491 
9 
53 54 55 56 494 495 496 1870 1871 
6 
54 55 493 495 496 516 
4 
55 493 494 496 
6 
55 56 493 494 495 1871 
5 
498 499 500 1134 1135 
3 
497 499 500 
8 
481 497 498 500 742 1073 1074 1785 
7 
497 498 499 741 742 1073 1135 
5 
427 502 503 504 549 
5 
501 503 504 549 550 
8 
501 502 504 551 552 917 1025 1973 
4 
501 502 503 552 
4 
506 507 508 569 
8 
505 507 508 569 570 1461 1613 1616 
10 
505 506 508 569 570 571 572 1461 1464 1616 
5 
505 506 507 569 572 
4 
510 511 512 937 
5 
509 511 512 937 938 
7 
509 510 512 937 938 939 940 
5 
509 510 511 937 940 
5 
514 515 516 1479 1480 
4 
513 515 516 1479 
3 
513 514 516 
5 
54 494 513 514 515 
3 
518 519 520 
4 
69 517 519 520 
7 
69 72 517 518 520 1889 1890 
4 
517 518 519 1889 
4 
80 522 523 524 
5 
79 80 521 523 524 
7 
353 354 521 522 524 1145 1146 
5 
353 521 522 523 1145 
4 
526 527 528 1143 
3 
525 527 528 
3 
525 526 528 
3 
525 526 527 
4 
488 530 531 532 
8 
487 488 529 531 532 700 1388 1733 
6 
529 530 532 593 1733 1736 
3 
529 530 531 
6 
464 534 535 536 773 774 
6 
463 464 533 535 536 774 
5 
533 534 536 774 775 
8 
533 534 535 773 774 775 776 1202 
5 
408 538 539 540 1221 
9 
407 408 537 539 540 1221 1222 1449 1452 
10 
537 538 540 749 1221 1222 1223 1224 1429 1452 
5 
537 538 539 1221 1224 
3 
542 543 544 
4 
541 543 544 932 
4 
166 541 542 544 
5 
165 166 541 542 543 
5 
546 547 548 1465 1466 
4 
545 547 548 1466 
7 
545 546 548 1169 1170 1466 1467 
8 
545 546 547 1169 1465 1466 1467 1468 
6 
427 501 502 550 551 552 
4 
502 549 551 552 
7 
503 549 550 552 917 1025 1973 
5 
503 504 549 550 551 
9 
258 402 554 555 556 1324 1413 1875 1876 
9 
553 555 556 813 1323 1324 1413 1414 1875 
6 
553 554 556 816 1415 1416 
8 
258 259 402 403 553 554 555 1416 
4 
220 558 559 560 
6 
219 220 557 559 560 1392 
4 
557 558 560 1409 
3 
557 558 559 
8 
121 124 562 563 564 1299 1300 1590 
10 
121 122 123 124 561 563 564 1299 1357 1360 
7 
123 124 561 562 564 1334 1360 
8 
124 561 562 563 1333 1334 1590 1591 
10 
296 566 567 568 625 626 735 953 956 1019 
12 
295 296 440 565 567 568 626 953 954 955 956 1652 
6 
565 566 568 627 955 956 
8 
78 565 566 567 627 628 956 1834 
7 
505 506 507 508 570 571 572 
7 
506 507 569 571 572 1461 1616 
6 
507 569 570 572 1461 1464 
5 
507 508 569 570 571 
10 
366 482 483 574 575 576 1785 1786 1787 1788 
6 
573 575 576 1786 1787 1868 
6 
573 574 576 1517 1518 1787 
9 
366 367 483 573 574 575 1517 1787 1788 
3 
578 579 580 
6 
577 579 580 805 808 1852 
5 
577 578 580 808 1558 
5 
577 578 579 1557 1558 
4 
582 583 584 1410 
3 
581 583 584 
3 
581 582 584 
5 
581 582 583 1410 1411 
3 
586 587 588 
3 
585 587 588 
4 
585 586 588 1173 
3 
585 586 587 
5 
590 591 592 962 963 
5 
589 591 592 1825 1828 
4 
589 590 592 1828 
4 
589 590 591 963 
7 
185 531 594 595 596 1735 1736 
6 
185 186 593 595 596 1735 
7 
185 186 187 188 593 594 596 
5 
185 188 593 594 595 
5 
2 598 599 600 1690 
6 
597 599 600 1333 1589 1592 
6 
597 598 600 1333 1336 1592 
7 
2 3 597 598 599 1690 1691 
4 
602 603 604 1211 
4 
601 603 604 1673 
5 
601 602 604 1673 1676 
3 
601 602 603 
9 
465 466 467 468 606 607 608 899 900 
6 
466 467 605 607 608 899 
6 
467 605 606 608 1297 1298 
6 
467 468 605 606 607 1297 
5 
373 376 610 611 612 
9 
373 374 375 376 609 611 612 1757 1760 
6 
375 376 609 610 612 1760 
4 
376 609 610 611 
3 
614 615 616 
4 
613 615 616 1732 
3 
613 614 616 
4 
190 613 614 615 
3 
618 619 620 
5 
617 619 620 701 704 
4 
617 618 620 704 
3 
617 618 619 
4 
23 622 623 624 
6 
405 621 623 624 1749 1752 
6 
405 408 621 622 624 1752 
3 
621 622 623 
9 
565 626 627 628 735 953 956 1019 1020 
11 
296 565 566 625 627 628 953 954 955 956 1019 
8 
567 568 625 626 628 955 956 1834 
8 
78 568 625 626 627 956 1833 1834 
4 
630 631 632 1274 
4 
629 631 632 1309 
6 
629 630 632 1309 1312 1554 
7 
629 630 631 1274 1275 1553 1554 
4 
634 635 636 1884 
5 
633 635 636 1883 1884 
3 
633 634 636 
3 
633 634 635 
10 
231 289 638 639 640 1187 1293 1294 1962 1963 
6 
289 290 637 639 640 1294 
9 
289 290 291 292 637 638 640 1294 1295 
10 
289 292 637 638 639 1293 1294 1295 1296 1963 
8 
90 91 474 642 643 644 1537 1538 
4 
641 643 644 1538 
5 
641 642 644 1538 1539 
11 
91 274 474 475 641 642 643 1537 1538 1539 1540 
5 
263 646 647 648 942 
4 
645 647 648 757 
5 
645 646 648 757 760 
5 
645 646 647 942 943 
9 
650 651 652 813 814 815 816 1414 1415 
5 
649 651 652 814 815 
7 
649 650 652 815 1317 1318 1686 
9 
649 650 651 815 816 1317 1415 1685 1686 
5 
310 654 655 656 1993 
5 
653 655 656 1993 1994 
9 
653 654 656 1125 1126 1993 1994 1995 1996 
8 
310 311 653 654 655 1125 1993 1996 
4 
658 659 660 829 
6 
372 657 659 660 829 830 
7 
657 658 660 829 830 831 832 
5 
657 658 659 829 832 
6 
173 174 662 663 664 1948 
6 
174 661 663 664 1947 1948 
5 
174 175 661 662 664 
7 
173 174 175 176 661 662 663 
7 
469 666 667 668 1810 1839 1840 
6 
469 470 665 667 668 1839 
7 
469 470 471 472 665 666 668 
7 
469 472 665 666 667 1810 1811 
3 
670 671 672 
3 
669 671 672 
3 
669 670 672 
3 
669 670 671 
8 
674 675 676 739 740 1670 1671 1960 
6 
673 675 676 739 1959 1960 
4 
673 674 676 1354 
6 
673 674 675 1353 1354 1671 
3 
678 679 680 
4 
228 677 679 680 
3 
677 678 680 
3 
677 678 679 
4 
682 683 684 725 
5 
681 683 684 725 726 
7 
681 682 684 725 726 727 728 
5 
681 682 683 725 728 
6 
6 686 687 688 1513 1516 
7 
685 687 688 1513 1514 1515 1516 
5 
685 686 688 1515 1516 
6 
6 7 685 686 687 1516 
5 
690 691 692 1347 1348 
4 
689 691 692 1347 
3 
689 690 692 
3 
689 690 691 
5 
694 695 696 1905 1906 
4 
693 695 696 1906 
5 
693 694 696 1906 1907 
7 
693 694 695 1905 1906 1907 1908 
9 
486 487 698 699 700 1385 1386 1387 1388 
5 
697 699 700 1386 1387 
5 
697 698 700 1387 1734 
9 
487 530 697 698 699 1387 1388 1733 1734 
6 
431 432 618 702 703 704 
4 
431 701 703 704 
3 
701 702 704 
5 
618 619 701 702 703 
5 
369 370 706 707 708 
4 
370 705 707 708 
5 
370 371 705 706 708 
7 
369 370 371 372 705 706 707 
4 
710 711 712 1094 
5 
709 711 712 1212 1921 
5 
709 710 712 1921 1924 
5 
709 710 711 1094 1095 
5 
714 715 716 1977 1978 
7 
713 715 716 977 980 1913 1978 
9 
713 714 716 980 1058 1913 1916 1978 1979 
9 
713 714 715 1057 1058 1977 1978 1979 1980 
3 
718 719 720 
3 
717 719 720 
5 
717 718 720 1453 1454 
4 
717 718 719 1453 
3 
722 723 724 
3 
721 723 724 
3 
721 722 724 
3 
721 722 723 
7 
681 682 683 684 726 727 728 
5 
682 683 725 727 728 
5 
683 725 726 728 1010 
7 
683 684 725 726 727 1009 1010 
3 
730 731 732 
3 
729 731 732 
3 
729 730 732 
3 
729 730 731 
7 
734 735 736 1017 1020 1434 1435 
7 
733 735 736 1017 1018 1019 1020 
7 
565 625 733 734 736 1019 1020 
5 
733 734 735 1020 1435 
3 
738 739 740 
4 
737 739 740 1957 
6 
673 674 737 738 740 1960 
5 
673 737 738 739 1670 
4 
500 742 743 744 
9 
365 481 499 500 741 743 744 1073 1076 
12 
130 365 368 481 484 741 742 744 770 797 798 1076 
8 
129 130 741 742 743 769 770 797 
3 
746 747 748 
4 
745 747 748 905 
5 
745 746 748 905 908 
3 
745 746 747 
10 
539 750 751 752 1223 1224 1429 1430 1431 1432 
6 
749 751 752 1223 1430 1431 
4 
749 750 752 1431 
5 
749 750 751 1431 1432 
6 
123 754 755 756 1040 1105 
7 
753 755 756 1039 1040 1105 1106 
7 
753 754 756 1105 1106 1107 1108 
5 
753 754 755 1105 1108 
8 
646 647 758 759 760 1069 1072 1488 
9 
757 759 760 1069 1070 1071 1072 1487 1488 
6 
757 758 760 1071 1072 1421 
5 
647 757 758 759 1072 
3 
762 763 764 
3 
761 763 764 
3 
761 762 764 
3 
761 762 763 
3 
766 767 768 
3 
765 767 768 
3 
765 766 768 
3 
765 766 767 
5 
129 744 770 771 772 
10 
129 130 743 744 769 771 772 797 800 1076 
8 
129 130 131 132 769 770 772 800 
5 
129 132 769 770 771 
8 
464 533 536 774 775 776 1201 1202 
10 
463 464 533 534 535 536 773 775 776 1202 
8 
535 536 773 774 776 1202 1203 1641 
8 
536 773 774 775 1201 1202 1203 1204 
7 
778 779 780 849 852 1593 1596 
11 
777 779 780 849 850 851 852 1593 1594 1595 1596 
10 
777 778 780 851 852 1282 1595 1596 1721 1722 
8 
777 778 779 852 1281 1282 1596 1721 
3 
782 783 784 
3 
781 783 784 
3 
781 782 784 
4 
781 782 783 1750 
5 
786 787 788 1203 1204 
4 
785 787 788 1203 
3 
785 786 788 
3 
785 786 787 
10 
209 210 790 791 792 841 842 843 844 1582 
6 
210 789 791 792 842 843 
6 
210 211 789 790 792 843 
11 
209 210 211 212 789 790 791 843 844 1582 1583 
3 
794 795 796 
3 
793 795 796 
4 
453 793 794 796 
3 
793 794 795 
11 
129 130 365 368 743 744 770 798 799 800 1076 
13 
130 365 366 367 368 484 743 797 799 800 1075 1076 1788 
7 
130 131 367 368 797 798 800 
10 
129 130 131 132 368 770 771 797 798 799 
4 
802 803 804 832 
5 
801 803 804 831 832 
4 
801 802 804 1746 
5 
801 802 803 1745 1746 
6 
578 806 807 808 1851 1852 
4 
805 807 808 1851 
3 
805 806 808 
5 
578 579 805 806 807 
5 
810 811 812 1903 1904 
4 
809 811 812 1903 
3 
809 810 812 
3 
809 810 811 
9 
554 649 814 815 816 1323 1324 1413 1414 
7 
649 650 813 815 816 1323 1414 
8 
649 650 651 652 813 814 816 1415 
8 
555 649 652 813 814 815 1415 1416 
8 
86 87 249 421 818 819 820 1856 
10 
249 250 421 422 817 819 820 1380 1855 1856 
12 
234 249 250 251 252 421 422 423 424 817 818 820 
10 
87 233 234 249 252 421 424 817 818 819 
4 
822 823 824 1587 
8 
213 216 821 823 824 1332 1345 1348 
5 
216 821 822 824 1348 
3 
821 822 823 
4 
826 827 828 1377 
5 
825 827 828 1377 1378 
8 
825 826 828 1377 1378 1379 1380 1854 
7 
825 826 827 1377 1380 1853 1854 
7 
657 658 659 660 830 831 832 
6 
372 658 659 829 831 832 
5 
659 802 829 830 832 
7 
659 660 801 802 829 830 831 
5 
446 834 835 836 1411 
4 
833 835 836 1085 
5 
833 834 836 1085 1088 
5 
446 447 833 834 835 
3 
838 839 840 
5 
337 340 837 839 840 
5 
340 837 838 840 1502 
5 
837 838 839 1501 1502 
6 
209 210 789 842 843 844 
6 
210 789 790 841 843 844 
10 
210 211 789 790 791 792 841 842 844 1582 
11 
209 210 211 212 789 792 841 842 843 1581 1582 
4 
846 847 848 1835 
3 
845 847 848 
5 
845 846 848 1417 1418 
4 
845 846 847 1417 
6 
777 778 850 851 852 1593 
6 
778 849 851 852 1593 1594 
10 
778 779 849 850 852 1593 1594 1595 1596 1722 
11 
777 778 779 780 849 850 851 1593 1596 1721 1722 
3 
854 855 856 
4 
853 855 856 1560 
3 
853 854 856 
3 
853 854 855 
3 
858 859 860 
3 
857 859 860 
4 
857 858 860 977 
3 
857 858 859 
4 
862 863 864 1442 
3 
861 863 864 
4 
861 862 864 913 
5 
861 862 863 1442 1443 
5 
866 867 868 1353 1356 
7 
865 867 868 1353 1354 1355 1356 
7 
865 866 868 1355 1356 1513 1514 
5 
865 866 867 1356 1513 
5 
870 871 872 1047 1214 
3 
869 871 872 
4 
485 869 870 872 
4 
869 870 871 1215 
7 
20 433 436 874 875 876 1475 
9 
19 20 433 434 435 436 873 875 876 
5 
435 436 873 874 876 
4 
436 873 874 875 
6 
269 270 878 879 880 1830 
4 
270 877 879 880 
5 
270 271 877 878 880 
9 
269 270 271 272 877 878 879 1830 1831 
4 
882 883 884 1111 
3 
881 883 884 
4 
881 882 884 1618 
5 
881 882 883 1617 1618 
9 
886 887 888 1447 1448 1493 1494 1495 1496 
6 
885 887 888 1447 1494 1495 
5 
106 885 886 888 1495 
7 
105 106 885 886 887 1495 1496 
3 
890 891 892 
4 
889 891 892 1372 
4 
377 889 890 892 
3 
889 890 891 
7 
346 894 895 896 1161 1164 1847 
9 
893 895 896 1161 1162 1163 1164 1313 1316 
6 
893 894 896 1163 1164 1316 
6 
346 347 893 894 895 1164 
4 
465 898 899 900 
6 
466 897 899 900 1049 1052 
8 
466 467 605 606 897 898 900 1052 
6 
465 468 605 897 898 899 
4 
902 903 904 1541 
7 
109 112 901 903 904 1541 1542 
8 
112 901 902 904 1541 1542 1543 1544 
5 
901 902 903 1541 1544 
6 
746 747 906 907 908 1248 
5 
905 907 908 1247 1248 
4 
905 906 908 1934 
6 
747 905 906 907 1933 1934 
3 
910 911 912 
3 
909 911 912 
4 
909 910 912 1602 
5 
909 910 911 1601 1602 
5 
863 914 915 916 1329 
5 
913 915 916 1329 1330 
9 
213 214 913 914 916 1329 1330 1331 1332 
6 
213 913 914 915 1329 1332 
10 
108 503 551 918 919 920 1025 1026 1973 1974 
7 
107 108 917 919 920 1026 1974 
8 
157 917 918 920 1026 1027 1974 1975 
11 
917 918 919 1025 1026 1027 1028 1973 1974 1975 1976 
7 
42 278 922 923 924 1219 1220 
4 
921 923 924 1219 
3 
921 922 924 
7 
42 43 278 279 921 922 923 
3 
926 927 928 
3 
925 927 928 
3 
925 926 928 
3 
925 926 927 
3 
930 931 932 
4 
929 931 932 1028 
3 
929 930 932 
4 
542 929 930 931 
4 
29 934 935 936 
6 
29 30 933 935 936 1064 
8 
29 30 31 32 933 934 936 982 
6 
29 32 933 934 935 981 
7 
509 510 511 512 938 939 940 
5 
510 511 937 939 940 
5 
511 937 938 940 1706 
7 
511 512 937 938 939 1705 1706 
5 
263 264 942 943 944 
6 
263 645 648 941 943 944 
4 
648 941 942 944 
3 
941 942 943 
5 
315 316 946 947 948 
4 
315 945 947 948 
4 
945 946 948 1393 
3 
945 946 947 
8 
950 951 952 973 974 975 976 1455 
5 
949 951 952 974 975 
7 
389 949 950 952 975 1021 1022 
6 
949 950 951 975 976 1021 
9 
296 565 566 625 626 954 955 956 1019 
9 
295 296 440 566 626 953 955 956 1652 
7 
566 567 626 627 953 954 956 
12 
565 566 567 568 625 626 627 628 953 954 955 1834 
5 
958 959 960 1259 1260 
5 
957 959 960 1259 1273 
6 
957 958 960 1273 1276 1553 
3 
957 958 959 
3 
962 963 964 
5 
336 589 961 963 964 
5 
589 592 961 962 964 
3 
961 962 963 
3 
966 967 968 
3 
965 967 968 
4 
965 966 968 1653 
3 
965 966 967 
4 
970 971 972 1153 
5 
969 971 972 1153 1154 
7 
969 970 972 1153 1154 1155 1156 
5 
969 970 971 1153 1156 
5 
949 974 975 976 1455 
5 
949 950 973 975 976 
10 
389 949 950 951 952 973 974 976 1021 1022 
6 
949 952 973 974 975 1021 
6 
714 859 978 979 980 1913 
6 
977 979 980 1913 1914 1965 
9 
977 978 980 1913 1914 1915 1916 1965 1968 
7 
714 715 977 978 979 1913 1916 
6 
29 32 936 982 983 984 
8 
29 30 31 32 935 981 983 984 
5 
31 32 981 982 984 
4 
32 981 982 983 
8 
986 987 988 1725 1726 1727 1728 1943 
5 
985 987 988 1726 1727 
4 
985 986 988 1727 
5 
985 986 987 1727 1728 
5 
450 451 990 991 992 
3 
989 991 992 
3 
989 990 992 
4 
451 989 990 991 
4 
245 994 995 996 
5 
245 246 993 995 996 
7 
245 246 247 248 993 994 996 
5 
245 248 993 994 995 
4 
998 999 1000 1148 
6 
997 999 1000 1147 1148 1233 
7 
997 998 1000 1233 1236 1425 1426 
4 
997 998 999 1425 
3 
1002 1003 1004 
3 
1001 1003 1004 
3 
1001 1002 1004 
3 
1001 1002 1003 
9 
194 195 1006 1007 1008 1181 1184 1814 1815 
7 
1005 1007 1008 1181 1182 1183 1184 
6 
1005 1006 1008 1183 1184 1817 
6 
195 1005 1006 1007 1184 1815 
4 
728 1010 1011 1012 
5 
727 728 1009 1011 1012 
3 
1009 1010 1012 
3 
1009 1010 1011 
5 
1014 1015 1016 1790 1791 
3 
1013 1015 1016 
3 
1013 1014 1016 
4 
1013 1014 1015 1791 
7 
733 734 1018 1019 1020 1434 1435 
5 
293 734 1017 1019 1020 
11 
293 296 565 625 626 734 735 953 1017 1018 1020 
9 
625 733 734 735 736 1017 1018 1019 1435 
7 
951 952 975 976 1022 1023 1024 
6 
389 951 975 1021 1023 1024 
6 
389 392 1021 1022 1024 1894 
5 
1021 1022 1023 1893 1894 
9 
503 551 917 920 1026 1027 1028 1973 1976 
13 
108 157 917 918 919 920 1025 1027 1028 1973 1974 1975 1976 
9 
157 160 919 920 1025 1026 1028 1975 1976 
6 
920 930 1025 1026 1027 1976 
4 
1030 1031 1032 1620 
5 
1029 1031 1032 1619 1620 
3 
1029 1030 1032 
3 
1029 1030 1031 
4 
84 1034 1035 1036 
5 
83 84 1033 1035 1036 
3 
1033 1034 1036 
4 
1033 1034 1035 1730 
7 
1038 1039 1040 1357 1358 1359 1360 
5 
1037 1039 1040 1358 1359 
6 
754 1037 1038 1040 1106 1359 
8 
753 754 1037 1038 1039 1105 1359 1360 
5 
34 35 1042 1043 1044 
3 
1041 1043 1044 
3 
1041 1042 1044 
5 
35 1041 1042 1043 1142 
5 
1046 1047 1048 1609 1610 
4 
1045 1047 1048 1610 
8 
869 1045 1046 1048 1213 1214 1610 1611 
8 
1045 1046 1047 1213 1609 1610 1611 1612 
4 
898 1050 1051 1052 
3 
1049 1051 1052 
3 
1049 1050 1052 
6 
466 898 899 1049 1050 1051 
8 
25 26 27 28 262 1054 1055 1056 
5 
26 27 1053 1055 1056 
4 
27 1053 1054 1056 
7 
27 28 262 263 1053 1054 1055 
8 
716 1058 1059 1060 1137 1138 1979 1980 
7 
715 716 1057 1059 1060 1138 1979 
6 
89 1057 1058 1060 1138 1139 
7 
1057 1058 1059 1137 1138 1139 1140 
5 
115 1062 1063 1064 1141 
6 
36 1061 1063 1064 1141 1142 
8 
30 1061 1062 1064 1141 1142 1143 1144 
8 
29 30 934 1061 1062 1063 1141 1144 
3 
1066 1067 1068 
3 
1065 1067 1068 
5 
337 338 1065 1066 1068 
4 
337 1065 1066 1067 
6 
757 758 1070 1071 1072 1488 
6 
758 1069 1071 1072 1487 1488 
7 
758 759 1069 1070 1072 1421 1422 
8 
757 758 759 760 1069 1070 1071 1421 
8 
365 481 499 500 742 1074 1075 1076 
10 
365 366 481 482 499 1073 1075 1076 1785 1788 
13 
365 366 367 368 481 482 483 484 798 1073 1074 1076 1788 
13 
130 365 368 481 484 742 743 770 797 798 1073 1074 1075 
6 
443 444 1078 1079 1080 1352 
9 
193 196 443 1077 1079 1080 1351 1352 1816 
4 
196 1077 1078 1080 
4 
1077 1078 1079 1254 
3 
1082 1083 1084 
4 
97 1081 1083 1084 
6 
97 100 1081 1082 1084 1122 
6 
386 1081 1082 1083 1121 1122 
5 
834 835 1086 1087 1088 
3 
1085 1087 1088 
3 
1085 1086 1088 
4 
835 1085 1086 1087 
4 
1090 1091 1092 1283 
4 
1089 1091 1092 1800 
3 
1089 1090 1092 
4 
1089 1090 1091 1394 
7 
301 302 1094 1095 1096 1927 1928 
7 
302 709 712 1093 1095 1096 1927 
6 
302 303 712 1093 1094 1096 
7 
301 302 303 304 1093 1094 1095 
3 
1098 1099 1100 
5 
1097 1099 1100 1340 1988 
3 
1097 1098 1100 
3 
1097 1098 1099 
3 
1102 1103 1104 
3 
1101 1103 1104 
3 
1101 1102 1104 
3 
1101 1102 1103 
8 
753 754 755 756 1040 1106 1107 1108 
6 
754 755 1039 1105 1107 1108 
4 
755 1105 1106 1108 
5 
755 756 1105 1106 1107 
3 
1110 1111 1112 
3 
1109 1111 1112 
4 
881 1109 1110 1112 
3 
1109 1110 1111 
5 
1114 1115 1116 1579 1580 
4 
1113 1115 1116 1579 
3 
1113 1114 1116 
3 
1113 1114 1115 
3 
1118 1119 1120 
3 
1117 1119 1120 
4 
393 1117 1118 1120 
3 
1117 1118 1119 
6 
386 387 1084 1122 1123 1124 
7 
97 100 1083 1084 1121 1123 1124 
4 
100 1121 1122 1124 
4 
387 1121 1122 1123 
7 
655 656 1126 1127 1128 1993 1996 
8 
655 1125 1127 1128 1993 1994 1995 1996 
6 
1125 1126 1128 1897 1995 1996 
4 
1125 1126 1127 1996 
9 
117 118 119 120 320 1130 1131 1132 1667 
7 
118 119 319 320 1129 1131 1132 
4 
119 1129 1130 1132 
6 
119 120 1129 1130 1131 1302 
3 
1134 1135 1136 
4 
497 1133 1135 1136 
5 
497 500 1133 1134 1136 
3 
1133 1134 1135 
6 
1057 1060 1138 1139 1140 1980 
10 
89 1057 1058 1059 1060 1137 1139 1140 1979 1980 
8 
89 92 473 1059 1060 1137 1138 1140 
4 
1060 1137 1138 1139 
8 
36 1061 1062 1063 1064 1142 1143 1144 
8 
35 36 1044 1062 1063 1141 1143 1144 
5 
525 1063 1141 1142 1144 
6 
30 1063 1064 1141 1142 1143 
9 
353 354 355 356 523 524 1146 1147 1148 
6 
354 355 523 1145 1147 1148 
7 
355 998 1145 1146 1148 1233 1885 
7 
355 356 997 998 1145 1146 1147 
3 
1150 1151 1152 
3 
1149 1151 1152 
3 
1149 1150 1152 
3 
1149 1150 1151 
7 
969 970 971 972 1154 1155 1156 
5 
970 971 1153 1155 1156 
4 
971 1153 1154 1156 
5 
971 972 1153 1154 1155 
3 
1158 1159 1160 
3 
1157 1159 1160 
3 
1157 1158 1160 
3 
1157 1158 1159 
7 
893 894 1162 1163 1164 1846 1847 
5 
894 1161 1163 1164 1313 
7 
894 895 1161 1162 1164 1313 1316 
9 
346 893 894 895 896 1161 1162 1163 1847 
3 
1166 1167 1168 
3 
1165 1167 1168 
3 
1165 1166 1168 
3 
1165 1166 1167 
7 
547 548 1170 1171 1172 1467 1468 
5 
547 1169 1171 1172 1467 
3 
1169 1170 1172 
3 
1169 1170 1171 
4 
587 1174 1175 1176 
3 
1173 1175 1176 
3 
1173 1174 1176 
3 
1173 1174 1175 
5 
1178 1179 1180 1242 1243 
3 
1177 1179 1180 
3 
1177 1178 1180 
4 
1177 1178 1179 1243 
7 
1005 1006 1182 1183 1184 1814 1815 
4 
1006 1181 1183 1184 
6 
1006 1007 1181 1182 1184 1817 
8 
1005 1006 1007 1008 1181 1182 1183 1815 
10 
229 230 1186 1187 1188 1526 1527 1546 1547 1961 
6 
230 1185 1187 1188 1961 1962 
12 
230 231 637 1185 1186 1188 1293 1294 1961 1962 1963 1964 
13 
229 230 231 232 410 1185 1186 1187 1293 1527 1547 1961 1964 
3 
1190 1191 1192 
5 
1189 1191 1192 1801 1804 
6 
1189 1190 1192 1804 1865 1866 
4 
1189 1190 1191 1865 
3 
1194 1195 1196 
3 
1193 1195 1196 
3 
1193 1194 1196 
3 
1193 1194 1195 
3 
1198 1199 1200 
3 
1197 1199 1200 
3 
1197 1198 1200 
3 
1197 1198 1199 
5 
773 776 1202 1203 1204 
8 
536 773 774 775 776 1201 1203 1204 
7 
775 776 785 786 1201 1202 1204 
5 
776 785 1201 1202 1203 
5 
49 50 1206 1207 1208 
4 
50 1205 1207 1208 
5 
50 51 1205 1206 1208 
7 
49 50 51 52 1205 1206 1207 
3 
1210 1211 1212 
3 
1209 1211 1212 
5 
601 1209 1210 1212 1922 
6 
710 1209 1210 1211 1921 1922 
6 
1047 1048 1214 1215 1216 1611 
5 
869 1047 1213 1215 1216 
4 
872 1213 1214 1216 
3 
1213 1214 1215 
3 
1218 1219 1220 
4 
1217 1219 1220 1244 
7 
42 278 921 922 1217 1218 1220 
9 
41 42 277 278 921 1217 1218 1219 1506 
11 
407 408 537 538 539 540 1222 1223 1224 1429 1452 
11 
204 407 538 539 1221 1223 1224 1429 1430 1451 1452 
10 
539 749 750 1221 1222 1224 1429 1430 1431 1432 
8 
539 540 749 1221 1222 1223 1429 1432 
7 
281 282 1226 1227 1228 1741 1744 
8 
282 1225 1227 1228 1741 1742 1743 1744 
9 
282 283 442 1225 1226 1228 1350 1743 1744 
12 
281 282 283 284 441 442 1225 1226 1227 1349 1350 1744 
3 
1230 1231 1232 
3 
1229 1231 1232 
3 
1229 1230 1232 
3 
1229 1230 1231 
10 
998 999 1147 1234 1235 1236 1425 1426 1885 1888 
8 
1233 1235 1236 1426 1885 1886 1887 1888 
8 
265 1233 1234 1236 1426 1427 1887 1888 
9 
999 1233 1234 1235 1425 1426 1427 1428 1888 
5 
1238 1239 1240 1717 1720 
7 
1237 1239 1240 1717 1718 1719 1720 
5 
1237 1238 1240 1719 1720 
4 
1237 1238 1239 1720 
3 
1242 1243 1244 
4 
1177 1241 1243 1244 
5 
1177 1180 1241 1242 1244 
4 
1218 1241 1242 1243 
3 
1246 1247 1248 
3 
1245 1247 1248 
5 
906 1245 1246 1248 1753 
5 
905 906 1245 1246 1247 
4 
452 1250 1251 1252 
5 
451 452 1249 1251 1252 
3 
1249 1250 1252 
3 
1249 1250 1251 
4 
254 1254 1255 1256 
4 
1080 1253 1255 1256 
4 
17 1253 1254 1256 
6 
254 255 1253 1254 1255 1474 
3 
1258 1259 1260 
3 
1257 1259 1260 
5 
957 958 1257 1258 1260 
4 
957 1257 1258 1259 
5 
57 60 1262 1263 1264 
7 
57 58 59 60 1261 1263 1264 
5 
59 60 1261 1262 1264 
4 
60 1261 1262 1263 
3 
1266 1267 1268 
5 
1265 1267 1268 1481 1484 
4 
1265 1266 1268 1484 
3 
1265 1266 1267 
6 
1270 1271 1272 1285 1405 1406 
5 
1269 1271 1272 1286 1406 
6 
1269 1270 1272 1286 1287 1407 
8 
58 1269 1270 1271 1285 1288 1407 1408 
6 
958 959 1274 1275 1276 1553 
7 
629 632 1273 1275 1276 1553 1554 
8 
632 1273 1274 1276 1553 1554 1555 1556 
6 
959 1273 1274 1275 1553 1556 
7 
1278 1279 1280 1521 1522 1523 1524 
6 
125 1277 1279 1280 1522 1523 
6 
125 128 1277 1278 1280 1523 
5 
1277 1278 1279 1523 1524 
7 
314 780 1282 1283 1284 1721 1724 
9 
779 780 1281 1283 1284 1721 1722 1723 1724 
6 
1089 1281 1282 1284 1723 1724 
6 
314 315 1281 1282 1283 1724 
9 
1269 1272 1286 1287 1288 1405 1406 1407 1408 
7 
1270 1271 1285 1287 1288 1406 1407 
5 
1271 1285 1286 1288 1407 
7 
58 1272 1285 1286 1287 1407 1408 
3 
1290 1291 1292 
3 
1289 1291 1292 
5 
241 242 1289 1290 1292 
4 
241 1289 1290 1291 
15 
231 232 289 637 640 1187 1188 1294 1295 1296 1547 1961 1962 1963 1964 
13 
231 289 290 637 638 639 640 1187 1293 1295 1296 1962 1963 
10 
289 290 291 292 639 640 1293 1294 1296 1963 
8 
289 292 640 1293 1294 1295 1963 1964 
5 
607 608 1298 1299 1300 
4 
607 1297 1299 1300 
8 
121 122 561 562 1297 1298 1300 1357 
5 
121 561 1297 1298 1299 
3 
1302 1303 1304 
4 
1132 1301 1303 1304 
3 
1301 1302 1304 
3 
1301 1302 1303 
6 
1306 1307 1308 1605 1608 1802 
7 
1305 1307 1308 1605 1606 1607 1608 
5 
1305 1306 1308 1607 1608 
6 
1305 1306 1307 1608 1802 1803 
5 
630 631 1310 1311 1312 
4 
1309 1311 1312 1880 
4 
1309 1310 1312 1629 
5 
631 1309 1310 1311 1554 
6 
894 1162 1163 1314 1315 1316 
4 
1313 1315 1316 1777 
5 
1313 1314 1316 1777 1780 
6 
894 895 1163 1313 1314 1315 
7 
651 652 1318 1319 1320 1685 1686 
5 
651 1317 1319 1320 1686 
5 
1317 1318 1320 1686 1687 
7 
1317 1318 1319 1685 1686 1687 1688 
5 
1322 1323 1324 1874 1875 
3 
1321 1323 1324 
7 
554 813 814 1321 1322 1324 1414 
9 
553 554 813 1321 1322 1323 1413 1414 1875 
3 
1326 1327 1328 
3 
1325 1327 1328 
5 
1325 1326 1328 1457 1458 
4 
1325 1326 1327 1457 
7 
913 914 915 916 1330 1331 1332 
6 
385 914 915 1329 1331 1332 
8 
214 385 388 915 1329 1330 1332 1346 
10 
213 214 822 915 916 1329 1330 1331 1345 1346 
8 
564 598 599 1334 1335 1336 1591 1592 
7 
124 563 564 1333 1335 1336 1591 
3 
1333 1334 1336 
4 
599 1333 1334 1335 
5 
1338 1339 1340 1985 1988 
7 
1337 1339 1340 1985 1986 1987 1988 
5 
1337 1338 1340 1987 1988 
5 
1098 1337 1338 1339 1988 
3 
1342 1343 1344 
3 
1341 1343 1344 
4 
1341 1342 1344 1525 
4 
1341 1342 1343 1862 
7 
213 216 822 1332 1346 1347 1348 
9 
213 214 215 216 1331 1332 1345 1347 1348 
7 
215 216 689 690 1345 1346 1348 
7 
216 689 822 823 1345 1346 1347 
11 
281 282 283 284 441 442 1228 1350 1351 1352 1813 
10 
282 283 442 1227 1228 1349 1351 1352 1813 1814 
13 
193 194 283 442 443 1078 1349 1350 1352 1813 1814 1815 1816 
14 
193 283 284 441 442 443 444 1077 1078 1349 1350 1351 1813 1816 
8 
676 865 866 1354 1355 1356 1671 1672 
7 
675 676 866 1353 1355 1356 1671 
5 
866 867 1353 1354 1356 
7 
865 866 867 868 1353 1354 1355 
7 
122 562 1037 1299 1358 1359 1360 
5 
1037 1038 1357 1359 1360 
7 
1037 1038 1039 1040 1357 1358 1360 
9 
122 123 562 563 1037 1040 1357 1358 1359 
5 
137 362 1362 1363 1364 
5 
137 138 1361 1363 1364 
7 
137 138 139 140 1361 1362 1364 
7 
137 140 362 363 1361 1362 1363 
3 
1366 1367 1368 
3 
1365 1367 1368 
3 
1365 1366 1368 
3 
1365 1366 1367 
3 
1370 1371 1372 
3 
1369 1371 1372 
3 
1369 1370 1372 
4 
890 1369 1370 1371 
7 
321 322 323 324 1374 1375 1376 
5 
322 323 1373 1375 1376 
4 
323 1373 1374 1376 
6 
323 324 342 1373 1374 1375 
8 
825 826 827 828 1378 1379 1380 1854 
5 
826 827 1377 1379 1380 
4 
827 1377 1378 1380 
8 
818 827 828 1377 1378 1379 1854 1855 
9 
417 418 1382 1383 1384 1737 1738 1739 1740 
6 
418 1381 1383 1384 1738 1739 
6 
418 419 1381 1382 1384 1739 
9 
417 418 419 420 1381 1382 1383 1739 1740 
5 
486 697 1386 1387 1388 
5 
697 698 1385 1387 1388 
7 
697 698 699 700 1385 1386 1388 
8 
486 487 530 697 700 1385 1386 1387 
8 
218 219 415 1390 1391 1392 1551 1552 
4 
1389 1391 1392 1551 
3 
1389 1390 1392 
5 
219 558 1389 1390 1391 
4 
947 1394 1395 1396 
4 
1092 1393 1395 1396 
6 
205 237 238 1393 1394 1396 
4 
237 1393 1394 1395 
4 
145 1398 1399 1400 
5 
145 146 1397 1399 1400 
9 
145 146 147 148 1397 1398 1400 1605 1606 
6 
145 148 1397 1398 1399 1605 
3 
1402 1403 1404 
3 
1401 1403 1404 
3 
1401 1402 1404 
3 
1401 1402 1403 
5 
1269 1285 1406 1407 1408 
7 
1269 1270 1285 1286 1405 1407 1408 
10 
58 1271 1272 1285 1286 1287 1288 1405 1406 1408 
8 
57 58 1272 1285 1288 1405 1406 1407 
4 
559 1410 1411 1412 
5 
581 584 1409 1411 1412 
5 
584 833 1409 1410 1412 
3 
1409 1410 1411 
7 
553 554 813 1324 1414 1415 1416 
9 
554 649 813 814 1323 1324 1413 1415 1416 
8 
555 649 652 815 816 1413 1414 1416 
6 
555 556 816 1413 1414 1415 
5 
847 848 1418 1419 1420 
4 
847 1417 1419 1420 
3 
1417 1418 1420 
4 
1417 1418 1419 1886 
6 
759 1071 1072 1422 1423 1424 
4 
1071 1421 1423 1424 
5 
1421 1422 1424 1981 1982 
4 
1421 1422 1423 1981 
7 
999 1000 1233 1236 1426 1427 1428 
9 
999 1233 1234 1235 1236 1425 1427 1428 1888 
7 
178 1235 1236 1425 1426 1428 1941 
6 
177 178 1236 1425 1426 1427 
10 
539 749 1221 1222 1223 1224 1430 1431 1432 1452 
9 
204 749 750 1222 1223 1429 1431 1432 1451 
8 
749 750 751 752 1223 1429 1430 1432 
8 
318 749 752 1223 1224 1429 1430 1431 
3 
1434 1435 1436 
5 
733 1017 1433 1435 1436 
7 
733 736 1017 1020 1433 1434 1436 
3 
1433 1434 1435 
3 
1438 1439 1440 
5 
473 476 1437 1439 1440 
6 
476 1437 1438 1440 1529 1530 
4 
1437 1438 1439 1529 
3 
1442 1443 1444 
5 
861 864 1441 1443 1444 
4 
864 1441 1442 1444 
3 
1441 1442 1443 
5 
1446 1447 1448 1493 1494 
4 
1445 1447 1448 1494 
7 
885 886 1445 1446 1448 1494 1495 
8 
885 1445 1446 1447 1493 1494 1495 1496 
8 
405 406 407 408 538 1450 1451 1452 
6 
201 406 407 1449 1451 1452 
7 
204 407 1222 1430 1449 1450 1452 
10 
407 408 538 539 1221 1222 1429 1449 1450 1451 
5 
719 720 1454 1455 1456 
4 
719 1453 1455 1456 
5 
949 973 1453 1454 1456 
3 
1453 1454 1455 
5 
1327 1328 1458 1459 1460 
4 
1327 1457 1459 1460 
3 
1457 1458 1460 
3 
1457 1458 1459 
8 
506 507 570 571 1462 1463 1464 1616 
4 
1461 1463 1464 1615 
5 
458 1461 1462 1464 1509 
7 
457 458 507 571 1461 1462 1463 
5 
545 548 1466 1467 1468 
7 
545 546 547 548 1465 1467 1468 
7 
547 548 1169 1170 1465 1466 1468 
5 
548 1169 1465 1466 1467 
7 
1470 1471 1472 1949 1950 1951 1952 
5 
1469 1471 1472 1950 1951 
6 
1469 1470 1472 1741 1742 1951 
6 
1469 1470 1471 1741 1951 1952 
7 
253 254 255 256 1474 1475 1476 
6 
254 255 1256 1473 1475 1476 
6 
255 433 873 1473 1474 1476 
5 
255 256 1473 1474 1475 
6 
364 454 455 1478 1479 1480 
5 
363 364 1477 1479 1480 
5 
513 514 1477 1478 1480 
5 
455 513 1477 1478 1479 
4 
1266 1482 1483 1484 
3 
1481 1483 1484 
3 
1481 1482 1484 
5 
1266 1267 1481 1482 1483 
3 
1486 1487 1488 
3 
1485 1487 1488 
5 
758 1070 1485 1486 1488 
7 
757 758 1069 1070 1485 1486 1487 
3 
1490 1491 1492 
3 
1489 1491 1492 
3 
1489 1490 1492 
3 
1489 1490 1491 
7 
885 1445 1448 1494 1495 1496 1503 
9 
885 886 1445 1446 1447 1448 1493 1495 1496 
9 
885 886 887 888 1447 1448 1493 1494 1496 
6 
885 888 1448 1493 1494 1495 
4 
306 1498 1499 1500 
3 
1497 1499 1500 
3 
1497 1498 1500 
5 
306 307 1497 1498 1499 
4 
840 1502 1503 1504 
5 
839 840 1501 1503 1504 
4 
1493 1501 1502 1504 
3 
1501 1502 1503 
4 
277 1506 1507 1508 
7 
41 277 278 1220 1505 1507 1508 
10 
41 44 277 278 279 280 1505 1506 1508 1578 
6 
277 280 1505 1506 1507 1577 
4 
1463 1510 1511 1512 
3 
1509 1511 1512 
3 
1509 1510 1512 
3 
1509 1510 1511 
7 
685 686 867 868 1514 1515 1516 
5 
686 867 1513 1515 1516 
5 
686 687 1513 1514 1516 
7 
685 686 687 688 1513 1514 1515 
5 
575 576 1518 1519 1520 
4 
575 1517 1519 1520 
3 
1517 1518 1520 
3 
1517 1518 1519 
4 
1277 1522 1523 1524 
5 
1277 1278 1521 1523 1524 
8 
125 1277 1278 1279 1280 1521 1522 1524 
5 
1277 1280 1521 1522 1523 
5 
1343 1526 1527 1528 1545 
6 
1185 1525 1527 1528 1545 1546 
11 
229 1185 1188 1525 1526 1528 1545 1546 1547 1548 1961 
5 
1525 1526 1527 1545 1548 
5 
1439 1440 1530 1531 1532 
5 
476 1439 1529 1531 1532 
3 
1529 1530 1532 
4 
1529 1530 1531 1930 
4 
413 1534 1535 1536 
5 
413 414 1533 1535 1536 
8 
413 414 415 416 1533 1534 1536 1549 
5 
413 416 1533 1534 1535 
13 
91 92 273 274 473 474 475 476 641 644 1538 1539 1540 
11 
91 274 474 475 641 642 643 644 1537 1539 1540 
8 
274 275 475 643 644 1537 1538 1540 
10 
273 274 275 276 475 476 644 1537 1538 1539 
7 
901 902 903 904 1542 1543 1544 
7 
109 112 902 903 1541 1543 1544 
5 
112 903 1541 1542 1544 
5 
903 904 1541 1542 1543 
7 
1525 1526 1527 1528 1546 1547 1548 
7 
229 1185 1526 1527 1545 1547 1548 
11 
229 232 410 1185 1188 1293 1527 1545 1546 1548 1961 
7 
409 410 1527 1528 1545 1546 1547 
8 
413 414 415 416 1535 1550 1551 1552 
5 
414 415 1549 1551 1552 
7 
218 415 1389 1390 1549 1550 1552 
8 
217 218 415 416 1389 1549 1550 1551 
9 
632 959 1273 1274 1275 1276 1554 1555 1556 
8 
631 632 1274 1275 1312 1553 1555 1556 
4 
1275 1553 1554 1556 
6 
1275 1276 1553 1554 1555 1718 
4 
580 1558 1559 1560 
5 
579 580 1557 1559 1560 
3 
1557 1558 1560 
4 
854 1557 1558 1559 
3 
1562 1563 1564 
3 
1561 1563 1564 
3 
1561 1562 1564 
3 
1561 1562 1563 
3 
1566 1567 1568 
3 
1565 1567 1568 
3 
1565 1566 1568 
3 
1565 1566 1567 
7 
1570 1571 1572 1777 1778 1779 1780 
5 
1569 1571 1572 1778 1779 
4 
1569 1570 1572 1779 
5 
1569 1570 1571 1779 1780 
3 
1574 1575 1576 
3 
1573 1575 1576 
3 
1573 1574 1576 
3 
1573 1574 1575 
5 
280 1508 1578 1579 1580 
7 
44 279 280 1507 1577 1579 1580 
5 
1113 1114 1577 1578 1580 
5 
1113 1577 1578 1579 1966 
6 
209 212 844 1582 1583 1584 
11 
209 210 211 212 789 792 843 844 1581 1583 1584 
6 
211 212 792 1581 1582 1584 
4 
212 1581 1582 1583 
3 
1586 1587 1588 
3 
1585 1587 1588 
4 
821 1585 1586 1588 
3 
1585 1586 1587 
4 
598 1590 1591 1592 
5 
561 564 1589 1591 1592 
6 
564 1333 1334 1589 1590 1592 
6 
598 599 1333 1589 1590 1591 
9 
777 778 849 850 851 852 1594 1595 1596 
6 
778 850 851 1593 1595 1596 
7 
778 779 851 1593 1594 1596 1722 
11 
777 778 779 780 851 852 1593 1594 1595 1721 1722 
3 
1598 1599 1600 
3 
1597 1599 1600 
3 
1597 1598 1600 
3 
1597 1598 1599 
4 
912 1602 1603 1604 
5 
911 912 1601 1603 1604 
3 
1601 1602 1604 
3 
1601 1602 1603 
8 
148 1305 1306 1399 1400 1606 1607 1608 
7 
147 148 1306 1399 1605 1607 1608 
5 
1306 1307 1605 1606 1608 
7 
1305 1306 1307 1308 1605 1606 1607 
5 
1045 1048 1610 1611 1612 
7 
1045 1046 1047 1048 1609 1611 1612 
6 
1047 1048 1213 1609 1610 1612 
4 
1048 1609 1610 1611 
4 
506 1614 1615 1616 
3 
1613 1615 1616 
4 
1462 1613 1614 1616 
7 
506 507 570 1461 1613 1614 1615 
4 
884 1618 1619 1620 
5 
883 884 1617 1619 1620 
4 
1030 1617 1618 1620 
5 
1029 1030 1617 1618 1619 
5 
163 164 1622 1623 1624 
4 
163 1621 1623 1624 
5 
1621 1622 1624 1898 1954 
7 
1621 1622 1623 1897 1898 1953 1954 
3 
1626 1627 1628 
3 
1625 1627 1628 
3 
1625 1626 1628 
3 
1625 1626 1627 
5 
12 1311 1630 1631 1632 
5 
11 12 1629 1631 1632 
3 
1629 1630 1632 
3 
1629 1630 1631 
6 
139 140 1634 1635 1636 1837 
6 
139 1633 1635 1636 1837 1838 
7 
1633 1634 1636 1837 1838 1839 1840 
5 
1633 1634 1635 1837 1840 
5 
453 456 1638 1639 1640 
7 
453 454 455 456 1637 1639 1640 
5 
455 456 1637 1638 1640 
4 
456 1637 1638 1639 
4 
775 1642 1643 1644 
3 
1641 1643 1644 
3 
1641 1642 1644 
3 
1641 1642 1643 
5 
1646 1647 1648 1981 1984 
9 
181 184 1645 1647 1648 1981 1982 1983 1984 
6 
184 1645 1646 1648 1983 1984 
4 
1645 1646 1647 1984 
10 
293 294 295 296 437 440 1650 1651 1652 1920 
11 
294 295 437 438 439 440 1649 1651 1652 1919 1920 
8 
101 102 295 439 440 1649 1650 1652 
9 
101 295 296 440 566 954 1649 1650 1651 
4 
967 1654 1655 1656 
3 
1653 1655 1656 
3 
1653 1654 1656 
3 
1653 1654 1655 
3 
1658 1659 1660 
3 
1657 1659 1660 
3 
1657 1658 1660 
3 
1657 1658 1659 
5 
1662 1663 1664 1769 1772 
7 
1661 1663 1664 1769 1770 1771 1772 
5 
1661 1662 1664 1771 1772 
4 
1661 1662 1663 1772 
3 
1666 1667 1668 
4 
117 1665 1667 1668 
6 
117 120 1129 1665 1666 1668 
3 
1665 1666 1667 
3 
1670 1671 1672 
5 
673 740 1669 1671 1672 
7 
673 676 1353 1354 1669 1670 1672 
4 
1353 1669 1670 1671 
5 
602 603 1674 1675 1676 
3 
1673 1675 1676 
5 
81 82 1673 1674 1676 
5 
81 603 1673 1674 1675 
3 
1678 1679 1680 
4 
1677 1679 1680 1764 
3 
1677 1678 1680 
3 
1677 1678 1679 
3 
1682 1683 1684 
3 
1681 1683 1684 
3 
1681 1682 1684 
3 
1681 1682 1683 
6 
652 1317 1320 1686 1687 1688 
9 
651 652 1317 1318 1319 1320 1685 1687 1688 
5 
1319 1320 1685 1686 1688 
4 
1320 1685 1686 1687 
4 
1 1690 1691 1692 
6 
2 597 600 1689 1691 1692 
6 
2 3 600 1689 1690 1692 
5 
1 4 1689 1690 1691 
4 
98 1694 1695 1696 
3 
1693 1695 1696 
3 
1693 1694 1696 
5 
98 99 1693 1694 1695 
5 
1698 1699 1700 1797 1798 
4 
1697 1699 1700 1798 
5 
1697 1698 1700 1798 1799 
7 
1697 1698 1699 1797 1798 1799 1800 
3 
1702 1703 1704 
4 
1701 1703 1704 1909 
5 
1701 1702 1704 1909 1912 
3 
1701 1702 1703 
7 
357 478 479 940 1706 1707 1708 
7 
357 358 939 940 1705 1707 1708 
7 
357 358 359 360 1705 1706 1708 
6 
357 360 479 1705 1706 1707 
3 
1710 1711 1712 
3 
1709 1711 1712 
4 
162 1709 1710 1712 
5 
161 162 1709 1710 1711 
5 
144 1714 1715 1716 1821 
7 
143 144 1713 1715 1716 1821 1822 
7 
1713 1714 1716 1821 1822 1823 1824 
5 
1713 1714 1715 1821 1824 
5 
1237 1238 1718 1719 1720 
5 
1238 1556 1717 1719 1720 
5 
1238 1239 1717 1718 1720 
7 
1237 1238 1239 1240 1717 1718 1719 
9 
779 780 852 1281 1282 1596 1722 1723 1724 
9 
779 851 852 1282 1595 1596 1721 1723 1724 
5 
1282 1283 1721 1722 1724 
7 
1281 1282 1283 1284 1721 1722 1723 
9 
268 985 1726 1727 1728 1941 1942 1943 1944 
8 
267 985 986 1725 1727 1728 1942 1943 
8 
985 986 987 988 1725 1726 1728 1943 
7 
985 988 1725 1726 1727 1943 1944 
3 
1730 1731 1732 
4 
1036 1729 1731 1732 
3 
1729 1730 1732 
4 
614 1729 1730 1731 
8 
487 488 530 531 700 1734 1735 1736 
6 
487 699 700 1733 1735 1736 
7 
185 186 593 594 1733 1734 1736 
6 
185 531 593 1733 1734 1735 
4 
1381 1738 1739 1740 
6 
300 1381 1382 1737 1739 1740 
9 
417 418 1381 1382 1383 1384 1737 1738 1740 
6 
417 1381 1384 1737 1738 1739 
8 
1225 1226 1471 1472 1742 1743 1744 1951 
6 
384 1226 1471 1741 1743 1744 
5 
1226 1227 1741 1742 1744 
8 
282 1225 1226 1227 1228 1741 1742 1743 
4 
804 1746 1747 1748 
5 
803 804 1745 1747 1748 
3 
1745 1746 1748 
3 
1745 1746 1747 
4 
622 1750 1751 1752 
4 
784 1749 1751 1752 
5 
405 406 1749 1750 1752 
6 
405 622 623 1749 1750 1751 
6 
325 328 1247 1754 1755 1756 
7 
325 326 327 328 1753 1755 1756 
5 
327 328 1753 1754 1756 
4 
328 1753 1754 1755 
6 
373 374 610 1758 1759 1760 
4 
374 1757 1759 1760 
5 
374 375 1757 1758 1760 
9 
373 374 375 376 610 611 1757 1758 1759 
5 
1762 1763 1764 1775 1776 
4 
1761 1763 1764 1775 
3 
1761 1762 1764 
4 
1678 1761 1762 1763 
3 
1766 1767 1768 
3 
1765 1767 1768 
3 
1765 1766 1768 
3 
1765 1766 1767 
5 
1661 1662 1770 1771 1772 
4 
1662 1769 1771 1772 
5 
1662 1663 1769 1770 1772 
7 
1661 1662 1663 1664 1769 1770 1771 
5 
359 360 1774 1775 1776 
4 
359 1773 1775 1776 
5 
1761 1762 1773 1774 1776 
4 
1761 1773 1774 1775 
6 
1314 1315 1569 1778 1779 1780 
5 
1569 1570 1777 1779 1780 
7 
1569 1570 1571 1572 1777 1778 1780 
6 
1315 1569 1572 1777 1778 1779 
4 
334 1782 1783 1784 
3 
1781 1783 1784 
3 
1781 1782 1784 
5 
334 335 1781 1782 1783 
8 
481 482 499 573 1074 1786 1787 1788 
6 
482 573 574 1785 1787 1788 
10 
366 482 483 573 574 575 576 1785 1786 1788 
14 
365 366 481 482 483 484 573 576 798 1074 1075 1785 1786 1787 
4 
1790 1791 1792 1796 
6 
1013 1789 1791 1792 1795 1796 
5 
1013 1016 1789 1790 1792 
3 
1789 1790 1791 
4 
347 1794 1795 1796 
3 
1793 1795 1796 
4 
1790 1793 1794 1796 
5 
1789 1790 1793 1794 1795 
5 
1697 1700 1798 1799 1800 
7 
1697 1698 1699 1700 1797 1799 1800 
5 
1699 1700 1797 1798 1800 
5 
1090 1700 1797 1798 1799 
4 
1190 1802 1803 1804 
5 
1305 1308 1801 1803 1804 
4 
1308 1801 1802 1804 
5 
1190 1191 1801 1802 1803 
3 
1806 1807 1808 
4 
52 1805 1807 1808 
3 
1805 1806 1808 
3 
1805 1806 1807 
3 
1810 1811 1812 
7 
469 472 665 668 1809 1811 1812 
5 
472 668 1809 1810 1812 
3 
1809 1810 1811 
12 
193 194 283 442 443 1349 1350 1351 1352 1814 1815 1816 
8 
194 1005 1181 1350 1351 1813 1815 1816 
10 
194 195 1005 1008 1181 1184 1351 1813 1814 1816 
11 
193 194 195 196 443 1078 1351 1352 1813 1814 1815 
5 
1007 1183 1818 1819 1820 
3 
1817 1819 1820 
3 
1817 1818 1820 
3 
1817 1818 1819 
8 
144 1713 1714 1715 1716 1822 1823 1824 
7 
143 144 1714 1715 1821 1823 1824 
4 
1715 1821 1822 1824 
5 
1715 1716 1821 1822 1823 
4 
590 1826 1827 1828 
3 
1825 1827 1828 
4 
1825 1826 1828 1937 
5 
590 591 1825 1826 1827 
6 
110 269 272 1830 1831 1832 
9 
269 270 271 272 877 880 1829 1831 1832 
6 
271 272 880 1829 1830 1832 
6 
110 111 272 1829 1830 1831 
6 
77 78 628 1834 1835 1836 
8 
78 568 627 628 956 1833 1835 1836 
6 
78 79 845 1833 1834 1836 
7 
77 78 79 80 1833 1834 1835 
7 
1633 1634 1635 1636 1838 1839 1840 
5 
1634 1635 1837 1839 1840 
6 
665 666 1635 1837 1838 1840 
6 
665 1635 1636 1837 1838 1839 
3 
1842 1843 1844 
3 
1841 1843 1844 
3 
1841 1842 1844 
3 
1841 1842 1843 
7 
247 248 1846 1847 1848 1989 1990 
7 
247 1161 1845 1847 1848 1990 2000 
10 
345 346 893 1161 1164 1845 1846 1848 1990 1991 
8 
345 1845 1846 1847 1989 1990 1991 1992 
3 
1850 1851 1852 
3 
1849 1851 1852 
5 
805 806 1849 1850 1852 
5 
578 805 1849 1850 1851 
4 
828 1854 1855 1856 
7 
827 828 1377 1380 1853 1855 1856 
5 
818 1380 1853 1854 1856 
5 
817 818 1853 1854 1855 
7 
381 382 383 384 1858 1859 1860 
5 
382 383 1857 1859 1860 
4 
383 1857 1858 1860 
5 
383 384 1857 1858 1859 
3 
1862 1863 1864 
4 
1344 1861 1863 1864 
3 
1861 1862 1864 
4 
46 1861 1862 1863 
5 
1191 1192 1866 1867 1868 
4 
1191 1865 1867 1868 
3 
1865 1866 1868 
4 
574 1865 1866 1867 
3 
1870 1871 1872 
6 
53 56 493 1869 1871 1872 
6 
56 493 496 1869 1870 1872 
3 
1869 1870 1871 
3 
1874 1875 1876 
4 
1321 1873 1875 1876 
7 
553 554 1321 1324 1873 1874 1876 
4 
553 1873 1874 1875 
3 
1878 1879 1880 
3 
1877 1879 1880 
4 
9 1877 1878 1880 
4 
1310 1877 1878 1879 
3 
1882 1883 1884 
3 
1881 1883 1884 
4 
634 1881 1882 1884 
5 
633 634 1881 1882 1883 
7 
355 1147 1233 1234 1886 1887 1888 
5 
1234 1420 1885 1887 1888 
5 
1234 1235 1885 1886 1888 
8 
1233 1234 1235 1236 1426 1885 1886 1887 
7 
69 72 519 520 1890 1891 1892 
8 
69 70 71 72 519 1889 1891 1892 
5 
71 72 1889 1890 1892 
4 
72 1889 1890 1891 
4 
1024 1894 1895 1896 
7 
389 392 1023 1024 1893 1895 1896 
4 
392 1893 1894 1896 
3 
1893 1894 1895 
7 
1127 1624 1898 1899 1900 1953 1995 
7 
1623 1624 1897 1899 1900 1953 1954 
8 
38 1897 1898 1900 1953 1954 1955 1956 
7 
37 38 1897 1898 1899 1953 1956 
3 
1902 1903 1904 
3 
1901 1903 1904 
5 
809 810 1901 1902 1904 
4 
809 1901 1902 1903 
5 
693 696 1906 1907 1908 
7 
693 694 695 696 1905 1907 1908 
5 
695 696 1905 1906 1908 
4 
696 1905 1906 1907 
5 
1702 1703 1910 1911 1912 
3 
1909 1911 1912 
3 
1909 1910 1912 
4 
1703 1909 1910 1911 
9 
714 715 977 978 979 980 1914 1915 1916 
6 
978 979 1913 1915 1916 1965 
5 
979 1913 1914 1916 1968 
6 
715 979 980 1913 1914 1915 
3 
1918 1919 1920 
3 
1917 1919 1920 
5 
438 1650 1917 1918 1920 
8 
294 437 438 1649 1650 1917 1918 1919 
6 
710 711 1212 1922 1923 1924 
5 
1211 1212 1921 1923 1924 
3 
1921 1922 1924 
4 
711 1921 1922 1923 
3 
1926 1927 1928 
3 
1925 1927 1928 
7 
301 302 1093 1094 1925 1926 1928 
5 
301 1093 1925 1926 1927 
3 
1930 1931 1932 
4 
1532 1929 1931 1932 
3 
1929 1930 1932 
3 
1929 1930 1931 
4 
908 1934 1935 1936 
5 
907 908 1933 1935 1936 
3 
1933 1934 1936 
3 
1933 1934 1935 
4 
1827 1938 1939 1940 
3 
1937 1939 1940 
3 
1937 1938 1940 
3 
1937 1938 1939 
9 
178 179 265 268 1427 1725 1942 1943 1944 
9 
265 266 267 268 1725 1726 1941 1943 1944 
10 
267 268 985 1725 1726 1727 1728 1941 1942 1944 
7 
179 268 1725 1728 1941 1942 1943 
3 
1946 1947 1948 
3 
1945 1947 1948 
4 
662 1945 1946 1948 
5 
661 662 1945 1946 1947 
4 
1469 1950 1951 1952 
5 
1469 1470 1949 1951 1952 
8 
1469 1470 1471 1472 1741 1949 1950 1952 
5 
1469 1472 1949 1950 1951 
8 
1624 1897 1898 1899 1900 1954 1955 1956 
7 
1623 1624 1898 1899 1953 1955 1956 
5 
38 1899 1953 1954 1956 
7 
37 38 1899 1900 1953 1954 1955 
4 
738 1958 1959 1960 
3 
1957 1959 1960 
5 
445 674 1957 1958 1960 
6 
673 674 739 1957 1958 1959 
15 
229 230 231 232 410 1185 1186 1187 1188 1293 1527 1547 1962 1963 1964 
10 
230 231 637 1186 1187 1293 1294 1961 1963 1964 
12 
231 289 637 640 1187 1293 1294 1295 1296 1961 1962 1964 
11 
231 232 410 411 1187 1188 1293 1296 1961 1962 1963 
6 
978 979 1914 1966 1967 1968 
4 
1580 1965 1967 1968 
3 
1965 1966 1968 
5 
979 1915 1965 1966 1967 
3 
1970 1971 1972 
3 
1969 1971 1972 
3 
1969 1970 1972 
3 
1969 1970 1971 
10 
108 503 551 917 920 1025 1026 1974 1975 1976 
10 
107 108 917 918 919 920 1026 1973 1975 1976 
8 
157 919 920 1026 1027 1973 1974 1976 
8 
920 1025 1026 1027 1028 1973 1974 1975 
5 
713 716 1978 1979 1980 
7 
713 714 715 716 1977 1979 1980 
8 
715 716 1057 1058 1138 1977 1978 1980 
7 
716 1057 1137 1138 1977 1978 1979 
8 
181 1423 1424 1645 1646 1982 1983 1984 
7 
181 182 1423 1646 1981 1983 1984 
9 
181 182 183 184 1646 1647 1981 1982 1984 
9 
181 184 1645 1646 1647 1648 1981 1982 1983 
5 
1337 1338 1986 1987 1988 
4 
1338 1985 1987 1988 
5 
1338 1339 1985 1986 1988 
8 
1098 1337 1338 1339 1340 1985 1986 1987 
6 
248 1845 1848 1990 1991 1992 
9 
247 248 1845 1846 1847 1848 1989 1991 1992 
6 
345 1847 1848 1989 1990 1992 
4 
1848 1989 1990 1991 
9 
653 654 655 656 1125 1126 1994 1995 1996 
6 
654 655 1126 1993 1995 1996 
7 
655 1126 1127 1897 1993 1994 1996 
9 
655 656 1125 1126 1127 1128 1993 1994 1995 
4 
246 1998 1999 2000 
3 
1997 1999 2000 
3 
1997 1998 2000 
5 
247 1846 1997 1998 1999 