
500 
4 
4 
2 3 4 519 
3 
1 3 4 
4 
1 2 4 1553 
3 
1 2 3 
3 
6 7 8 
4 
5 7 8 309 
5 
5 6 8 312 962 
6 
5 6 7 882 961 962 
7 
10 11 12 1081 1082 1731 1732 
5 
9 11 12 1082 1731 
4 
9 10 12 1083 
6 
9 10 11 1083 1084 1810 
11 
14 15 16 670 671 697 698 1367 1748 1945 1946 
7 
13 15 16 698 1747 1748 1946 
6 
13 14 16 698 699 1947 
10 
13 14 15 671 697 698 699 700 1947 1948 
4 
18 19 20 1583 
3 
17 19 20 
3 
17 18 20 
3 
17 18 19 
3 
22 23 24 
5 
21 23 24 1225 1228 
4 
21 22 24 1228 
3 
21 22 23 
6 
26 27 28 292 389 1366 
7 
25 27 28 291 292 389 390 
8 
25 26 28 389 390 391 392 1745 
8 
25 26 27 389 392 670 1366 1367 
5 
30 31 32 1977 1978 
5 
29 31 32 1037 1978 
7 
29 30 32 1037 1040 1978 1979 
8 
29 30 31 1166 1977 1978 1979 1980 
6 
34 35 36 634 803 804 
5 
33 35 36 803 912 
3 
33 34 36 
5 
33 34 35 634 635 
6 
38 39 40 213 1158 1159 
6 
37 39 40 213 214 1080 
9 
37 38 40 213 214 215 216 545 1322 
9 
37 38 39 213 216 506 1159 1321 1322 
4 
42 43 44 1905 
8 
41 43 44 501 504 1181 1905 1906 
8 
41 42 44 504 1181 1184 1907 1908 
4 
41 42 43 1908 
5 
46 47 48 1258 1259 
5 
45 47 48 1217 1220 
4 
45 46 48 1220 
4 
45 46 47 1259 
4 
50 51 52 1352 
5 
49 51 52 1351 1352 
3 
49 50 52 
3 
49 50 51 
5 
54 55 56 429 1916 
7 
53 55 56 429 430 1915 1916 
7 
53 54 56 429 430 431 432 
5 
53 54 55 429 432 
5 
58 59 60 1563 1564 
4 
57 59 60 1563 
3 
57 58 60 
3 
57 58 59 
5 
62 63 64 1110 1111 
3 
61 63 64 
5 
61 62 64 1049 1050 
6 
61 62 63 146 1049 1111 
5 
66 67 68 202 203 
3 
65 67 68 
4 
65 66 68 925 
4 
65 66 67 203 
6 
70 71 72 155 1449 1450 
4 
69 71 72 1450 
5 
69 70 72 1450 1451 
8 
69 70 71 1062 1449 1450 1451 1452 
9 
74 75 76 133 134 1705 1706 1707 1708 
6 
73 75 76 134 1706 1707 
6 
73 74 76 134 135 1707 
9 
73 74 75 133 134 135 136 1707 1708 
3 
78 79 80 
4 
77 79 80 1229 
5 
77 78 80 1229 1232 
3 
77 78 79 
5 
82 83 84 1135 1136 
4 
81 83 84 1135 
3 
81 82 84 
3 
81 82 83 
5 
86 87 88 1285 1288 
8 
85 87 88 148 1285 1286 1287 1288 
5 
85 86 88 1287 1288 
4 
85 86 87 1288 
6 
90 91 92 345 346 1787 
4 
89 91 92 346 
6 
89 90 92 347 1617 1618 
6 
89 90 91 347 348 1617 
3 
94 95 96 
3 
93 95 96 
3 
93 94 96 
3 
93 94 95 
5 
98 99 100 753 756 
8 
97 99 100 753 754 755 756 1744 
5 
97 98 100 755 756 
4 
97 98 99 756 
3 
102 103 104 
3 
101 103 104 
3 
101 102 104 
3 
101 102 103 
5 
106 107 108 376 1692 
8 
105 107 108 375 376 421 1691 1692 
5 
105 106 108 421 424 
3 
105 106 107 
7 
110 111 112 709 710 711 712 
5 
109 111 112 710 711 
4 
109 110 112 711 
5 
109 110 111 711 712 
3 
114 115 116 
3 
113 115 116 
3 
113 114 116 
3 
113 114 115 
7 
118 119 120 845 958 1673 1676 
9 
117 119 120 845 846 1673 1674 1675 1676 
9 
117 118 120 845 846 847 848 1675 1676 
8 
117 118 119 845 848 958 959 1676 
4 
122 123 124 1120 
5 
121 123 124 1119 1120 
3 
121 122 124 
3 
121 122 123 
3 
126 127 128 
3 
125 127 128 
4 
125 126 128 325 
3 
125 126 127 
5 
130 131 132 533 536 
8 
129 131 132 533 534 535 536 1756 
5 
129 130 132 535 536 
4 
129 130 131 536 
7 
73 76 134 135 136 1705 1708 
11 
73 74 75 76 133 135 136 1705 1706 1707 1708 
7 
75 76 133 134 136 1707 1708 
5 
76 133 134 135 1708 
4 
138 139 140 597 
5 
137 139 140 597 598 
7 
137 138 140 597 598 599 600 
5 
137 138 139 597 600 
10 
142 143 144 521 524 1609 1610 1611 1612 1958 
9 
141 143 144 521 522 523 524 1610 1611 
6 
141 142 144 523 524 1611 
8 
141 142 143 524 1611 1612 1958 1959 
3 
146 147 148 
5 
64 145 147 148 1049 
6 
145 146 148 1049 1052 1286 
6 
86 145 146 147 1285 1286 
7 
150 151 152 1059 1060 1717 1720 
9 
149 151 152 1059 1157 1717 1718 1719 1720 
7 
149 150 152 505 1160 1719 1720 
4 
149 150 151 1720 
3 
154 155 156 
4 
153 155 156 1128 
4 
69 153 154 156 
4 
153 154 155 458 
4 
158 159 160 563 
3 
157 159 160 
4 
157 158 160 1233 
3 
157 158 159 
7 
162 163 164 1789 1790 1791 1792 
7 
161 163 164 453 456 1790 1791 
5 
161 162 164 456 1791 
5 
161 162 163 1791 1792 
5 
166 167 168 1170 1806 
6 
165 167 168 249 809 812 
8 
165 166 168 249 252 812 1793 1794 
8 
165 166 167 1170 1171 1793 1806 1807 
10 
170 171 172 433 436 1209 1212 1354 1355 1406 
12 
169 171 172 433 434 435 436 1209 1210 1211 1212 1273 
10 
169 170 172 435 436 1211 1212 1273 1276 1402 
10 
169 170 171 436 1212 1355 1401 1402 1406 1407 
3 
174 175 176 
3 
173 175 176 
5 
173 174 176 362 1542 
7 
173 174 175 361 362 1541 1542 
7 
178 179 180 344 862 1151 1152 
6 
177 179 180 343 344 1151 
5 
177 178 180 1305 1306 
6 
177 178 179 862 863 1305 
3 
182 183 184 
5 
181 183 184 268 1468 
3 
181 182 184 
4 
181 182 183 1178 
7 
186 187 188 1189 1190 1191 1192 
5 
185 187 188 1190 1191 
6 
185 186 188 965 966 1191 
6 
185 186 187 965 1191 1192 
8 
190 191 192 394 624 869 872 1939 
9 
189 191 192 623 624 869 870 871 872 
5 
189 190 192 871 872 
6 
189 190 191 394 395 872 
3 
194 195 196 
3 
193 195 196 
5 
193 194 196 765 766 
4 
193 194 195 765 
3 
198 199 200 
3 
197 199 200 
3 
197 198 200 
3 
197 198 199 
3 
202 203 204 
4 
65 201 203 204 
5 
65 68 201 202 204 
3 
201 202 203 
12 
206 207 208 466 833 836 1621 1622 1623 1624 1997 1998 
12 
205 207 208 833 834 835 836 905 908 1622 1623 1998 
8 
205 206 208 835 836 908 1623 1999 
10 
205 206 207 466 467 836 1623 1624 1999 2000 
5 
210 211 212 886 1659 
3 
209 211 212 
3 
209 210 212 
5 
209 210 211 886 887 
9 
37 38 39 40 214 215 216 1158 1159 
6 
38 39 213 215 216 1080 
9 
39 213 214 216 545 546 1322 1813 1814 
11 
39 40 213 214 215 506 545 1159 1321 1322 1813 
3 
218 219 220 
3 
217 219 220 
5 
217 218 220 437 438 
4 
217 218 219 437 
11 
222 223 224 1033 1086 1161 1162 1477 1478 1479 1480 
8 
221 223 224 1033 1034 1162 1478 1479 
10 
221 222 224 1033 1034 1035 1036 1162 1163 1479 
14 
221 222 223 1033 1036 1086 1087 1161 1162 1163 1164 1479 1480 1986 
3 
226 227 228 
3 
225 227 228 
5 
225 226 228 1325 1326 
4 
225 226 227 1325 
8 
230 231 232 625 628 838 1772 1881 
11 
229 231 232 625 626 627 628 1771 1772 1881 1882 
7 
229 230 232 627 628 1883 1884 
7 
229 230 231 628 838 839 1884 
4 
234 235 236 1540 
5 
233 235 236 1539 1540 
4 
233 234 236 594 
5 
233 234 235 593 594 
5 
238 239 240 933 1403 
8 
237 239 240 576 649 933 934 1269 
10 
237 238 240 652 933 934 935 936 1269 1272 
5 
237 238 239 933 936 
4 
242 243 244 1221 
7 
241 243 244 1221 1222 1429 1432 
8 
241 242 244 1221 1222 1223 1224 1432 
5 
241 242 243 1221 1224 
3 
246 247 248 
5 
245 247 248 645 648 
4 
245 246 248 648 
3 
245 246 247 
8 
166 167 250 251 252 811 812 1794 
4 
249 251 252 811 
4 
249 250 252 685 
6 
167 249 250 251 1794 1795 
4 
254 255 256 928 
5 
253 255 256 927 928 
3 
253 254 256 
3 
253 254 255 
5 
258 259 260 460 878 
6 
257 259 260 459 460 1061 
5 
257 258 260 1061 1064 
5 
257 258 259 878 879 
3 
262 263 264 
3 
261 263 264 
3 
261 262 264 
3 
261 262 263 
5 
266 267 268 1465 1466 
4 
265 267 268 1466 
5 
265 266 268 1466 1467 
8 
182 265 266 267 1465 1466 1467 1468 
5 
270 271 272 569 570 
5 
269 271 272 570 761 
7 
269 270 272 570 571 761 764 
7 
269 270 271 569 570 571 572 
3 
274 275 276 
3 
273 275 276 
4 
273 274 276 297 
3 
273 274 275 
6 
278 279 280 612 1242 1243 
5 
277 279 280 611 612 
3 
277 278 280 
4 
277 278 279 1243 
5 
282 283 284 1837 1840 
8 
281 283 284 416 1837 1838 1839 1840 
5 
281 282 284 1839 1840 
4 
281 282 283 1840 
5 
286 287 288 1255 1256 
4 
285 287 288 1255 
4 
285 286 288 1914 
5 
285 286 287 1913 1914 
5 
290 291 292 835 907 
5 
289 291 292 676 996 
6 
26 289 290 292 390 1633 
7 
25 26 289 290 291 389 390 
3 
294 295 296 
3 
293 295 296 
3 
293 294 296 
4 
293 294 295 1646 
4 
275 298 299 300 
3 
297 299 300 
3 
297 298 300 
3 
297 298 299 
5 
302 303 304 1585 1588 
7 
301 303 304 1585 1586 1587 1588 
5 
301 302 304 1587 1588 
4 
301 302 303 1588 
7 
306 307 308 767 768 1825 1828 
8 
305 307 308 767 1825 1826 1827 1828 
5 
305 306 308 1827 1828 
4 
305 306 307 1828 
4 
6 310 311 312 
4 
309 311 312 1860 
3 
309 310 312 
4 
7 309 310 311 
5 
314 315 316 1937 1940 
8 
313 315 316 1216 1937 1938 1939 1940 
7 
313 314 316 393 394 1939 1940 
5 
313 314 315 393 1940 
5 
318 319 320 1798 1799 
3 
317 319 320 
3 
317 318 320 
4 
317 318 319 1799 
5 
322 323 324 865 866 
4 
321 323 324 866 
5 
321 322 324 866 867 
7 
321 322 323 865 866 867 868 
4 
127 326 327 328 
5 
325 327 328 484 496 
3 
325 326 328 
3 
325 326 327 
3 
330 331 332 
4 
329 331 332 1613 
5 
329 330 332 1613 1616 
4 
329 330 331 1654 
8 
334 335 336 479 725 726 727 728 
5 
333 335 336 726 727 
4 
333 334 336 727 
5 
333 334 335 727 728 
5 
338 339 340 665 668 
9 
337 339 340 665 666 667 668 937 940 
6 
337 338 340 667 668 940 
4 
337 338 339 668 
5 
342 343 344 1149 1150 
4 
341 343 344 1150 
6 
178 341 342 344 1150 1151 
9 
177 178 341 342 343 1149 1150 1151 1152 
5 
89 346 347 348 1787 
5 
89 90 345 347 348 
6 
91 92 345 346 348 1617 
4 
92 345 346 347 
8 
350 351 352 1509 1510 1511 1512 1726 
6 
349 351 352 969 1510 1511 
7 
349 350 352 525 969 972 1511 
7 
349 350 351 1511 1512 1726 1727 
4 
354 355 356 1230 
3 
353 355 356 
3 
353 354 356 
5 
353 354 355 1230 1231 
7 
358 359 360 945 948 1671 1672 
8 
357 359 360 945 946 947 948 1671 
5 
357 358 360 947 948 
4 
357 358 359 948 
6 
176 362 363 364 1541 1542 
6 
175 176 361 363 364 1542 
5 
361 362 364 1542 1543 
7 
361 362 363 1541 1542 1543 1544 
3 
366 367 368 
3 
365 367 368 
3 
365 366 368 
3 
365 366 367 
7 
370 371 372 1076 1155 1156 1237 
8 
369 371 372 1075 1076 1155 1237 1238 
7 
369 370 372 1237 1238 1239 1240 
6 
369 370 371 1237 1240 1770 
9 
374 375 376 1517 1518 1519 1520 1689 1690 
6 
373 375 376 1518 1519 1690 
9 
106 373 374 376 421 422 1519 1690 1691 
12 
105 106 373 374 375 421 1519 1520 1689 1690 1691 1692 
3 
378 379 380 
3 
377 379 380 
4 
377 378 380 1786 
5 
377 378 379 1785 1786 
7 
382 383 384 413 414 1975 1976 
5 
381 383 384 414 1975 
5 
381 382 384 414 415 
8 
381 382 383 413 414 415 416 1838 
7 
386 387 388 1701 1702 1703 1704 
5 
385 387 388 1702 1703 
4 
385 386 388 1703 
5 
385 386 387 1703 1704 
10 
25 26 27 28 292 390 391 392 1366 1745 
11 
26 27 291 292 389 391 392 1633 1636 1745 1746 
9 
27 389 390 392 1636 1745 1746 1747 1748 
10 
27 28 389 390 391 670 1366 1367 1745 1748 
5 
315 316 394 395 396 
6 
189 192 315 393 395 396 
4 
192 393 394 396 
3 
393 394 395 
3 
398 399 400 
3 
397 399 400 
3 
397 398 400 
3 
397 398 399 
3 
402 403 404 
3 
401 403 404 
3 
401 402 404 
3 
401 402 403 
5 
406 407 408 1469 1472 
7 
405 407 408 1469 1470 1471 1472 
5 
405 406 408 1471 1472 
5 
405 406 407 1472 1894 
8 
410 411 412 549 1017 1018 1019 1020 
7 
409 411 412 549 550 1018 1019 
8 
409 410 412 549 550 551 552 1019 
7 
409 410 411 549 552 1019 1020 
5 
381 384 414 415 416 
7 
381 382 383 384 413 415 416 
6 
383 384 413 414 416 1838 
7 
282 384 413 414 415 1837 1838 
9 
418 419 420 489 490 491 492 1575 1576 
7 
417 419 420 490 491 1320 1575 
4 
417 418 420 491 
5 
417 418 419 491 492 
8 
106 107 375 376 422 423 424 1691 
4 
375 421 423 424 
3 
421 422 424 
4 
107 421 422 423 
5 
426 427 428 1405 1408 
8 
425 427 428 1401 1405 1406 1407 1408 
12 
425 426 428 582 585 586 1389 1390 1401 1404 1407 1408 
8 
425 426 427 581 582 585 1389 1408 
7 
53 54 55 56 430 431 432 
5 
54 55 429 431 432 
4 
55 429 430 432 
5 
55 56 429 430 431 
8 
169 170 434 435 436 1209 1328 1354 
8 
170 433 435 436 1209 1210 1327 1328 
10 
170 171 433 434 436 1209 1210 1211 1212 1273 
11 
169 170 171 172 433 434 435 1209 1212 1355 1406 
7 
219 220 438 439 440 1201 1202 
5 
219 437 439 440 1202 
5 
437 438 440 1202 1203 
7 
437 438 439 1201 1202 1203 1204 
5 
442 443 444 983 1754 
5 
441 443 444 1637 1640 
4 
441 442 444 1640 
5 
441 442 443 534 1755 
3 
446 447 448 
4 
445 447 448 1109 
5 
445 446 448 1109 1112 
3 
445 446 447 
7 
450 451 452 1761 1762 1763 1764 
5 
449 451 452 1762 1763 
4 
449 450 452 1763 
5 
449 450 451 1763 1764 
5 
162 454 455 456 1790 
5 
453 455 456 505 508 
4 
453 454 456 508 
7 
162 163 453 454 455 1790 1791 
3 
458 459 460 
4 
156 457 459 460 
5 
258 457 458 460 1449 
5 
257 258 457 458 459 
6 
462 463 464 663 1834 1835 
3 
461 463 464 
4 
461 462 464 693 
4 
461 462 463 1835 
5 
466 467 468 595 1624 
10 
205 208 465 467 468 836 1623 1624 1997 2000 
6 
208 465 466 468 1365 2000 
3 
465 466 467 
4 
470 471 472 1409 
7 
469 471 472 1045 1048 1409 1410 
7 
469 470 472 745 1048 1411 1412 
4 
469 470 471 1412 
3 
474 475 476 
4 
473 475 476 896 
5 
473 474 476 741 742 
4 
473 474 475 741 
4 
478 479 480 1812 
5 
477 479 480 1811 1812 
5 
333 477 478 480 725 
3 
477 478 479 
6 
482 483 484 493 494 1983 
4 
481 483 484 494 
4 
481 482 484 495 
6 
326 481 482 483 495 496 
4 
486 487 488 1678 
3 
485 487 488 
3 
485 486 488 
5 
485 486 487 1678 1679 
5 
417 490 491 492 1576 
8 
417 418 489 491 492 1320 1575 1576 
7 
417 418 419 420 489 490 492 
5 
417 420 489 490 491 
6 
481 494 495 496 1983 1984 
6 
481 482 493 495 496 1983 
5 
483 484 493 494 496 
5 
326 484 493 494 495 
6 
498 499 500 1251 1252 1777 
6 
497 499 500 1251 1777 1778 
7 
497 498 500 1777 1778 1779 1780 
5 
497 498 499 1777 1780 
6 
42 502 503 504 1181 1906 
6 
501 503 504 1181 1182 1608 
7 
501 502 504 1181 1182 1183 1184 
8 
42 43 501 502 503 1181 1184 1907 
8 
151 454 506 507 508 1159 1160 1321 
9 
40 216 505 507 508 1159 1321 1322 1813 
9 
505 506 508 1321 1322 1323 1324 1813 1816 
7 
454 455 505 506 507 1321 1324 
5 
510 511 512 694 695 
3 
509 511 512 
3 
509 510 512 
4 
509 510 511 695 
3 
514 515 516 
3 
513 515 516 
3 
513 514 516 
3 
513 514 515 
7 
518 519 520 1333 1336 1434 1667 
7 
517 519 520 1333 1334 1335 1336 
6 
1 517 518 520 1335 1336 
7 
517 518 519 1098 1336 1434 1435 
9 
141 142 522 523 524 1609 1610 1611 1612 
6 
142 521 523 524 1610 1611 
6 
142 143 521 522 524 1611 
10 
141 142 143 144 521 522 523 1611 1612 1958 
7 
351 526 527 528 969 972 1511 
7 
525 527 528 969 970 971 972 
9 
525 526 528 971 972 1313 1314 1889 1890 
6 
525 526 527 972 1313 1889 
3 
530 531 532 
3 
529 531 532 
3 
529 530 532 
3 
529 530 531 
6 
129 130 534 535 536 1756 
7 
130 444 533 535 536 1755 1756 
5 
130 131 533 534 536 
7 
129 130 131 132 533 534 535 
4 
538 539 540 1497 
5 
537 539 540 1497 1498 
7 
537 538 540 1497 1498 1499 1500 
5 
537 538 539 1497 1500 
7 
542 543 544 1713 1714 1715 1716 
5 
541 543 544 1714 1715 
4 
541 542 544 1715 
5 
541 542 543 1715 1716 
9 
39 215 216 546 547 548 1322 1813 1814 
5 
215 545 547 548 1814 
7 
545 546 548 789 790 1814 1815 
10 
545 546 547 789 1322 1323 1813 1814 1815 1816 
8 
409 410 411 412 550 551 552 1019 
5 
410 411 549 551 552 
4 
411 549 550 552 
5 
411 412 549 550 551 
3 
554 555 556 
3 
553 555 556 
3 
553 554 556 
4 
553 554 555 1510 
3 
558 559 560 
4 
557 559 560 841 
4 
557 558 560 844 
3 
557 558 559 
7 
562 563 564 1421 1422 1423 1424 
5 
561 563 564 1422 1423 
5 
157 561 562 564 1423 
5 
561 562 563 1423 1424 
4 
566 567 568 820 
6 
565 567 568 641 819 820 
5 
565 566 568 641 644 
3 
565 566 567 
6 
269 272 570 571 572 691 
7 
269 270 271 272 569 571 572 
5 
271 272 569 570 572 
4 
272 569 570 571 
5 
574 575 576 1208 1275 
5 
573 575 576 1207 1208 
7 
573 574 576 649 650 1269 1270 
7 
238 573 574 575 649 934 1269 
3 
578 579 580 
4 
577 579 580 1648 
3 
577 578 580 
3 
577 578 579 
4 
428 582 583 584 
8 
427 428 581 583 584 585 588 1389 
8 
581 582 584 588 666 937 938 1392 
6 
581 582 583 665 666 937 
8 
427 428 582 586 587 588 1389 1408 
10 
427 585 587 588 1389 1390 1401 1404 1407 1408 
9 
585 586 588 938 1389 1390 1391 1392 1404 
9 
582 583 585 586 587 937 938 1389 1392 
7 
590 591 592 605 606 857 860 
8 
589 591 592 606 857 858 859 860 
9 
589 590 592 606 607 859 860 1961 1962 
9 
589 590 591 605 606 607 608 860 1961 
4 
236 594 595 596 
6 
235 236 593 595 596 1621 
6 
465 593 594 596 1621 1624 
3 
593 594 595 
7 
137 138 139 140 598 599 600 
5 
138 139 597 599 600 
4 
139 597 598 600 
5 
139 140 597 598 599 
3 
602 603 604 
3 
601 603 604 
3 
601 602 604 
3 
601 602 603 
7 
589 592 606 607 608 860 1961 
11 
589 590 591 592 605 607 608 859 860 1961 1962 
7 
591 592 605 606 608 1963 1964 
5 
592 605 606 607 1964 
3 
610 611 612 
3 
609 611 612 
4 
278 609 610 612 
5 
277 278 609 610 611 
3 
614 615 616 
3 
613 615 616 
3 
613 614 616 
3 
613 614 615 
8 
618 619 620 783 1123 1124 1461 1464 
8 
617 619 620 1123 1461 1462 1463 1464 
6 
617 618 620 893 1463 1464 
4 
617 618 619 1464 
5 
622 623 624 1214 1215 
7 
621 623 624 985 988 1625 1628 
8 
190 621 622 624 869 870 988 1628 
7 
189 190 621 622 623 869 1215 
10 
229 230 626 627 628 1769 1770 1771 1772 1881 
8 
230 625 627 628 1770 1771 1881 1882 
11 
230 231 625 626 628 957 1771 1881 1882 1883 1884 
12 
229 230 231 232 625 626 627 838 1771 1772 1881 1884 
5 
630 631 632 1294 1295 
4 
629 631 632 801 
4 
629 630 632 804 
4 
629 630 631 1295 
3 
634 635 636 
5 
33 36 633 635 636 
5 
36 633 634 636 1545 
3 
633 634 635 
3 
638 639 640 
3 
637 639 640 
3 
637 638 640 
3 
637 638 639 
5 
566 567 642 643 644 
3 
641 643 644 
3 
641 642 644 
4 
567 641 642 643 
4 
246 646 647 648 
3 
645 647 648 
3 
645 646 648 
5 
246 247 645 646 647 
8 
238 575 576 650 651 652 934 1269 
6 
575 649 651 652 1269 1270 
7 
649 650 652 1269 1270 1271 1272 
8 
239 649 650 651 934 935 1269 1272 
7 
654 655 656 1531 1532 1638 1639 
4 
653 655 656 1531 
4 
653 654 656 1538 
6 
653 654 655 1537 1538 1639 
5 
658 659 660 1925 1926 
4 
657 659 660 1926 
5 
657 658 660 1926 1927 
7 
657 658 659 1925 1926 1927 1928 
4 
662 663 664 1833 
5 
661 663 664 1833 1834 
8 
461 661 662 664 1833 1834 1835 1836 
5 
661 662 663 1833 1836 
6 
337 338 584 666 667 668 
9 
338 583 584 665 667 668 937 940 1392 
6 
338 339 665 666 668 940 
7 
337 338 339 340 665 666 667 
4 
670 671 672 1368 
10 
13 28 392 669 671 672 697 1367 1368 1945 
9 
13 16 669 670 672 697 700 1945 1948 
4 
669 670 671 1866 
5 
674 675 676 993 994 
4 
673 675 676 994 
7 
673 674 676 994 995 1417 1418 
9 
290 673 674 675 993 994 995 996 1417 
3 
678 679 680 
6 
677 679 680 1481 1649 1652 
6 
677 678 680 1481 1484 1652 
3 
677 678 679 
5 
682 683 684 1766 1767 
3 
681 683 684 
4 
681 682 684 810 
6 
681 682 683 809 810 1767 
7 
251 686 687 688 797 800 1341 
9 
685 687 688 797 798 799 800 1341 1342 
9 
685 686 688 799 800 1341 1342 1343 1344 
7 
685 686 687 800 1102 1341 1344 
3 
690 691 692 
3 
689 691 692 
4 
569 689 690 692 
3 
689 690 691 
4 
463 694 695 696 
4 
509 693 695 696 
5 
509 512 693 694 696 
3 
693 694 695 
11 
13 16 670 671 698 699 700 1945 1946 1947 1948 
10 
13 14 15 16 697 699 700 1748 1946 1947 
6 
15 16 697 698 700 1947 
7 
16 671 697 698 699 1947 1948 
3 
702 703 704 
4 
701 703 704 716 
3 
701 702 704 
3 
701 702 703 
5 
706 707 708 1377 1378 
4 
705 707 708 1378 
5 
705 706 708 1378 1379 
7 
705 706 707 1377 1378 1379 1380 
4 
109 710 711 712 
5 
109 110 709 711 712 
7 
109 110 111 112 709 710 712 
5 
109 112 709 710 711 
3 
714 715 716 
3 
713 715 716 
3 
713 714 716 
4 
702 713 714 715 
3 
718 719 720 
3 
717 719 720 
4 
717 718 720 1685 
3 
717 718 719 
3 
722 723 724 
5 
721 723 724 1965 1968 
6 
721 722 724 1585 1586 1968 
4 
721 722 723 1585 
5 
333 479 726 727 728 
5 
333 334 725 727 728 
7 
333 334 335 336 725 726 728 
5 
333 336 725 726 727 
3 
730 731 732 
5 
729 731 732 1617 1620 
4 
729 730 732 1620 
3 
729 730 731 
4 
734 735 736 1101 
6 
733 735 736 1053 1101 1102 
9 
733 734 736 1053 1056 1101 1102 1103 1104 
5 
733 734 735 1101 1104 
3 
738 739 740 
6 
737 739 740 749 752 956 
7 
737 738 740 752 1430 1729 1730 
6 
737 738 739 1429 1430 1729 
5 
475 476 742 743 744 
4 
475 741 743 744 
3 
741 742 744 
3 
741 742 743 
8 
471 746 747 748 1047 1048 1411 1412 
5 
745 747 748 1047 1411 
4 
745 746 748 1446 
5 
745 746 747 1445 1446 
7 
738 750 751 752 955 956 1712 
6 
749 751 752 955 1711 1712 
3 
749 750 752 
6 
738 739 749 750 751 1730 
9 
97 98 754 755 756 1063 1064 1741 1744 
9 
98 753 755 756 1063 1741 1742 1743 1744 
7 
98 99 753 754 756 1743 1744 
8 
97 98 99 100 753 754 755 1744 
3 
758 759 760 
3 
757 759 760 
4 
757 758 760 1865 
3 
757 758 759 
5 
270 271 762 763 764 
3 
761 763 764 
3 
761 762 764 
4 
271 761 762 763 
5 
195 196 766 767 768 
4 
195 765 767 768 
6 
305 306 765 766 768 1825 
4 
305 765 766 767 
3 
770 771 772 
5 
769 771 772 1089 1556 
5 
769 770 772 1092 1125 
4 
769 770 771 786 
5 
774 775 776 1094 1095 
3 
773 775 776 
3 
773 774 776 
4 
773 774 775 1095 
7 
778 779 780 1635 1636 1746 1747 
4 
777 779 780 1635 
3 
777 778 780 
4 
777 778 779 1747 
5 
782 783 784 1121 1124 
9 
781 783 784 1121 1122 1123 1124 1461 1868 
8 
617 781 782 784 1123 1124 1461 1464 
5 
781 782 783 1124 1706 
4 
786 787 788 1439 
4 
772 785 787 788 
3 
785 786 788 
3 
785 786 787 
7 
547 548 790 791 792 1323 1815 
4 
547 789 791 792 
3 
789 790 792 
4 
789 790 791 1782 
3 
794 795 796 
3 
793 795 796 
3 
793 794 796 
3 
793 794 795 
5 
685 686 798 799 800 
4 
686 797 799 800 
6 
686 687 797 798 800 1342 
9 
685 686 687 688 797 798 799 1341 1342 
4 
630 802 803 804 
3 
801 803 804 
5 
33 34 801 802 804 
5 
33 631 801 802 803 
5 
806 807 808 1589 1590 
6 
805 807 808 1129 1590 1989 
10 
805 806 808 981 1129 1132 1590 1591 1989 1992 
7 
805 806 807 1589 1590 1591 1592 
7 
166 684 810 811 812 1767 1768 
6 
683 684 809 811 812 1767 
5 
249 250 809 810 812 
6 
166 167 249 809 810 811 
4 
814 815 816 1740 
5 
813 815 816 1739 1740 
3 
813 814 816 
3 
813 814 815 
3 
818 819 820 
3 
817 819 820 
4 
566 817 818 820 
5 
565 566 817 818 819 
3 
822 823 824 
5 
821 823 824 1301 1304 
4 
821 822 824 1304 
3 
821 822 823 
5 
826 827 828 1873 1876 
7 
825 827 828 1873 1874 1875 1876 
5 
825 826 828 1875 1876 
4 
825 826 827 1876 
3 
830 831 832 
5 
829 831 832 884 964 
3 
829 830 832 
3 
829 830 831 
10 
205 206 834 835 836 905 908 1622 1997 1998 
9 
206 833 835 836 905 906 907 908 1998 
10 
206 207 289 833 834 836 907 908 1998 1999 
15 
205 206 207 208 466 833 834 835 908 1622 1623 1997 1998 1999 2000 
3 
838 839 840 
6 
229 232 628 837 839 840 
4 
232 837 838 840 
3 
837 838 839 
4 
558 842 843 844 
5 
841 843 844 1233 1236 
4 
841 842 844 1236 
4 
559 841 842 843 
12 
117 118 119 120 846 847 848 958 1673 1674 1675 1676 
7 
118 119 845 847 848 1674 1675 
7 
119 845 846 848 1675 1981 1982 
10 
119 120 845 846 847 958 959 1675 1676 1981 
9 
850 851 852 1337 1338 1339 1340 1750 1751 
5 
849 851 852 1338 1339 
4 
849 850 852 1339 
6 
849 850 851 1339 1340 1751 
3 
854 855 856 
3 
853 855 856 
3 
853 854 856 
3 
853 854 855 
6 
589 590 858 859 860 1944 
6 
590 857 859 860 1943 1944 
8 
590 591 606 857 858 860 1961 1962 
10 
589 590 591 592 605 606 857 858 859 1961 
3 
862 863 864 
6 
177 180 861 863 864 1152 
5 
180 861 862 864 1305 
3 
861 862 863 
5 
321 324 866 867 868 
7 
321 322 323 324 865 867 868 
6 
323 324 865 866 868 1954 
6 
324 865 866 867 1953 1954 
7 
189 190 623 624 870 871 872 
6 
190 623 869 871 872 1628 
6 
190 191 869 870 872 1017 
7 
189 190 191 192 869 870 871 
3 
874 875 876 
3 
873 875 876 
3 
873 874 876 
3 
873 874 875 
3 
878 879 880 
5 
257 260 877 879 880 
4 
260 877 878 880 
3 
877 878 879 
4 
882 883 884 961 
6 
8 881 883 884 961 962 
7 
881 882 884 961 962 963 964 
6 
830 881 882 883 961 964 
5 
886 887 888 1659 1660 
6 
209 212 885 887 888 1659 
4 
212 885 886 888 
3 
885 886 887 
3 
890 891 892 
3 
889 891 892 
3 
889 890 892 
3 
889 890 891 
5 
619 894 895 896 1463 
5 
893 895 896 1493 1496 
4 
893 894 896 1496 
4 
474 893 894 895 
3 
898 899 900 
4 
897 899 900 1421 
5 
897 898 900 1421 1424 
3 
897 898 899 
3 
902 903 904 
3 
901 903 904 
3 
901 902 904 
3 
901 902 903 
8 
206 833 834 906 907 908 1622 1998 
4 
834 905 907 908 
6 
289 834 835 905 906 908 
13 
206 207 833 834 835 836 905 906 907 1622 1623 1998 1999 
5 
910 911 912 1445 1448 
7 
909 911 912 1445 1446 1447 1448 
6 
909 910 912 1447 1448 1661 
5 
34 909 910 911 1448 
6 
914 915 916 1515 1594 1595 
5 
913 915 916 1393 1396 
4 
913 914 916 1396 
4 
913 914 915 1595 
3 
918 919 920 
3 
917 919 920 
3 
917 918 920 
3 
917 918 919 
3 
922 923 924 
3 
921 923 924 
3 
921 922 924 
3 
921 922 923 
4 
67 926 927 928 
3 
925 927 928 
4 
254 925 926 928 
5 
253 254 925 926 927 
5 
930 931 932 1245 1246 
4 
929 931 932 1246 
6 
929 930 932 1246 1247 1630 
9 
929 930 931 1245 1246 1247 1248 1629 1630 
7 
237 238 239 240 934 935 936 
10 
238 239 576 649 652 933 935 936 1269 1272 
6 
239 652 933 934 936 1272 
5 
239 240 933 934 935 
9 
338 583 584 588 666 938 939 940 1392 
8 
583 587 588 937 939 940 1391 1392 
3 
937 938 940 
7 
338 339 666 667 937 938 939 
6 
942 943 944 1010 1011 1474 
3 
941 943 944 
3 
941 942 944 
6 
941 942 943 1011 1474 1475 
7 
357 358 946 947 948 1671 1672 
5 
358 945 947 948 1671 
5 
358 359 945 946 948 
7 
357 358 359 360 945 946 947 
7 
950 951 952 1413 1414 1415 1416 
5 
949 951 952 1414 1415 
6 
949 950 952 1001 1002 1415 
6 
949 950 951 1001 1415 1416 
7 
954 955 956 1523 1524 1709 1712 
8 
953 955 956 1523 1709 1710 1711 1712 
7 
749 750 953 954 956 1711 1712 
6 
738 749 953 954 955 1712 
7 
627 958 959 960 1771 1882 1883 
9 
117 120 845 848 957 959 960 1673 1676 
7 
120 848 957 958 960 1676 1981 
4 
957 958 959 1883 
8 
8 881 882 883 884 962 963 964 
7 
7 8 882 883 961 963 964 
4 
883 961 962 964 
6 
830 883 884 961 962 963 
6 
187 188 966 967 968 1191 
4 
187 965 967 968 
3 
965 966 968 
3 
965 966 967 
7 
350 351 525 526 970 971 972 
4 
526 969 971 972 
6 
526 527 969 970 972 1890 
10 
351 525 526 527 528 969 970 971 1889 1890 
5 
974 975 976 1289 1290 
4 
973 975 976 1290 
5 
973 974 976 1290 1291 
8 
973 974 975 1038 1289 1290 1291 1292 
7 
978 979 980 1919 1920 1993 1994 
5 
977 979 980 1919 1994 
6 
977 978 980 1041 1994 1995 
7 
977 978 979 1993 1994 1995 1996 
10 
807 982 983 984 1129 1132 1590 1591 1991 1992 
8 
981 983 984 1129 1130 1131 1132 1991 
8 
441 981 982 984 1131 1132 1753 1754 
6 
981 982 983 1132 1591 1753 
5 
622 986 987 988 1625 
7 
985 987 988 1309 1312 1625 1626 
10 
985 986 988 1312 1625 1626 1627 1628 1773 1774 
8 
622 623 985 986 987 1625 1628 1773 
4 
990 991 992 1363 
3 
989 991 992 
3 
989 990 992 
4 
989 990 991 1426 
6 
673 676 994 995 996 1417 
9 
673 674 675 676 993 995 996 1417 1418 
9 
675 676 993 994 996 1417 1418 1419 1420 
7 
290 676 993 994 995 1417 1420 
4 
998 999 1000 1459 
3 
997 999 1000 
5 
997 998 1000 1765 1766 
4 
997 998 999 1765 
5 
951 952 1002 1003 1004 
4 
951 1001 1003 1004 
3 
1001 1002 1004 
3 
1001 1002 1003 
4 
1006 1007 1008 1548 
6 
1005 1007 1008 1547 1548 1821 
5 
1005 1006 1008 1821 1824 
3 
1005 1006 1007 
3 
1010 1011 1012 
4 
941 1009 1011 1012 
6 
941 944 1009 1010 1012 1474 
5 
1009 1010 1011 1473 1474 
3 
1014 1015 1016 
3 
1013 1015 1016 
3 
1013 1014 1016 
3 
1013 1014 1015 
5 
409 871 1018 1019 1020 
5 
409 410 1017 1019 1020 
8 
409 410 411 412 549 1017 1018 1020 
5 
409 412 1017 1018 1019 
4 
1022 1023 1024 1373 
5 
1021 1023 1024 1373 1374 
7 
1021 1022 1024 1373 1374 1375 1376 
5 
1021 1022 1023 1373 1376 
3 
1026 1027 1028 
3 
1025 1027 1028 
7 
1025 1026 1028 1393 1394 1969 1970 
5 
1025 1026 1027 1393 1969 
3 
1030 1031 1032 
3 
1029 1031 1032 
3 
1029 1030 1032 
3 
1029 1030 1031 
10 
221 222 223 224 1034 1035 1036 1162 1163 1479 
5 
222 223 1033 1035 1036 
5 
223 1033 1034 1036 1441 
6 
223 224 1033 1034 1035 1163 
7 
30 31 1038 1039 1040 1978 1979 
5 
976 1037 1039 1040 1292 
3 
1037 1038 1040 
5 
31 1037 1038 1039 1979 
6 
979 1042 1043 1044 1994 1995 
3 
1041 1043 1044 
3 
1041 1042 1044 
4 
1041 1042 1043 1995 
6 
470 1046 1047 1048 1409 1410 
4 
1045 1047 1048 1410 
7 
745 746 1045 1046 1048 1410 1411 
10 
470 471 745 1045 1046 1047 1409 1410 1411 1412 
7 
63 64 146 147 1050 1051 1052 
4 
63 1049 1051 1052 
3 
1049 1050 1052 
4 
147 1049 1050 1051 
9 
734 735 1054 1055 1056 1101 1102 1103 1104 
6 
1053 1055 1056 1102 1103 1344 
4 
1053 1054 1056 1103 
6 
735 1053 1054 1055 1103 1104 
3 
1058 1059 1060 
4 
1057 1059 1060 1717 
8 
149 150 1057 1058 1060 1157 1717 1720 
4 
149 1057 1058 1059 
5 
258 259 1062 1063 1064 
6 
72 1061 1063 1064 1452 1741 
7 
753 754 1061 1062 1064 1741 1744 
5 
259 753 1061 1062 1063 
5 
1066 1067 1068 1418 1419 
4 
1065 1067 1068 1377 
5 
1065 1066 1068 1377 1380 
4 
1065 1066 1067 1419 
5 
1070 1071 1072 1143 1144 
4 
1069 1071 1072 1143 
3 
1069 1070 1072 
3 
1069 1070 1071 
5 
1074 1075 1076 1154 1155 
3 
1073 1075 1076 
5 
370 1073 1074 1076 1238 
8 
369 370 1073 1074 1075 1155 1237 1238 
4 
1078 1079 1080 1571 
3 
1077 1079 1080 
3 
1077 1078 1080 
5 
38 214 1077 1078 1079 
6 
9 1082 1083 1084 1731 1732 
6 
9 10 1081 1083 1084 1731 
5 
11 12 1081 1082 1084 
5 
12 1081 1082 1083 1810 
5 
1086 1087 1088 1985 1986 
9 
221 224 1085 1087 1088 1161 1164 1480 1986 
7 
224 1085 1086 1088 1164 1986 1987 
7 
1085 1086 1087 1985 1986 1987 1988 
6 
770 1090 1091 1092 1555 1556 
4 
1089 1091 1092 1555 
5 
1089 1090 1092 1125 1126 
5 
771 1089 1090 1091 1125 
3 
1094 1095 1096 
4 
773 1093 1095 1096 
5 
773 776 1093 1094 1096 
4 
1093 1094 1095 1854 
4 
1098 1099 1100 1436 
7 
520 1097 1099 1100 1336 1435 1436 
3 
1097 1098 1100 
3 
1097 1098 1099 
8 
733 734 735 736 1053 1102 1103 1104 
10 
688 734 735 1053 1054 1101 1103 1104 1341 1344 
9 
735 1053 1054 1055 1056 1101 1102 1104 1344 
7 
735 736 1053 1056 1101 1102 1103 
3 
1106 1107 1108 
3 
1105 1107 1108 
3 
1105 1106 1108 
4 
1105 1106 1107 1362 
5 
446 447 1110 1111 1112 
4 
61 1109 1111 1112 
5 
61 64 1109 1110 1112 
4 
447 1109 1110 1111 
3 
1114 1115 1116 
3 
1113 1115 1116 
3 
1113 1114 1116 
3 
1113 1114 1115 
3 
1118 1119 1120 
3 
1117 1119 1120 
4 
122 1117 1118 1120 
5 
121 122 1117 1118 1119 
6 
781 782 1122 1123 1124 1868 
6 
782 1121 1123 1124 1867 1868 
9 
617 618 782 783 1121 1122 1124 1461 1462 
9 
617 781 782 783 784 1121 1122 1123 1461 
6 
771 1091 1092 1126 1127 1128 
4 
1091 1125 1127 1128 
3 
1125 1126 1128 
4 
154 1125 1126 1127 
12 
806 807 981 982 1130 1131 1132 1590 1989 1990 1991 1992 
6 
982 1129 1131 1132 1990 1991 
6 
982 983 1129 1130 1132 1991 
11 
807 981 982 983 984 1129 1130 1131 1591 1991 1992 
3 
1134 1135 1136 
3 
1133 1135 1136 
5 
81 82 1133 1134 1136 
4 
81 1133 1134 1135 
3 
1138 1139 1140 
5 
1137 1139 1140 1509 1512 
6 
1137 1138 1140 1512 1725 1726 
4 
1137 1138 1139 1725 
3 
1142 1143 1144 
3 
1141 1143 1144 
5 
1069 1070 1141 1142 1144 
4 
1069 1141 1142 1143 
3 
1146 1147 1148 
3 
1145 1147 1148 
3 
1145 1146 1148 
3 
1145 1146 1147 
5 
341 344 1150 1151 1152 
7 
341 342 343 344 1149 1151 1152 
7 
177 178 343 344 1149 1150 1152 
6 
177 344 862 1149 1150 1151 
5 
1154 1155 1156 1871 1872 
5 
1073 1153 1155 1156 1871 
8 
369 370 1073 1076 1153 1154 1156 1237 
5 
369 1153 1154 1155 1686 
7 
150 1059 1158 1159 1160 1719 1720 
6 
37 213 1157 1159 1160 1719 
10 
37 40 213 216 505 506 1157 1158 1160 1321 
5 
151 505 1157 1158 1159 
9 
221 224 1086 1162 1163 1164 1477 1480 1986 
10 
221 222 223 224 1033 1161 1163 1164 1478 1479 
8 
223 224 1033 1036 1161 1162 1164 1479 
9 
224 1086 1087 1161 1162 1163 1480 1986 1987 
3 
1166 1167 1168 
6 
32 1165 1167 1168 1977 1980 
4 
1165 1166 1168 1980 
3 
1165 1166 1167 
5 
1170 1171 1172 1805 1808 
9 
165 168 1169 1171 1172 1805 1806 1807 1808 
6 
168 1169 1170 1172 1807 1808 
4 
1169 1170 1171 1808 
3 
1174 1175 1176 
5 
1173 1175 1176 1189 1192 
4 
1173 1174 1176 1192 
3 
1173 1174 1175 
3 
1178 1179 1180 
4 
184 1177 1179 1180 
3 
1177 1178 1180 
3 
1177 1178 1179 
11 
42 43 501 502 503 504 1182 1183 1184 1906 1907 
5 
502 503 1181 1183 1184 
4 
503 1181 1182 1184 
7 
43 503 504 1181 1182 1183 1907 
3 
1186 1187 1188 
3 
1185 1187 1188 
3 
1185 1186 1188 
3 
1185 1186 1187 
5 
185 1174 1190 1191 1192 
5 
185 186 1189 1191 1192 
8 
185 186 187 188 965 1189 1190 1192 
7 
185 188 1174 1175 1189 1190 1191 
5 
1194 1195 1196 1877 1878 
5 
1193 1195 1196 1716 1878 
5 
1193 1194 1196 1878 1879 
7 
1193 1194 1195 1877 1878 1879 1880 
6 
1198 1199 1200 1267 1268 1735 
4 
1197 1199 1200 1267 
3 
1197 1198 1200 
3 
1197 1198 1199 
5 
437 440 1202 1203 1204 
7 
437 438 439 440 1201 1203 1204 
5 
439 440 1201 1202 1204 
4 
440 1201 1202 1203 
3 
1206 1207 1208 
5 
1205 1207 1208 1929 1932 
5 
574 1205 1206 1208 1932 
5 
573 574 1205 1206 1207 
11 
169 170 433 434 435 436 1210 1211 1212 1354 1355 
6 
170 434 435 1209 1211 1212 
8 
170 171 435 1209 1210 1212 1273 1274 
11 
169 170 171 172 435 436 1209 1210 1211 1273 1355 
3 
1214 1215 1216 
4 
621 1213 1215 1216 
6 
621 624 1213 1214 1216 1938 
6 
314 1213 1214 1215 1937 1938 
4 
46 1218 1219 1220 
3 
1217 1219 1220 
3 
1217 1218 1220 
5 
46 47 1217 1218 1219 
8 
241 242 243 244 1222 1223 1224 1432 
9 
242 243 1221 1223 1224 1431 1432 1729 1732 
5 
243 1221 1222 1224 1732 
6 
243 244 1221 1222 1223 1694 
4 
22 1226 1227 1228 
3 
1225 1227 1228 
3 
1225 1226 1228 
5 
22 23 1225 1226 1227 
5 
78 79 1230 1231 1232 
5 
353 356 1229 1231 1232 
4 
356 1229 1230 1232 
4 
79 1229 1230 1231 
5 
159 842 1234 1235 1236 
3 
1233 1235 1236 
6 
1233 1234 1236 1281 1282 1381 
6 
842 843 1233 1234 1235 1281 
9 
369 370 371 372 1076 1155 1238 1239 1240 
7 
370 371 1075 1076 1237 1239 1240 
4 
371 1237 1238 1240 
5 
371 372 1237 1238 1239 
3 
1242 1243 1244 
4 
277 1241 1243 1244 
5 
277 280 1241 1242 1244 
3 
1241 1242 1243 
5 
929 932 1246 1247 1248 
7 
929 930 931 932 1245 1247 1248 
7 
931 932 1245 1246 1248 1629 1630 
5 
932 1245 1246 1247 1629 
5 
1250 1251 1252 1728 1898 
4 
1249 1251 1252 1727 
5 
497 498 1249 1250 1252 
6 
497 1249 1250 1251 1698 1899 
3 
1254 1255 1256 
3 
1253 1255 1256 
5 
285 286 1253 1254 1256 
4 
285 1253 1254 1255 
3 
1258 1259 1260 
4 
45 1257 1259 1260 
5 
45 48 1257 1258 1260 
3 
1257 1258 1259 
3 
1262 1263 1264 
3 
1261 1263 1264 
3 
1261 1262 1264 
3 
1261 1262 1263 
5 
1266 1267 1268 1733 1734 
4 
1265 1267 1268 1734 
7 
1197 1198 1265 1266 1268 1734 1735 
8 
1197 1265 1266 1267 1733 1734 1735 1736 
12 
238 239 575 576 649 650 651 652 934 1270 1271 1272 
6 
575 650 651 1269 1271 1272 
4 
651 1269 1270 1272 
8 
239 651 652 934 935 1269 1270 1271 
9 
170 171 435 1211 1212 1274 1275 1276 1402 
4 
1211 1273 1275 1276 
4 
573 1273 1274 1276 
6 
171 1273 1274 1275 1402 1403 
3 
1278 1279 1280 
3 
1277 1279 1280 
3 
1277 1278 1280 
3 
1277 1278 1279 
6 
1235 1236 1282 1283 1284 1381 
6 
1235 1281 1283 1284 1381 1382 
5 
1281 1282 1284 1383 1384 
4 
1281 1282 1283 1384 
6 
85 86 148 1286 1287 1288 
6 
86 147 148 1285 1287 1288 
5 
86 87 1285 1286 1288 
7 
85 86 87 88 1285 1286 1287 
5 
973 976 1290 1291 1292 
7 
973 974 975 976 1289 1291 1292 
5 
975 976 1289 1290 1292 
5 
976 1038 1289 1290 1291 
3 
1294 1295 1296 
4 
629 1293 1295 1296 
5 
629 632 1293 1294 1296 
3 
1293 1294 1295 
3 
1298 1299 1300 
3 
1297 1299 1300 
3 
1297 1298 1300 
3 
1297 1298 1299 
4 
822 1302 1303 1304 
3 
1301 1303 1304 
3 
1301 1302 1304 
5 
822 823 1301 1302 1303 
6 
179 180 863 1306 1307 1308 
4 
179 1305 1307 1308 
3 
1305 1306 1308 
3 
1305 1306 1307 
5 
986 1310 1311 1312 1626 
3 
1309 1311 1312 
4 
1309 1310 1312 1774 
9 
986 987 1309 1310 1311 1626 1627 1773 1774 
9 
527 528 1314 1315 1316 1457 1458 1889 1892 
9 
527 1313 1315 1316 1458 1889 1890 1891 1892 
7 
1313 1314 1316 1458 1459 1891 1892 
8 
1313 1314 1315 1457 1458 1459 1460 1892 
4 
1318 1319 1320 1574 
3 
1317 1319 1320 
3 
1317 1318 1320 
7 
418 490 1317 1318 1319 1574 1575 
11 
40 216 505 506 507 508 1159 1322 1323 1324 1813 
13 
39 40 215 216 506 507 545 548 1321 1323 1324 1813 1814 
10 
507 548 789 1321 1322 1324 1813 1814 1815 1816 
7 
507 508 1321 1322 1323 1813 1816 
5 
227 228 1326 1327 1328 
4 
227 1325 1327 1328 
4 
434 1325 1326 1328 
5 
433 434 1325 1326 1327 
3 
1330 1331 1332 
3 
1329 1331 1332 
3 
1329 1330 1332 
3 
1329 1330 1331 
7 
517 518 1334 1335 1336 1434 1667 
4 
518 1333 1335 1336 
5 
518 519 1333 1334 1336 
10 
517 518 519 520 1098 1333 1334 1335 1434 1435 
6 
849 1338 1339 1340 1749 1750 
6 
849 850 1337 1339 1340 1750 
8 
849 850 851 852 1337 1338 1340 1751 
7 
849 852 1337 1338 1339 1751 1752 
9 
685 686 687 688 800 1102 1342 1343 1344 
7 
686 687 799 800 1341 1343 1344 
4 
687 1341 1342 1344 
8 
687 688 1054 1102 1103 1341 1342 1343 
5 
1346 1347 1348 1861 1864 
7 
1345 1347 1348 1861 1862 1863 1864 
5 
1345 1346 1348 1863 1864 
4 
1345 1346 1347 1864 
3 
1350 1351 1352 
5 
1349 1351 1352 1781 1784 
5 
50 1349 1350 1352 1784 
5 
49 50 1349 1350 1351 
3 
1354 1355 1356 
6 
169 433 1209 1353 1355 1356 
9 
169 172 436 1209 1212 1353 1354 1356 1406 
5 
1353 1354 1355 1405 1406 
3 
1358 1359 1360 
3 
1357 1359 1360 
3 
1357 1358 1360 
3 
1357 1358 1359 
3 
1362 1363 1364 
4 
1108 1361 1363 1364 
4 
989 1361 1362 1364 
4 
1361 1362 1363 1618 
4 
467 1366 1367 1368 
7 
25 28 389 392 1365 1367 1368 
7 
13 28 392 670 1365 1366 1368 
5 
669 670 1365 1366 1367 
3 
1370 1371 1372 
3 
1369 1371 1372 
4 
1369 1370 1372 1921 
3 
1369 1370 1371 
7 
1021 1022 1023 1024 1374 1375 1376 
5 
1022 1023 1373 1375 1376 
4 
1023 1373 1374 1376 
5 
1023 1024 1373 1374 1375 
7 
705 708 1066 1067 1378 1379 1380 
7 
705 706 707 708 1377 1379 1380 
5 
707 708 1377 1378 1380 
6 
708 1067 1377 1378 1379 1582 
6 
1235 1281 1282 1382 1383 1384 
6 
1282 1381 1383 1384 1601 1604 
5 
1283 1381 1382 1384 1604 
5 
1283 1284 1381 1382 1383 
4 
1386 1387 1388 1830 
3 
1385 1387 1388 
3 
1385 1386 1388 
5 
1385 1386 1387 1830 1831 
10 
427 428 582 585 586 587 588 1390 1391 1392 
7 
427 586 587 1389 1391 1392 1404 
5 
587 938 1389 1390 1392 
9 
583 587 588 666 937 938 1389 1390 1391 
7 
914 1027 1028 1394 1395 1396 1969 
6 
1027 1393 1395 1396 1969 1970 
7 
1393 1394 1396 1969 1970 1971 1972 
7 
914 915 1393 1394 1395 1969 1972 
7 
1398 1399 1400 1557 1558 1559 1560 
5 
1397 1399 1400 1558 1559 
4 
1397 1398 1400 1559 
5 
1397 1398 1399 1559 1560 
8 
172 426 427 586 1402 1403 1404 1407 
7 
171 172 1273 1276 1401 1403 1404 
5 
237 1276 1401 1402 1404 
7 
427 586 587 1390 1401 1402 1403 
6 
425 426 1356 1406 1407 1408 
9 
169 172 426 436 1355 1356 1405 1407 1408 
8 
172 426 427 586 1401 1405 1406 1408 
9 
425 426 427 428 585 586 1405 1406 1407 
7 
469 470 1045 1048 1410 1411 1412 
8 
470 1045 1046 1047 1048 1409 1411 1412 
8 
471 745 746 1047 1048 1409 1410 1412 
7 
471 472 745 1048 1409 1410 1411 
4 
949 1414 1415 1416 
5 
949 950 1413 1415 1416 
7 
949 950 951 952 1413 1414 1416 
5 
949 952 1413 1414 1415 
9 
675 676 993 994 995 996 1418 1419 1420 
7 
675 994 995 1065 1417 1419 1420 
7 
995 1065 1068 1417 1418 1420 1634 
7 
995 996 1417 1418 1419 1633 1634 
6 
561 898 899 1422 1423 1424 
5 
561 562 1421 1423 1424 
7 
561 562 563 564 1421 1422 1424 
6 
561 564 899 1421 1422 1423 
3 
1426 1427 1428 
4 
992 1425 1427 1428 
3 
1425 1426 1428 
3 
1425 1426 1427 
6 
242 740 1430 1431 1432 1729 
7 
739 740 1429 1431 1432 1729 1730 
8 
1222 1429 1430 1432 1729 1730 1731 1732 
9 
242 243 1221 1222 1429 1430 1431 1729 1732 
5 
1434 1435 1436 1667 1668 
8 
517 520 1333 1336 1433 1435 1436 1667 
6 
520 1098 1336 1433 1434 1436 
5 
1097 1098 1433 1434 1435 
3 
1438 1439 1440 
3 
1437 1439 1440 
4 
785 1437 1438 1440 
4 
1437 1438 1439 1966 
4 
1035 1442 1443 1444 
3 
1441 1443 1444 
5 
1441 1442 1444 1801 1802 
4 
1441 1442 1443 1801 
6 
748 909 910 1446 1447 1448 
6 
747 748 910 1445 1447 1448 
5 
910 911 1445 1446 1448 
7 
909 910 911 912 1445 1446 1447 
6 
69 72 459 1450 1451 1452 
7 
69 70 71 72 1449 1451 1452 
7 
71 72 1449 1450 1452 1741 1742 
6 
72 1062 1449 1450 1451 1741 
3 
1454 1455 1456 
3 
1453 1455 1456 
3 
1453 1454 1456 
3 
1453 1454 1455 
6 
1313 1316 1458 1459 1460 1892 
9 
1313 1314 1315 1316 1457 1459 1460 1891 1892 
6 
997 1315 1316 1457 1458 1460 
4 
1316 1457 1458 1459 
9 
617 618 782 783 1123 1124 1462 1463 1464 
5 
618 1123 1461 1463 1464 
6 
618 619 893 1461 1462 1464 
8 
617 618 619 620 783 1461 1462 1463 
5 
265 268 1466 1467 1468 
7 
265 266 267 268 1465 1467 1468 
5 
267 268 1465 1466 1468 
5 
182 268 1465 1466 1467 
5 
405 406 1470 1471 1472 
4 
406 1469 1471 1472 
5 
406 407 1469 1470 1472 
7 
405 406 407 408 1469 1470 1471 
4 
1012 1474 1475 1476 
7 
941 944 1011 1012 1473 1475 1476 
4 
944 1473 1474 1476 
3 
1473 1474 1475 
5 
221 1161 1478 1479 1480 
6 
221 222 1162 1477 1479 1480 
10 
221 222 223 224 1033 1162 1163 1477 1478 1480 
9 
221 224 1086 1161 1164 1477 1478 1479 1986 
9 
678 679 1482 1483 1484 1649 1650 1651 1652 
5 
1481 1483 1484 1650 1651 
4 
1481 1482 1484 1651 
6 
679 1481 1482 1483 1651 1652 
3 
1486 1487 1488 
3 
1485 1487 1488 
3 
1485 1486 1488 
4 
1485 1486 1487 1798 
3 
1490 1491 1492 
3 
1489 1491 1492 
3 
1489 1490 1492 
3 
1489 1490 1491 
4 
894 1494 1495 1496 
3 
1493 1495 1496 
6 
1493 1494 1496 1577 1933 1934 
6 
894 895 1493 1494 1495 1933 
7 
537 538 539 540 1498 1499 1500 
5 
538 539 1497 1499 1500 
4 
539 1497 1498 1500 
5 
539 540 1497 1498 1499 
3 
1502 1503 1504 
5 
1501 1503 1504 1677 1680 
4 
1501 1502 1504 1680 
3 
1501 1502 1503 
4 
1506 1507 1508 1578 
3 
1505 1507 1508 
3 
1505 1506 1508 
5 
1505 1506 1507 1578 1579 
5 
349 1138 1510 1511 1512 
6 
349 350 556 1509 1511 1512 
8 
349 350 351 352 525 1509 1510 1512 
8 
349 352 1138 1139 1509 1510 1511 1726 
4 
1514 1515 1516 1593 
5 
1513 1515 1516 1593 1594 
8 
913 1513 1514 1516 1593 1594 1595 1596 
5 
1513 1514 1515 1593 1596 
4 
373 1518 1519 1520 
5 
373 374 1517 1519 1520 
8 
373 374 375 376 1517 1518 1520 1690 
7 
373 376 1517 1518 1519 1689 1690 
3 
1522 1523 1524 
4 
1521 1523 1524 1709 
7 
953 954 1521 1522 1524 1709 1712 
4 
953 1521 1522 1523 
3 
1526 1527 1528 
3 
1525 1527 1528 
3 
1525 1526 1528 
3 
1525 1526 1527 
3 
1530 1531 1532 
3 
1529 1531 1532 
5 
653 654 1529 1530 1532 
5 
653 1529 1530 1531 1638 
3 
1534 1535 1536 
3 
1533 1535 1536 
3 
1533 1534 1536 
3 
1533 1534 1535 
5 
656 1538 1539 1540 1639 
5 
655 656 1537 1539 1540 
4 
234 1537 1538 1540 
5 
233 234 1537 1538 1539 
6 
176 361 364 1542 1543 1544 
9 
175 176 361 362 363 364 1541 1543 1544 
5 
363 364 1541 1542 1544 
4 
364 1541 1542 1543 
4 
635 1546 1547 1548 
3 
1545 1547 1548 
4 
1006 1545 1546 1548 
5 
1005 1006 1545 1546 1547 
4 
1550 1551 1552 1923 
3 
1549 1551 1552 
3 
1549 1550 1552 
3 
1549 1550 1551 
4 
3 1554 1555 1556 
3 
1553 1555 1556 
5 
1089 1090 1553 1554 1556 
5 
770 1089 1553 1554 1555 
4 
1397 1558 1559 1560 
5 
1397 1398 1557 1559 1560 
7 
1397 1398 1399 1400 1557 1558 1560 
5 
1397 1400 1557 1558 1559 
3 
1562 1563 1564 
3 
1561 1563 1564 
5 
57 58 1561 1562 1564 
4 
57 1561 1562 1563 
3 
1566 1567 1568 
3 
1565 1567 1568 
3 
1565 1566 1568 
3 
1565 1566 1567 
3 
1570 1571 1572 
4 
1569 1571 1572 1848 
4 
1077 1569 1570 1572 
3 
1569 1570 1571 
3 
1574 1575 1576 
5 
1317 1320 1573 1575 1576 
7 
417 418 490 1320 1573 1574 1576 
6 
417 489 490 1573 1574 1575 
6 
1495 1578 1579 1580 1933 1934 
6 
1505 1508 1577 1579 1580 1934 
6 
1508 1577 1578 1580 1934 1935 
7 
1577 1578 1579 1933 1934 1935 1936 
3 
1582 1583 1584 
4 
1380 1581 1583 1584 
4 
17 1581 1582 1584 
3 
1581 1582 1583 
7 
301 302 723 724 1586 1587 1588 
5 
302 723 1585 1587 1588 
5 
302 303 1585 1586 1588 
7 
301 302 303 304 1585 1586 1587 
5 
805 808 1590 1591 1592 
11 
805 806 807 808 981 1129 1589 1591 1592 1989 1992 
9 
807 808 981 984 1132 1589 1590 1592 1992 
4 
808 1589 1590 1591 
7 
1513 1514 1515 1516 1594 1595 1596 
6 
913 1514 1515 1593 1595 1596 
6 
913 916 1515 1593 1594 1596 
5 
1515 1516 1593 1594 1595 
3 
1598 1599 1600 
3 
1597 1599 1600 
3 
1597 1598 1600 
3 
1597 1598 1599 
4 
1382 1602 1603 1604 
3 
1601 1603 1604 
3 
1601 1602 1604 
5 
1382 1383 1601 1602 1603 
3 
1606 1607 1608 
3 
1605 1607 1608 
3 
1605 1606 1608 
4 
502 1605 1606 1607 
5 
141 521 1610 1611 1612 
7 
141 142 521 522 1609 1611 1612 
12 
141 142 143 144 521 522 523 524 1609 1610 1612 1958 
9 
141 144 521 524 1609 1610 1611 1957 1958 
5 
330 331 1614 1615 1616 
3 
1613 1615 1616 
3 
1613 1614 1616 
4 
331 1613 1614 1615 
7 
91 92 347 730 1618 1619 1620 
5 
91 1364 1617 1619 1620 
3 
1617 1618 1620 
5 
730 731 1617 1618 1619 
7 
205 594 595 1622 1623 1624 1997 
11 
205 206 833 836 905 908 1621 1623 1624 1997 1998 
14 
205 206 207 208 466 836 908 1621 1622 1624 1997 1998 1999 2000 
10 
205 208 465 466 595 1621 1622 1623 1997 2000 
9 
622 985 986 987 988 1626 1627 1628 1773 
9 
986 987 1309 1312 1625 1627 1628 1773 1774 
9 
987 1312 1625 1626 1628 1773 1774 1775 1776 
10 
622 623 870 987 988 1625 1626 1627 1773 1776 
6 
932 1247 1248 1630 1631 1632 
6 
931 932 1247 1629 1631 1632 
3 
1629 1630 1632 
3 
1629 1630 1631 
6 
291 390 1420 1634 1635 1636 
5 
1419 1420 1633 1635 1636 
5 
777 778 1633 1634 1636 
7 
390 391 777 1633 1634 1635 1746 
4 
442 1638 1639 1640 
5 
653 1532 1637 1639 1640 
6 
653 656 1537 1637 1638 1640 
5 
442 443 1637 1638 1639 
3 
1642 1643 1644 
3 
1641 1643 1644 
3 
1641 1642 1644 
3 
1641 1642 1643 
3 
1646 1647 1648 
4 
296 1645 1647 1648 
3 
1645 1646 1648 
4 
578 1645 1646 1647 
5 
678 1481 1650 1651 1652 
5 
1481 1482 1649 1651 1652 
7 
1481 1482 1483 1484 1649 1650 1652 
7 
678 679 1481 1484 1649 1650 1651 
3 
1654 1655 1656 
4 
332 1653 1655 1656 
3 
1653 1654 1656 
3 
1653 1654 1655 
3 
1658 1659 1660 
3 
1657 1659 1660 
6 
209 885 886 1657 1658 1660 
4 
885 1657 1658 1659 
4 
911 1662 1663 1664 
3 
1661 1663 1664 
3 
1661 1662 1664 
3 
1661 1662 1663 
3 
1666 1667 1668 
4 
1665 1667 1668 1832 
7 
517 1333 1433 1434 1665 1666 1668 
4 
1433 1665 1666 1667 
3 
1670 1671 1672 
3 
1669 1671 1672 
7 
357 358 945 946 1669 1670 1672 
5 
357 945 1669 1670 1671 
7 
117 118 845 958 1674 1675 1676 
6 
118 845 846 1673 1675 1676 
9 
118 119 845 846 847 848 1673 1674 1676 
11 
117 118 119 120 845 848 958 959 1673 1674 1675 
4 
1502 1678 1679 1680 
5 
485 488 1677 1679 1680 
4 
488 1677 1678 1680 
5 
1502 1503 1677 1678 1679 
3 
1682 1683 1684 
3 
1681 1683 1684 
3 
1681 1682 1684 
3 
1681 1682 1683 
4 
719 1686 1687 1688 
4 
1156 1685 1687 1688 
3 
1685 1686 1688 
3 
1685 1686 1687 
6 
373 376 1520 1690 1691 1692 
9 
373 374 375 376 1519 1520 1689 1691 1692 
7 
106 375 376 421 1689 1690 1692 
6 
105 106 376 1689 1690 1691 
3 
1694 1695 1696 
4 
1224 1693 1695 1696 
3 
1693 1694 1696 
3 
1693 1694 1695 
4 
1698 1699 1700 1900 
6 
1252 1697 1699 1700 1899 1900 
3 
1697 1698 1700 
3 
1697 1698 1699 
4 
385 1702 1703 1704 
5 
385 386 1701 1703 1704 
7 
385 386 387 388 1701 1702 1704 
5 
385 388 1701 1702 1703 
6 
73 133 134 1706 1707 1708 
7 
73 74 134 784 1705 1707 1708 
9 
73 74 75 76 134 135 1705 1706 1708 
9 
73 76 133 134 135 136 1705 1706 1707 
7 
953 954 1522 1523 1710 1711 1712 
4 
954 1709 1711 1712 
6 
750 954 955 1709 1710 1712 
10 
749 750 953 954 955 956 1523 1709 1710 1711 
4 
541 1714 1715 1716 
5 
541 542 1713 1715 1716 
7 
541 542 543 544 1713 1714 1716 
6 
541 544 1194 1713 1714 1715 
7 
149 150 1058 1059 1718 1719 1720 
4 
150 1717 1719 1720 
7 
150 151 1157 1158 1717 1718 1720 
9 
149 150 151 152 1059 1157 1717 1718 1719 
3 
1722 1723 1724 
3 
1721 1723 1724 
3 
1721 1722 1724 
3 
1721 1722 1723 
5 
1139 1140 1726 1727 1728 
7 
349 352 1139 1512 1725 1727 1728 
5 
352 1250 1725 1726 1728 
5 
1249 1725 1726 1727 1898 
10 
739 740 1222 1429 1430 1431 1432 1730 1731 1732 
7 
739 752 1430 1431 1729 1731 1732 
8 
9 10 1081 1082 1431 1729 1730 1732 
9 
9 1081 1222 1223 1431 1432 1729 1730 1731 
5 
1265 1268 1734 1735 1736 
7 
1265 1266 1267 1268 1733 1735 1736 
6 
1197 1267 1268 1733 1734 1736 
4 
1268 1733 1734 1735 
3 
1738 1739 1740 
3 
1737 1739 1740 
4 
814 1737 1738 1740 
5 
813 814 1737 1738 1739 
9 
753 754 1062 1063 1451 1452 1742 1743 1744 
5 
754 1451 1741 1743 1744 
5 
754 755 1741 1742 1744 
9 
98 753 754 755 756 1063 1741 1742 1743 
8 
27 389 390 391 392 1746 1747 1748 
7 
390 391 777 1636 1745 1747 1748 
7 
14 391 777 780 1745 1746 1748 
9 
13 14 391 392 698 1745 1746 1747 1946 
4 
1337 1750 1751 1752 
6 
849 1337 1338 1749 1751 1752 
7 
849 852 1339 1340 1749 1750 1752 
4 
1340 1749 1750 1751 
5 
983 984 1754 1755 1756 
5 
441 983 1753 1755 1756 
5 
444 534 1753 1754 1756 
6 
130 533 534 1753 1754 1755 
3 
1758 1759 1760 
3 
1757 1759 1760 
3 
1757 1758 1760 
3 
1757 1758 1759 
4 
449 1762 1763 1764 
5 
449 450 1761 1763 1764 
7 
449 450 451 452 1761 1762 1764 
5 
449 452 1761 1762 1763 
5 
999 1000 1766 1767 1768 
5 
681 999 1765 1767 1768 
7 
681 684 809 810 1765 1766 1768 
4 
809 1765 1766 1767 
4 
625 1770 1771 1772 
6 
372 625 626 1769 1771 1772 
11 
230 625 626 627 628 957 1769 1770 1772 1881 1882 
8 
229 230 625 628 1769 1770 1771 1881 
10 
987 988 1312 1625 1626 1627 1628 1774 1775 1776 
8 
987 1311 1312 1626 1627 1773 1775 1776 
4 
1627 1773 1774 1776 
5 
1627 1628 1773 1774 1775 
7 
497 498 499 500 1778 1779 1780 
5 
498 499 1777 1779 1780 
4 
499 1777 1778 1780 
5 
499 500 1777 1778 1779 
4 
1350 1782 1783 1784 
4 
792 1781 1783 1784 
3 
1781 1782 1784 
5 
1350 1351 1781 1782 1783 
4 
380 1786 1787 1788 
5 
379 380 1785 1787 1788 
5 
89 345 1785 1786 1788 
3 
1785 1786 1787 
4 
161 1790 1791 1792 
7 
161 162 453 456 1789 1791 1792 
8 
161 162 163 164 456 1789 1790 1792 
5 
161 164 1789 1790 1791 
6 
167 168 1794 1795 1796 1807 
6 
167 249 252 1793 1795 1796 
4 
252 1793 1794 1796 
3 
1793 1794 1795 
3 
1798 1799 1800 
5 
317 1488 1797 1799 1800 
5 
317 320 1797 1798 1800 
3 
1797 1798 1799 
5 
1443 1444 1802 1803 1804 
4 
1443 1801 1803 1804 
3 
1801 1802 1804 
3 
1801 1802 1803 
5 
1169 1170 1806 1807 1808 
6 
165 168 1170 1805 1807 1808 
7 
168 1170 1171 1793 1805 1806 1808 
7 
1169 1170 1171 1172 1805 1806 1807 
3 
1810 1811 1812 
5 
12 1084 1809 1811 1812 
4 
478 1809 1810 1812 
5 
477 478 1809 1810 1811 
13 
215 216 506 507 545 548 1321 1322 1323 1324 1814 1815 1816 
10 
215 545 546 547 548 1322 1323 1813 1815 1816 
7 
547 548 789 1323 1813 1814 1816 
7 
507 548 1323 1324 1813 1814 1815 
3 
1818 1819 1820 
3 
1817 1819 1820 
3 
1817 1818 1820 
3 
1817 1818 1819 
5 
1006 1007 1822 1823 1824 
3 
1821 1823 1824 
3 
1821 1822 1824 
4 
1007 1821 1822 1823 
6 
305 306 767 1826 1827 1828 
4 
306 1825 1827 1828 
5 
306 307 1825 1826 1828 
7 
305 306 307 308 1825 1826 1827 
3 
1830 1831 1832 
5 
1385 1388 1829 1831 1832 
4 
1388 1829 1830 1832 
4 
1666 1829 1830 1831 
7 
661 662 663 664 1834 1835 1836 
6 
461 662 663 1833 1835 1836 
6 
461 464 663 1833 1834 1836 
5 
663 664 1833 1834 1835 
6 
281 282 416 1838 1839 1840 
7 
282 384 415 416 1837 1839 1840 
5 
282 283 1837 1838 1840 
7 
281 282 283 284 1837 1838 1839 
3 
1842 1843 1844 
3 
1841 1843 1844 
3 
1841 1842 1844 
3 
1841 1842 1843 
3 
1846 1847 1848 
3 
1845 1847 1848 
3 
1845 1846 1848 
4 
1570 1845 1846 1847 
3 
1850 1851 1852 
3 
1849 1851 1852 
3 
1849 1850 1852 
3 
1849 1850 1851 
3 
1854 1855 1856 
4 
1096 1853 1855 1856 
3 
1853 1854 1856 
3 
1853 1854 1855 
3 
1858 1859 1860 
3 
1857 1859 1860 
3 
1857 1858 1860 
4 
310 1857 1858 1859 
5 
1345 1346 1862 1863 1864 
4 
1346 1861 1863 1864 
5 
1346 1347 1861 1862 1864 
7 
1345 1346 1347 1348 1861 1862 1863 
4 
759 1866 1867 1868 
4 
672 1865 1867 1868 
4 
1122 1865 1866 1868 
6 
782 1121 1122 1865 1866 1867 
3 
1870 1871 1872 
3 
1869 1871 1872 
5 
1153 1154 1869 1870 1872 
4 
1153 1869 1870 1871 
5 
825 826 1874 1875 1876 
4 
826 1873 1875 1876 
5 
826 827 1873 1874 1876 
7 
825 826 827 828 1873 1874 1875 
5 
1193 1196 1878 1879 1880 
7 
1193 1194 1195 1196 1877 1879 1880 
5 
1195 1196 1877 1878 1880 
4 
1196 1877 1878 1879 
11 
229 230 625 626 627 628 1771 1772 1882 1883 1884 
8 
230 626 627 957 1771 1881 1883 1884 
7 
231 627 957 960 1881 1882 1884 
7 
231 232 627 628 1881 1882 1883 
3 
1886 1887 1888 
3 
1885 1887 1888 
3 
1885 1886 1888 
3 
1885 1886 1887 
8 
527 528 972 1313 1314 1890 1891 1892 
7 
527 971 972 1314 1889 1891 1892 
6 
1314 1315 1458 1889 1890 1892 
9 
1313 1314 1315 1316 1457 1458 1889 1890 1891 
3 
1894 1895 1896 
4 
408 1893 1895 1896 
3 
1893 1894 1896 
3 
1893 1894 1895 
3 
1898 1899 1900 
5 
1249 1728 1897 1899 1900 
5 
1252 1698 1897 1898 1900 
5 
1697 1698 1897 1898 1899 
3 
1902 1903 1904 
3 
1901 1903 1904 
3 
1901 1902 1904 
3 
1901 1902 1903 
5 
41 42 1906 1907 1908 
6 
42 501 1181 1905 1907 1908 
7 
43 504 1181 1184 1905 1906 1908 
5 
43 44 1905 1906 1907 
5 
1910 1911 1912 1921 1922 
4 
1909 1911 1912 1922 
5 
1909 1910 1912 1922 1923 
7 
1909 1910 1911 1921 1922 1923 1924 
4 
288 1914 1915 1916 
5 
287 288 1913 1915 1916 
4 
54 1913 1914 1916 
5 
53 54 1913 1914 1915 
3 
1918 1919 1920 
3 
1917 1919 1920 
5 
977 978 1917 1918 1920 
4 
977 1917 1918 1919 
6 
1371 1909 1912 1922 1923 1924 
7 
1909 1910 1911 1912 1921 1923 1924 
6 
1549 1911 1912 1921 1922 1924 
4 
1912 1921 1922 1923 
5 
657 660 1926 1927 1928 
7 
657 658 659 660 1925 1927 1928 
5 
659 660 1925 1926 1928 
4 
660 1925 1926 1927 
4 
1206 1930 1931 1932 
3 
1929 1931 1932 
3 
1929 1930 1932 
5 
1206 1207 1929 1930 1931 
7 
1495 1496 1577 1580 1934 1935 1936 
8 
1495 1577 1578 1579 1580 1933 1935 1936 
5 
1579 1580 1933 1934 1936 
4 
1580 1933 1934 1935 
6 
313 314 1216 1938 1939 1940 
6 
314 1215 1216 1937 1939 1940 
6 
189 314 315 1937 1938 1940 
7 
313 314 315 316 1937 1938 1939 
3 
1942 1943 1944 
3 
1941 1943 1944 
4 
858 1941 1942 1944 
5 
857 858 1941 1942 1943 
7 
13 670 671 697 1946 1947 1948 
8 
13 14 697 698 1748 1945 1947 1948 
9 
15 16 697 698 699 700 1945 1946 1948 
7 
16 671 697 700 1945 1946 1947 
3 
1950 1951 1952 
3 
1949 1951 1952 
3 
1949 1950 1952 
3 
1949 1950 1951 
4 
868 1954 1955 1956 
5 
867 868 1953 1955 1956 
3 
1953 1954 1956 
3 
1953 1954 1955 
4 
1612 1958 1959 1960 
8 
141 144 524 1611 1612 1957 1959 1960 
4 
144 1957 1958 1960 
3 
1957 1958 1959 
9 
591 592 605 606 859 860 1962 1963 1964 
6 
591 606 859 1961 1963 1964 
4 
607 1961 1962 1964 
5 
607 608 1961 1962 1963 
4 
722 1966 1967 1968 
4 
1440 1965 1967 1968 
3 
1965 1966 1968 
5 
722 723 1965 1966 1967 
9 
1027 1028 1393 1394 1395 1396 1970 1971 1972 
6 
1027 1394 1395 1969 1971 1972 
4 
1395 1969 1970 1972 
5 
1395 1396 1969 1970 1971 
3 
1974 1975 1976 
3 
1973 1975 1976 
5 
381 382 1973 1974 1976 
4 
381 1973 1974 1975 
6 
29 32 1166 1978 1979 1980 
8 
29 30 31 32 1037 1977 1979 1980 
7 
31 32 1037 1040 1977 1978 1980 
6 
32 1166 1167 1977 1978 1979 
6 
847 848 959 1982 1983 1984 
4 
847 1981 1983 1984 
6 
481 493 494 1981 1982 1984 
4 
493 1981 1982 1983 
5 
1085 1088 1986 1987 1988 
11 
224 1085 1086 1087 1088 1161 1164 1480 1985 1987 1988 
6 
1087 1088 1164 1985 1986 1988 
4 
1088 1985 1986 1987 
7 
806 807 1129 1590 1990 1991 1992 
5 
1129 1130 1989 1991 1992 
9 
981 982 1129 1130 1131 1132 1989 1990 1992 
9 
807 981 1129 1132 1590 1591 1989 1990 1991 
5 
977 980 1994 1995 1996 
8 
977 978 979 980 1041 1993 1995 1996 
7 
979 980 1041 1044 1993 1994 1996 
4 
980 1993 1994 1995 
11 
205 466 833 836 1621 1622 1623 1624 1998 1999 2000 
13 
205 206 833 834 835 836 905 908 1622 1623 1997 1999 2000 
9 
207 208 835 836 908 1623 1997 1998 2000 
9 
208 466 467 836 1623 1624 1997 1998 1999 