
500 
4 
3 
2 3 4 
3 
1 3 4 
3 
1 2 4 
3 
1 2 3 
5 
6 7 8 1863 1864 
4 
5 7 8 1863 
3 
5 6 8 
3 
5 6 7 
6 
10 11 12 1241 1242 1718 
4 
9 11 12 1242 
6 
9 10 12 74 1242 1243 
11 
9 10 11 73 74 1241 1242 1243 1244 1718 1719 
3 
14 15 16 
4 
13 15 16 569 
7 
13 14 16 569 572 902 1537 
5 
13 14 15 901 902 
5 
18 19 20 519 520 
4 
17 19 20 519 
3 
17 18 20 
4 
17 18 19 906 
10 
22 23 24 335 605 606 607 608 1065 1990 
7 
21 23 24 606 607 1065 1066 
8 
21 22 24 607 1065 1066 1067 1068 
9 
21 22 23 490 607 608 1065 1068 1991 
9 
26 27 28 47 1173 1174 1175 1176 1764 
10 
25 27 28 453 456 1174 1175 1763 1764 1896 
5 
25 26 28 456 1175 
5 
25 26 27 1175 1176 
4 
30 31 32 916 
7 
29 31 32 553 556 915 916 
4 
29 30 32 556 
3 
29 30 31 
6 
34 35 36 1122 1123 1811 
5 
33 35 36 1817 1820 
4 
33 34 36 1820 
4 
33 34 35 1123 
6 
38 39 40 1475 1965 1966 
6 
37 39 40 629 632 1966 
7 
37 38 40 632 1105 1106 1967 
6 
37 38 39 1105 1967 1968 
3 
42 43 44 
3 
41 43 44 
3 
41 42 44 
3 
41 42 43 
5 
46 47 48 1173 1890 
5 
45 47 48 1173 1174 
8 
25 45 46 48 1173 1174 1175 1176 
8 
45 46 47 406 1173 1176 1890 1891 
7 
50 51 52 67 68 363 364 
7 
49 51 52 67 363 801 804 
5 
49 50 52 469 804 
3 
49 50 51 
7 
54 55 56 243 244 591 1955 
4 
53 55 56 243 
4 
53 54 56 701 
3 
53 54 55 
3 
58 59 60 
3 
57 59 60 
3 
57 58 60 
3 
57 58 59 
3 
62 63 64 
3 
61 63 64 
7 
61 62 64 165 166 174 589 
6 
61 62 63 165 173 174 
5 
66 67 68 361 364 
7 
65 67 68 361 362 363 364 
7 
49 50 65 66 68 363 364 
5 
49 65 66 67 364 
4 
70 71 72 942 
3 
69 71 72 
3 
69 70 72 
5 
69 70 71 942 943 
9 
12 74 75 76 1244 1717 1718 1719 1720 
9 
11 12 73 75 76 1243 1244 1718 1719 
4 
73 74 76 1719 
5 
73 74 75 1719 1720 
5 
78 79 80 129 130 
4 
77 79 80 130 
5 
77 78 80 130 131 
7 
77 78 79 129 130 131 132 
6 
82 83 84 1407 1985 1988 
7 
81 83 84 1985 1986 1987 1988 
5 
81 82 84 1987 1988 
4 
81 82 83 1988 
10 
86 87 88 633 636 687 688 1761 1762 1893 
11 
85 87 88 633 634 635 636 687 1762 1893 1894 
11 
85 86 88 635 636 1762 1763 1893 1894 1895 1896 
10 
85 86 87 636 1761 1762 1763 1764 1893 1896 
6 
90 91 92 659 660 724 
7 
89 91 92 659 723 724 1069 
7 
89 90 92 1069 1072 1813 1814 
4 
89 90 91 1813 
7 
94 95 96 805 806 997 1000 
8 
93 95 96 806 997 998 999 1000 
9 
93 94 96 806 807 941 942 999 1000 
9 
93 94 95 805 806 807 808 941 1000 
12 
98 99 100 537 538 539 540 1839 1929 1930 1931 1932 
7 
97 99 100 538 539 1930 1931 
6 
97 98 100 539 1685 1931 
7 
97 98 99 539 540 1931 1932 
4 
102 103 104 1380 
5 
101 103 104 1379 1380 
3 
101 102 104 
3 
101 102 103 
8 
106 107 108 1113 1481 1482 1483 1484 
7 
105 107 108 1113 1114 1482 1483 
8 
105 106 108 1113 1114 1115 1116 1483 
7 
105 106 107 1113 1116 1483 1484 
5 
110 111 112 1681 1682 
6 
109 111 112 869 872 1682 
6 
109 110 112 872 1682 1683 
7 
109 110 111 1681 1682 1683 1684 
5 
114 115 116 673 1313 
7 
113 115 116 673 674 1313 1314 
11 
113 114 116 673 674 675 676 1313 1314 1315 1316 
7 
113 114 115 673 676 1313 1316 
7 
118 119 120 1693 1696 1831 1832 
8 
117 119 120 1693 1694 1695 1696 1831 
5 
117 118 120 1695 1696 
5 
117 118 119 758 1696 
3 
122 123 124 
3 
121 123 124 
3 
121 122 124 
3 
121 122 123 
5 
126 127 128 492 1269 
7 
125 127 128 491 492 1269 1270 
7 
125 126 128 1269 1270 1271 1272 
5 
125 126 127 1269 1272 
5 
77 80 130 131 132 
7 
77 78 79 80 129 131 132 
5 
79 80 129 130 132 
4 
80 129 130 131 
7 
134 135 136 1353 1354 1355 1356 
6 
133 135 136 1354 1355 1500 
4 
133 134 136 1355 
5 
133 134 135 1355 1356 
5 
138 139 140 141 144 
7 
137 139 140 141 142 143 144 
5 
137 138 140 143 144 
5 
137 138 139 144 178 
6 
137 138 142 143 144 1904 
6 
138 141 143 144 1903 1904 
5 
138 139 141 142 144 
7 
137 138 139 140 141 142 143 
4 
146 147 148 1667 
3 
145 147 148 
4 
145 146 148 1881 
3 
145 146 147 
3 
150 151 152 
3 
149 151 152 
4 
149 150 152 510 
5 
149 150 151 509 510 
3 
154 155 156 
3 
153 155 156 
3 
153 154 156 
3 
153 154 155 
3 
158 159 160 
3 
157 159 160 
3 
157 158 160 
3 
157 158 159 
3 
162 163 164 
3 
161 163 164 
3 
161 162 164 
4 
161 162 163 846 
6 
63 64 166 167 168 174 
6 
63 165 167 168 589 1953 
7 
165 166 168 589 592 1953 1956 
4 
165 166 167 175 
6 
170 171 172 533 536 1460 
9 
169 171 172 533 534 535 536 1459 1460 
5 
169 170 172 535 536 
4 
169 170 171 536 
4 
64 174 175 176 
6 
63 64 165 173 175 176 
4 
168 173 174 176 
3 
173 174 175 
3 
178 179 180 
4 
140 177 179 180 
3 
177 178 180 
3 
177 178 179 
3 
182 183 184 
3 
181 183 184 
3 
181 182 184 
3 
181 182 183 
5 
186 187 188 706 707 
3 
185 187 188 
3 
185 186 188 
4 
185 186 187 707 
4 
190 191 192 1569 
7 
189 191 192 233 236 1569 1570 
8 
189 190 192 236 1569 1570 1571 1572 
5 
189 190 191 1569 1572 
16 
194 195 196 572 902 903 1305 1306 1697 1698 1699 1700 1857 1858 1859 1860 
13 
193 195 196 571 572 1077 1080 1306 1540 1698 1699 1858 1859 
9 
193 194 196 1080 1306 1307 1699 1859 1934 
13 
193 194 195 903 1305 1306 1307 1308 1699 1700 1859 1860 1933 
6 
198 199 200 306 1319 1320 
4 
197 199 200 1319 
3 
197 198 200 
5 
197 198 199 306 307 
3 
202 203 204 
5 
201 203 204 841 844 
4 
201 202 204 844 
3 
201 202 203 
4 
206 207 208 1088 
5 
205 207 208 1087 1088 
3 
205 206 208 
3 
205 206 207 
6 
210 211 212 266 267 1477 
5 
209 211 212 1477 1478 
7 
209 210 212 1479 1480 1481 1482 
6 
209 210 211 267 1480 1481 
3 
214 215 216 
4 
213 215 216 220 
3 
213 214 216 
3 
213 214 215 
7 
218 219 220 1147 1148 1753 1756 
9 
217 219 220 1147 1589 1753 1754 1755 1756 
7 
217 218 220 1589 1592 1755 1756 
5 
214 217 218 219 1756 
3 
222 223 224 
3 
221 223 224 
3 
221 222 224 
3 
221 222 223 
6 
226 227 228 817 1465 1466 
6 
225 227 228 817 818 1466 
8 
225 226 228 817 818 819 820 1467 
8 
225 226 227 817 820 1467 1468 1610 
4 
230 231 232 654 
4 
229 231 232 273 
5 
229 230 232 273 276 
5 
229 230 231 654 655 
4 
190 234 235 236 
5 
233 235 236 513 1417 
6 
233 234 236 516 1417 1420 
6 
190 191 233 234 235 1570 
3 
238 239 240 
3 
237 239 240 
3 
237 238 240 
4 
237 238 239 1866 
8 
242 243 244 590 1953 1954 1955 1956 
5 
241 243 244 1954 1955 
6 
53 54 241 242 244 1955 
8 
53 241 242 243 590 591 1955 1956 
5 
246 247 248 365 368 
10 
245 247 248 365 366 367 368 1280 1969 1972 
6 
245 246 248 367 368 1972 
4 
245 246 247 368 
3 
250 251 252 
3 
249 251 252 
4 
249 250 252 1709 
3 
249 250 251 
3 
254 255 256 
3 
253 255 256 
3 
253 254 256 
3 
253 254 255 
4 
258 259 260 883 
4 
257 259 260 1200 
5 
257 258 260 669 670 
4 
257 258 259 669 
3 
262 263 264 
4 
261 263 264 1344 
3 
261 262 264 
3 
261 262 263 
3 
266 267 268 
4 
209 265 267 268 
5 
209 212 265 266 268 
4 
265 266 267 1958 
7 
270 271 272 614 1004 1205 1208 
7 
269 271 272 1003 1004 1206 1207 
4 
269 270 272 1207 
6 
269 270 271 614 615 1208 
5 
230 231 274 275 276 
3 
273 275 276 
3 
273 274 276 
4 
231 273 274 275 
7 
278 279 280 689 690 1340 1506 
6 
277 279 280 690 1339 1340 
5 
277 278 280 690 691 
9 
277 278 279 689 690 691 692 1506 1507 
3 
282 283 284 
4 
281 283 284 1449 
8 
281 282 284 1449 1452 1713 1793 1794 
4 
281 282 283 1793 
4 
286 287 288 1875 
6 
285 287 288 881 1921 1924 
6 
285 286 288 881 884 1924 
3 
285 286 287 
3 
290 291 292 
5 
289 291 292 1789 1792 
5 
289 290 292 754 1792 
5 
289 290 291 753 754 
3 
294 295 296 
3 
293 295 296 
5 
293 294 296 570 1538 
7 
293 294 295 569 570 1537 1538 
3 
298 299 300 
3 
297 299 300 
4 
297 298 300 870 
5 
297 298 299 869 870 
3 
302 303 304 
3 
301 303 304 
3 
301 302 304 
3 
301 302 303 
3 
306 307 308 
5 
197 200 305 307 308 
4 
200 305 306 308 
3 
305 306 307 
9 
310 311 312 415 416 1177 1178 1179 1180 
7 
309 311 312 415 1178 1179 1333 
6 
309 310 312 1179 1333 1336 
5 
309 310 311 1179 1180 
3 
314 315 316 
3 
313 315 316 
5 
313 314 316 893 894 
5 
313 314 315 778 893 
7 
318 319 320 1325 1513 1516 1534 
9 
317 319 320 1325 1326 1513 1514 1515 1516 
10 
317 318 320 1109 1325 1326 1327 1328 1515 1516 
8 
317 318 319 1325 1328 1516 1534 1535 
3 
322 323 324 
4 
321 323 324 1385 
5 
321 322 324 1385 1388 
3 
321 322 323 
6 
326 327 328 612 1841 1844 
9 
325 327 328 611 612 1841 1842 1843 1844 
6 
325 326 328 1398 1843 1844 
6 
325 326 327 1397 1398 1844 
5 
330 331 332 749 912 
8 
329 331 332 749 750 911 912 1429 
9 
329 330 332 749 750 751 752 1429 1432 
5 
329 330 331 749 752 
9 
334 335 336 1257 1258 1259 1260 1803 1804 
6 
333 335 336 1258 1259 1803 
6 
21 333 334 336 605 1259 
5 
333 334 335 1259 1260 
5 
338 339 340 1835 1836 
4 
337 339 340 1835 
5 
337 338 340 797 798 
5 
337 338 339 797 1030 
3 
342 343 344 
3 
341 343 344 
3 
341 342 344 
3 
341 342 343 
6 
346 347 348 610 773 933 
7 
345 347 348 773 774 933 934 
12 
345 346 348 773 774 775 776 933 934 935 936 1842 
11 
345 346 347 610 611 773 776 933 936 1841 1842 
12 
350 351 352 565 566 1765 1766 1767 1768 1771 1898 1899 
7 
349 351 352 566 1257 1766 1767 
8 
349 350 352 566 567 1257 1260 1767 
10 
349 350 351 565 566 567 568 1767 1768 1899 
3 
354 355 356 
6 
353 355 356 1848 1873 1876 
4 
353 354 356 1876 
3 
353 354 355 
11 
358 359 360 480 768 1365 1366 1925 1926 1927 1928 
11 
357 359 360 479 480 767 768 952 1366 1926 1927 
6 
357 358 360 1366 1367 1927 
9 
357 358 359 1365 1366 1367 1368 1927 1928 
5 
65 66 362 363 364 
4 
66 361 363 364 
7 
49 50 66 67 361 362 364 
8 
49 65 66 67 68 361 362 363 
9 
245 246 366 367 368 1277 1280 1969 1972 
12 
246 365 367 368 1277 1278 1279 1280 1969 1970 1971 1972 
9 
246 247 365 366 368 1279 1280 1971 1972 
9 
245 246 247 248 365 366 367 1280 1972 
4 
370 371 372 1950 
3 
369 371 372 
4 
369 370 372 693 
6 
369 370 371 1758 1950 1951 
3 
374 375 376 
4 
373 375 376 1668 
7 
373 374 376 478 766 949 950 
8 
373 374 375 477 478 765 766 949 
6 
378 379 380 1329 1973 1976 
9 
377 379 380 1329 1330 1973 1974 1975 1976 
9 
377 378 380 1329 1330 1331 1332 1975 1976 
6 
377 378 379 1329 1332 1976 
5 
382 383 384 1153 1156 
8 
381 383 384 1153 1154 1155 1156 1769 
9 
381 382 384 649 650 1155 1156 1772 1897 
5 
381 382 383 649 1156 
11 
386 387 388 1013 1014 1015 1016 1321 1322 1323 1324 
7 
385 387 388 1014 1015 1322 1323 
5 
385 386 388 1015 1323 
7 
385 386 387 1015 1016 1323 1324 
8 
390 391 392 741 1293 1294 1295 1296 
7 
389 391 392 741 742 1294 1295 
10 
389 390 392 741 742 743 744 1295 1301 1302 
8 
389 390 391 741 744 1295 1296 1301 
6 
394 395 396 441 1165 1168 
9 
393 395 396 441 442 1165 1166 1167 1168 
9 
393 394 396 441 442 443 444 1167 1168 
6 
393 394 395 441 444 1168 
7 
398 399 400 885 888 969 970 
8 
397 399 400 885 886 887 888 970 
7 
397 398 400 887 888 970 971 
8 
397 398 399 888 969 970 971 972 
10 
402 403 404 973 974 975 976 1731 1732 1906 
6 
401 403 404 974 975 1731 
5 
401 402 404 729 975 
7 
401 402 403 542 975 976 1907 
8 
406 407 408 643 1889 1890 1891 1892 
8 
48 405 407 408 1173 1176 1890 1891 
7 
405 406 408 993 994 1176 1891 
6 
405 406 407 993 1891 1892 
3 
410 411 412 
3 
409 411 412 
3 
409 410 412 
3 
409 410 411 
4 
414 415 416 1177 
5 
413 415 416 1177 1178 
10 
309 310 413 414 416 1177 1178 1179 1180 1333 
6 
309 413 414 415 1177 1180 
10 
418 419 420 1018 1137 1138 1139 1140 1977 1980 
10 
417 419 420 1138 1139 1376 1977 1978 1979 1980 
6 
417 418 420 1139 1979 1980 
8 
417 418 419 1018 1019 1139 1140 1980 
3 
422 423 424 
3 
421 423 424 
5 
421 422 424 1549 1550 
4 
421 422 423 1549 
3 
426 427 428 
3 
425 427 428 
3 
425 426 428 
3 
425 426 427 
4 
430 431 432 600 
7 
429 431 432 599 600 984 1216 
3 
429 430 432 
3 
429 430 431 
5 
434 435 436 1633 1636 
7 
433 435 436 1633 1634 1635 1636 
5 
433 434 436 1635 1636 
4 
433 434 435 1636 
8 
438 439 440 493 496 830 1211 1212 
6 
437 439 440 494 495 1211 
4 
437 438 440 495 
6 
437 438 439 496 830 831 
9 
393 394 395 396 442 443 444 1165 1168 
9 
394 395 441 443 444 1165 1166 1167 1168 
6 
395 441 442 444 1167 1168 
7 
395 396 441 442 443 1168 1498 
3 
446 447 448 
3 
445 447 448 
3 
445 446 448 
3 
445 446 447 
7 
450 451 452 1645 1648 1725 1726 
8 
449 451 452 1645 1646 1647 1648 1726 
7 
449 450 452 1647 1648 1726 1727 
8 
449 450 451 1648 1725 1726 1727 1728 
8 
26 454 455 456 1763 1764 1895 1896 
5 
453 455 456 1763 1895 
3 
453 454 456 
5 
26 27 453 454 455 
6 
458 459 460 1041 1042 1597 
6 
457 459 460 1042 1597 1598 
11 
457 458 460 622 1042 1043 1409 1597 1598 1599 1600 
11 
457 458 459 621 1041 1042 1043 1044 1318 1597 1600 
5 
462 463 464 800 1031 
5 
461 463 464 799 800 
3 
461 462 464 
3 
461 462 463 
3 
466 467 468 
3 
465 467 468 
3 
465 466 468 
3 
465 466 467 
5 
51 470 471 472 804 
6 
469 471 472 803 804 1920 
3 
469 470 472 
3 
469 470 471 
3 
474 475 476 
4 
473 475 476 1384 
3 
473 474 476 
3 
473 474 475 
10 
376 478 479 480 765 768 949 952 1925 1926 
15 
375 376 477 479 480 501 765 766 767 768 949 950 951 952 1926 
12 
358 477 478 480 501 504 767 768 951 952 1926 1927 
12 
357 358 477 478 479 768 952 1366 1925 1926 1927 1928 
3 
482 483 484 
3 
481 483 484 
7 
481 482 484 1349 1350 1486 1578 
8 
481 482 483 1349 1485 1486 1577 1578 
5 
486 487 488 1193 1196 
7 
485 487 488 1193 1194 1195 1196 
5 
485 486 488 1195 1196 
5 
485 486 487 1196 1222 
4 
490 491 492 1992 
7 
24 489 491 492 608 1991 1992 
6 
126 489 490 492 1269 1270 
6 
125 126 489 490 491 1269 
6 
437 494 495 496 1211 1212 
5 
438 493 495 496 1211 
5 
438 439 493 494 496 
6 
437 440 493 494 495 830 
7 
498 499 500 1573 1574 1575 1576 
5 
497 499 500 1574 1575 
6 
497 498 500 1129 1130 1575 
6 
497 498 499 1129 1575 1576 
10 
478 479 502 503 504 767 949 950 951 952 
5 
501 503 504 950 951 
4 
501 502 504 951 
6 
479 501 502 503 951 952 
5 
506 507 508 545 548 
7 
505 507 508 545 546 547 548 
5 
505 506 508 547 548 
4 
505 506 507 548 
4 
152 510 511 512 
5 
151 152 509 511 512 
4 
509 510 512 1861 
3 
509 510 511 
5 
234 514 515 516 1417 
5 
513 515 516 1417 1418 
9 
513 514 516 1417 1418 1419 1420 1629 1630 
7 
235 513 514 515 1417 1420 1629 
7 
518 519 520 1253 1254 1255 1256 
5 
517 519 520 1254 1255 
6 
17 18 517 518 520 1255 
6 
17 517 518 519 1255 1256 
3 
522 523 524 
3 
521 523 524 
4 
521 522 524 1389 
3 
521 522 523 
3 
526 527 528 
3 
525 527 528 
6 
525 526 528 702 890 1394 
10 
525 526 527 701 702 889 890 978 1393 1394 
3 
530 531 532 
3 
529 531 532 
3 
529 530 532 
3 
529 530 531 
9 
169 170 534 535 536 1457 1458 1459 1460 
6 
170 533 535 536 1458 1459 
6 
170 171 533 534 536 1459 
9 
169 170 171 172 533 534 535 1459 1460 
10 
97 538 539 540 1839 1840 1929 1930 1931 1932 
8 
97 98 537 539 540 1839 1930 1931 
8 
97 98 99 100 537 538 540 1931 
7 
97 100 537 538 539 1931 1932 
5 
542 543 544 1907 1908 
6 
404 541 543 544 976 1907 
4 
541 542 544 1285 
3 
541 542 543 
5 
505 506 546 547 548 
4 
506 545 547 548 
5 
506 507 545 546 548 
7 
505 506 507 508 545 546 547 
3 
550 551 552 
3 
549 551 552 
3 
549 550 552 
3 
549 550 551 
6 
30 554 555 556 914 915 
3 
553 555 556 
5 
553 554 556 1877 1878 
7 
30 31 553 554 555 915 1877 
5 
558 559 560 1781 1782 
4 
557 559 560 1782 
5 
557 558 560 1782 1783 
7 
557 558 559 1781 1782 1783 1784 
3 
562 563 564 
3 
561 563 564 
3 
561 562 564 
3 
561 562 563 
10 
349 352 566 567 568 1765 1766 1767 1768 1899 
11 
349 350 351 352 565 567 568 1257 1260 1766 1767 
7 
351 352 565 566 568 1260 1767 
6 
352 565 566 567 1767 1768 
7 
14 15 296 570 571 572 1537 
7 
295 296 569 571 572 1537 1538 
10 
194 569 570 572 1077 1078 1537 1538 1539 1540 
11 
15 193 194 569 570 571 1077 1537 1540 1698 1858 
5 
574 575 576 993 996 
7 
573 575 576 993 994 995 996 
5 
573 574 576 995 996 
4 
573 574 575 996 
9 
578 579 580 1351 1352 1487 1488 1579 1580 
6 
577 579 580 1351 1487 1579 
3 
577 578 580 
3 
577 578 579 
7 
582 583 584 1587 1588 1946 1947 
4 
581 583 584 1587 
3 
581 582 584 
4 
581 582 583 1947 
5 
586 587 588 1287 1288 
5 
585 587 588 932 1287 
4 
585 586 588 1565 
4 
585 586 587 602 
8 
63 166 167 590 591 592 1953 1956 
9 
241 244 589 591 592 1953 1954 1955 1956 
7 
53 244 589 590 592 1955 1956 
5 
167 589 590 591 1956 
5 
594 595 596 1805 1808 
7 
593 595 596 1805 1806 1807 1808 
5 
593 594 596 1807 1808 
4 
593 594 595 1808 
3 
598 599 600 
6 
597 599 600 981 1213 1216 
7 
430 597 598 600 981 984 1216 
5 
429 430 597 598 599 
3 
602 603 604 
4 
588 601 603 604 
3 
601 602 604 
4 
601 602 603 1806 
6 
21 335 606 607 608 1990 
6 
21 22 605 607 608 1065 
9 
21 22 23 24 605 606 608 1065 1068 
8 
21 24 490 605 606 607 1990 1991 
4 
610 611 612 1841 
11 
345 348 609 611 612 773 776 933 936 1841 1842 
11 
326 348 609 610 612 776 936 1841 1842 1843 1844 
7 
325 326 609 610 611 1841 1844 
3 
614 615 616 
8 
269 272 613 615 616 1004 1205 1208 
5 
272 613 614 616 1208 
3 
613 614 615 
6 
618 619 620 1413 1414 1910 
5 
617 619 620 1414 1441 
7 
617 618 620 1414 1415 1441 1444 
9 
617 618 619 1413 1414 1415 1416 1910 1911 
10 
460 622 623 624 1041 1042 1043 1044 1318 1600 
9 
459 621 623 624 1042 1043 1409 1599 1600 
5 
621 622 624 1043 1412 
7 
621 622 623 1043 1044 1318 1319 
4 
626 627 628 668 
5 
625 627 628 667 668 
5 
625 626 628 1290 1557 
5 
625 626 627 1289 1290 
5 
38 630 631 632 1661 
5 
629 631 632 1661 1662 
7 
629 630 632 1661 1662 1663 1664 
8 
38 39 629 630 631 1106 1661 1664 
7 
85 86 634 635 636 686 687 
4 
86 633 635 636 
7 
86 87 633 634 636 1762 1894 
12 
85 86 87 88 633 634 635 687 1761 1762 1893 1894 
4 
638 639 640 1568 
5 
637 639 640 1567 1568 
4 
637 638 640 1001 
3 
637 638 639 
4 
642 643 644 1889 
5 
641 643 644 1889 1890 
8 
405 641 642 644 1889 1890 1891 1892 
5 
641 642 643 1889 1892 
4 
646 647 648 1566 
3 
645 647 648 
3 
645 646 648 
5 
645 646 647 1566 1567 
9 
383 384 650 651 652 1156 1772 1897 1900 
14 
383 649 651 652 1155 1156 1765 1768 1771 1772 1897 1898 1899 1900 
6 
649 650 652 1768 1899 1900 
4 
649 650 651 1900 
3 
654 655 656 
5 
229 232 653 655 656 
5 
232 653 654 656 1358 
5 
653 654 655 1357 1358 
5 
658 659 660 721 1391 
5 
657 659 660 721 722 
9 
89 90 657 658 660 721 722 723 724 
6 
89 657 658 659 721 724 
3 
662 663 664 
3 
661 663 664 
3 
661 662 664 
3 
661 662 663 
3 
666 667 668 
5 
665 667 668 977 980 
5 
626 665 666 668 980 
5 
625 626 665 666 667 
5 
259 260 670 671 672 
4 
259 669 671 672 
3 
669 670 672 
3 
669 670 671 
11 
113 114 115 116 674 675 676 1313 1314 1315 1316 
7 
114 115 673 675 676 1314 1315 
8 
115 673 674 676 810 1053 1054 1315 
10 
115 116 673 674 675 809 810 1053 1315 1316 
4 
678 679 680 1923 
4 
677 679 680 1197 
5 
677 678 680 1197 1200 
3 
677 678 679 
5 
682 683 684 1158 1461 
5 
681 683 684 1461 1462 
7 
681 682 684 1461 1462 1463 1464 
6 
681 682 683 1159 1461 1464 
3 
686 687 688 
4 
633 685 687 688 
10 
85 86 633 636 685 686 688 1761 1762 1893 
5 
85 685 686 687 1761 
7 
277 280 690 691 692 1505 1506 
8 
277 278 279 280 689 691 692 1506 
6 
279 280 689 690 692 1507 
6 
280 689 690 691 1507 1508 
4 
371 694 695 696 
3 
693 695 696 
3 
693 694 696 
4 
693 694 695 710 
3 
698 699 700 
3 
697 699 700 
3 
697 698 700 
3 
697 698 699 
11 
55 528 702 703 704 889 892 977 978 1393 1733 
14 
527 528 701 703 704 889 890 891 892 978 1393 1394 1733 1734 
16 
701 702 704 891 892 978 979 1393 1394 1395 1396 1733 1734 1735 1736 1949 
12 
701 702 703 892 977 978 979 980 1393 1396 1733 1736 
5 
706 707 708 1915 1916 
5 
185 705 707 708 1915 
5 
185 188 705 706 708 
3 
705 706 707 
4 
710 711 712 1759 
4 
696 709 711 712 
3 
709 710 712 
3 
709 710 711 
3 
714 715 716 
3 
713 715 716 
4 
713 714 716 1525 
3 
713 714 715 
7 
718 719 720 1133 1136 1689 1692 
11 
717 719 720 1133 1134 1135 1136 1689 1690 1691 1692 
7 
717 718 720 1135 1136 1691 1692 
5 
717 718 719 1136 1692 
7 
657 658 659 660 722 723 724 
5 
658 659 721 723 724 
6 
90 659 721 722 724 1069 
7 
89 90 659 660 721 722 723 
3 
726 727 728 
3 
725 727 728 
3 
725 726 728 
3 
725 726 727 
4 
403 730 731 732 
3 
729 731 732 
4 
729 730 732 930 
6 
729 730 731 929 930 1286 
3 
734 735 736 
3 
733 735 736 
3 
733 734 736 
3 
733 734 735 
6 
738 739 740 1151 1743 1744 
4 
737 739 740 1743 
3 
737 738 740 
3 
737 738 739 
10 
389 390 391 392 742 743 744 1295 1296 1301 
8 
390 391 741 743 744 1295 1301 1302 
8 
391 741 742 744 1301 1302 1303 1304 
7 
391 392 741 742 743 1301 1304 
3 
746 747 748 
5 
745 747 748 921 924 
4 
745 746 748 924 
3 
745 746 747 
9 
329 330 331 332 750 751 752 912 1429 
9 
330 331 749 751 752 911 912 1429 1430 
8 
331 749 750 752 1429 1430 1431 1432 
7 
331 332 749 750 751 1429 1432 
4 
292 754 755 756 
6 
291 292 753 755 756 1792 
3 
753 754 756 
3 
753 754 755 
3 
758 759 760 
4 
120 757 759 760 
3 
757 758 760 
3 
757 758 759 
13 
762 763 764 1035 1036 1039 1040 1655 1656 1749 1750 1751 1752 
8 
761 763 764 1035 1039 1655 1750 1751 
4 
761 762 764 1751 
5 
761 762 763 1751 1752 
7 
376 477 478 766 767 768 949 
8 
375 376 478 765 767 768 949 950 
12 
358 478 479 501 765 766 768 949 950 951 952 1926 
14 
357 358 477 478 479 480 765 766 767 949 952 1366 1925 1926 
5 
770 771 772 1509 1510 
5 
769 771 772 1405 1510 
7 
769 770 772 1405 1408 1510 1511 
7 
769 770 771 1509 1510 1511 1512 
9 
345 346 347 348 610 774 775 776 933 
7 
346 347 773 775 776 933 934 
8 
347 773 774 776 933 934 935 936 
10 
347 348 610 611 773 774 775 933 936 1842 
3 
778 779 780 
4 
316 777 779 780 
3 
777 778 780 
4 
777 778 779 854 
5 
782 783 784 1637 1638 
4 
781 783 784 1638 
5 
781 782 784 1638 1639 
7 
781 782 783 1637 1638 1639 1640 
3 
786 787 788 
3 
785 787 788 
6 
785 786 788 1406 1705 1706 
6 
785 786 787 1405 1406 1705 
5 
790 791 792 894 895 
3 
789 791 792 
5 
789 790 792 910 1149 
6 
789 790 791 895 909 910 
3 
794 795 796 
4 
793 795 796 1640 
3 
793 794 796 
3 
793 794 795 
5 
339 340 798 799 800 
4 
339 797 799 800 
4 
462 797 798 800 
5 
461 462 797 798 799 
6 
50 802 803 804 1917 1920 
7 
801 803 804 1917 1918 1919 1920 
6 
470 801 802 804 1919 1920 
8 
50 51 469 470 801 802 803 1920 
6 
93 96 806 807 808 1478 
10 
93 94 95 96 805 807 808 941 997 1000 
8 
95 96 805 806 808 941 944 1000 
6 
96 805 806 807 1478 1479 
8 
676 810 811 812 1053 1056 1161 1162 
10 
675 676 809 811 812 1053 1054 1055 1056 1162 
7 
809 810 812 1055 1056 1162 1163 
8 
809 810 811 1056 1161 1162 1163 1164 
3 
814 815 816 
3 
813 815 816 
3 
813 814 816 
3 
813 814 815 
12 
225 226 227 228 818 819 820 1465 1466 1467 1468 1610 
7 
226 227 817 819 820 1466 1467 
5 
227 817 818 820 1467 
10 
227 228 817 818 819 1298 1467 1468 1610 1611 
5 
822 823 824 1641 1644 
7 
821 823 824 1641 1642 1643 1644 
5 
821 822 824 1643 1644 
4 
821 822 823 1644 
4 
826 827 828 968 
5 
825 827 828 967 968 
3 
825 826 828 
3 
825 826 827 
3 
830 831 832 
6 
437 440 496 829 831 832 
4 
440 829 830 832 
3 
829 830 831 
3 
834 835 836 
3 
833 835 836 
3 
833 834 836 
3 
833 834 835 
4 
838 839 840 1049 
5 
837 839 840 1049 1050 
7 
837 838 840 849 850 1051 1052 
5 
837 838 839 849 1052 
4 
202 842 843 844 
3 
841 843 844 
3 
841 842 844 
5 
202 203 841 842 843 
3 
846 847 848 
4 
164 845 847 848 
3 
845 846 848 
3 
845 846 847 
6 
839 840 850 851 852 1052 
6 
839 849 851 852 1051 1052 
3 
849 850 852 
3 
849 850 851 
3 
854 855 856 
4 
780 853 855 856 
3 
853 854 856 
3 
853 854 855 
4 
858 859 860 1362 
4 
857 859 860 1252 
3 
857 858 860 
5 
857 858 859 1362 1363 
8 
862 863 864 1613 1773 1774 1775 1776 
7 
861 863 864 1613 1614 1774 1775 
9 
861 862 864 1521 1613 1614 1615 1616 1775 
7 
861 862 863 1613 1616 1775 1776 
3 
866 867 868 
3 
865 867 868 
3 
865 866 868 
3 
865 866 867 
5 
110 300 870 871 872 
5 
299 300 869 871 872 
3 
869 870 872 
6 
110 111 869 870 871 1682 
3 
874 875 876 
3 
873 875 876 
3 
873 874 876 
3 
873 874 875 
3 
878 879 880 
3 
877 879 880 
3 
877 878 880 
3 
877 878 879 
6 
286 287 882 883 884 1924 
5 
881 883 884 1923 1924 
4 
257 881 882 884 
4 
287 881 882 883 
6 
397 398 886 887 888 983 
4 
398 885 887 888 
6 
398 399 885 886 888 970 
9 
397 398 399 400 885 886 887 969 970 
9 
528 701 702 890 891 892 978 1393 1733 
10 
527 528 702 889 891 892 1393 1394 1733 1734 
13 
702 703 889 890 892 1393 1394 1395 1396 1733 1734 1735 1736 
13 
701 702 703 704 889 890 891 978 979 1393 1396 1733 1736 
5 
315 316 894 895 896 
5 
315 789 893 895 896 
7 
789 792 893 894 896 909 910 
4 
893 894 895 909 
5 
898 899 900 1851 1852 
4 
897 899 900 1851 
3 
897 898 900 
3 
897 898 899 
5 
16 902 903 904 1697 
9 
15 16 193 901 903 904 1697 1698 1857 
13 
193 196 901 902 904 1305 1306 1697 1698 1699 1700 1857 1860 
7 
901 902 903 1305 1546 1697 1700 
3 
906 907 908 
4 
20 905 907 908 
3 
905 906 908 
3 
905 906 907 
6 
792 895 896 910 911 912 
6 
791 792 895 909 911 912 
7 
330 750 909 910 912 1429 1430 
8 
329 330 749 750 909 910 911 1429 
4 
914 915 916 1596 
7 
553 913 915 916 1595 1596 1672 
6 
30 553 556 913 914 916 
5 
29 30 913 914 915 
4 
918 919 920 1558 
4 
917 919 920 1760 
3 
917 918 920 
5 
917 918 919 1558 1559 
4 
746 922 923 924 
3 
921 923 924 
3 
921 922 924 
5 
746 747 921 922 923 
6 
926 927 928 1825 1828 1987 
7 
925 927 928 1825 1826 1827 1828 
6 
925 926 928 1090 1827 1828 
6 
925 926 927 1089 1090 1828 
5 
732 930 931 932 1286 
5 
731 732 929 931 932 
3 
929 930 932 
5 
586 929 930 931 1287 
13 
345 346 347 348 610 773 774 775 776 934 935 936 1842 
8 
346 347 774 775 933 935 936 1368 
5 
347 775 933 934 936 
11 
347 348 610 611 775 776 933 934 935 1842 1843 
4 
938 939 940 1888 
5 
937 939 940 1887 1888 
3 
937 938 940 
3 
937 938 939 
9 
95 96 806 807 942 943 944 999 1000 
7 
69 72 95 941 943 944 999 
4 
72 941 942 944 
4 
807 941 942 943 
6 
946 947 948 1102 1103 1738 
5 
945 947 948 1161 1164 
4 
945 946 948 1164 
6 
945 946 947 1103 1738 1739 
13 
375 376 477 478 501 765 766 767 768 950 951 952 1926 
9 
375 478 501 502 766 767 949 951 952 
10 
478 479 501 502 503 504 767 949 950 952 
14 
358 477 478 479 480 501 504 767 768 949 950 951 1926 1927 
5 
954 955 956 1737 1740 
8 
953 955 956 1104 1737 1738 1739 1740 
5 
953 954 956 1739 1740 
4 
953 954 955 1740 
3 
958 959 960 
3 
957 959 960 
3 
957 958 960 
3 
957 958 959 
7 
962 963 964 1225 1226 1227 1228 
5 
961 963 964 1226 1227 
4 
961 962 964 1227 
5 
961 962 963 1227 1228 
3 
966 967 968 
3 
965 967 968 
4 
826 965 966 968 
5 
825 826 965 966 967 
6 
397 400 888 970 971 972 
9 
397 398 399 400 887 888 969 971 972 
5 
399 400 969 970 972 
4 
400 969 970 971 
9 
401 974 975 976 1729 1730 1731 1732 1906 
8 
401 402 973 975 976 1144 1730 1731 
8 
401 402 403 404 973 974 976 1731 
10 
401 404 542 973 974 975 1731 1732 1906 1907 
6 
666 701 704 978 979 980 
13 
528 701 702 703 704 889 892 977 979 980 1393 1396 1733 
9 
703 704 892 977 978 980 1396 1733 1736 
6 
666 667 704 977 978 979 
9 
598 599 982 983 984 1213 1214 1215 1216 
5 
981 983 984 1214 1215 
5 
885 981 982 984 1215 
7 
430 599 981 982 983 1215 1216 
8 
986 987 988 1229 1230 1556 1722 1723 
6 
985 987 988 1230 1555 1556 
4 
985 986 988 1231 
6 
985 986 987 1231 1232 1723 
3 
990 991 992 
4 
989 991 992 1916 
4 
989 990 992 1150 
5 
989 990 991 1149 1150 
7 
407 408 573 574 994 995 996 
5 
407 574 993 995 996 
5 
574 575 993 994 996 
7 
573 574 575 576 993 994 995 
6 
93 94 806 998 999 1000 
4 
94 997 999 1000 
7 
94 95 941 942 997 998 1000 
10 
93 94 95 96 806 807 941 997 998 999 
6 
639 1002 1003 1004 1205 1206 
4 
1001 1003 1004 1206 
6 
270 1001 1002 1004 1206 1207 
10 
269 270 614 1001 1002 1003 1205 1206 1207 1208 
6 
1006 1007 1008 1220 1383 1384 
6 
1005 1007 1008 1219 1220 1383 
3 
1005 1006 1008 
3 
1005 1006 1007 
3 
1010 1011 1012 
3 
1009 1011 1012 
3 
1009 1010 1012 
4 
1009 1010 1011 1810 
6 
385 1014 1015 1016 1321 1322 
6 
385 386 1013 1015 1016 1322 
9 
385 386 387 388 1013 1014 1016 1322 1323 
9 
385 388 1013 1014 1015 1321 1322 1323 1324 
3 
1018 1019 1020 
9 
417 420 1017 1019 1020 1137 1140 1977 1980 
6 
420 1017 1018 1020 1140 1980 
3 
1017 1018 1019 
8 
1022 1023 1024 1273 1274 1275 1276 1501 
7 
1021 1023 1024 1274 1275 1501 1502 
8 
1021 1022 1024 1275 1501 1502 1503 1504 
7 
1021 1022 1023 1275 1276 1501 1504 
3 
1026 1027 1028 
3 
1025 1027 1028 
3 
1025 1026 1028 
3 
1025 1026 1027 
4 
1030 1031 1032 1879 
4 
340 1029 1031 1032 
4 
461 1029 1030 1032 
3 
1029 1030 1031 
9 
1034 1035 1036 1037 1038 1653 1654 1655 1656 
6 
1033 1035 1036 1038 1654 1655 
8 
761 762 1033 1034 1036 1039 1655 1750 
10 
761 1033 1034 1035 1039 1040 1655 1656 1749 1750 
8 
1033 1038 1039 1040 1653 1654 1655 1656 
7 
1033 1034 1037 1039 1040 1654 1655 
10 
761 762 1035 1036 1037 1038 1040 1655 1749 1750 
8 
761 1036 1037 1038 1039 1655 1656 1749 
6 
457 460 621 1042 1043 1044 
12 
457 458 459 460 621 622 1041 1043 1044 1409 1597 1600 
13 
459 460 621 622 623 624 1041 1042 1044 1318 1409 1412 1600 
8 
460 621 624 1041 1042 1043 1317 1318 
3 
1046 1047 1048 
3 
1045 1047 1048 
3 
1045 1046 1048 
3 
1045 1046 1047 
5 
837 838 1050 1051 1052 
4 
838 1049 1051 1052 
5 
839 850 1049 1050 1052 
7 
839 840 849 850 1049 1050 1051 
10 
675 676 809 810 1054 1055 1056 1162 1315 1316 
6 
675 810 1053 1055 1056 1315 
5 
810 811 1053 1054 1056 
9 
809 810 811 812 1053 1054 1055 1162 1163 
3 
1058 1059 1060 
3 
1057 1059 1060 
5 
1057 1058 1060 1261 1262 
5 
1057 1058 1059 1261 1494 
3 
1062 1063 1064 
3 
1061 1063 1064 
3 
1061 1062 1064 
3 
1061 1062 1063 
9 
21 22 23 24 606 607 1066 1067 1068 
5 
22 23 1065 1067 1068 
4 
23 1065 1066 1068 
6 
23 24 607 1065 1066 1067 
7 
90 91 723 1070 1071 1072 1814 
4 
1069 1071 1072 1937 
5 
1069 1070 1072 1937 1940 
6 
91 1069 1070 1071 1814 1815 
3 
1074 1075 1076 
3 
1073 1075 1076 
3 
1073 1074 1076 
3 
1073 1074 1075 
11 
194 571 572 1078 1079 1080 1537 1538 1539 1540 1858 
7 
571 1077 1079 1080 1538 1539 1745 
6 
1077 1078 1080 1539 1745 1748 
10 
194 195 1077 1078 1079 1306 1539 1540 1859 1934 
3 
1082 1083 1084 
3 
1081 1083 1084 
3 
1081 1082 1084 
3 
1081 1082 1083 
3 
1086 1087 1088 
3 
1085 1087 1088 
4 
206 1085 1086 1088 
5 
205 206 1085 1086 1087 
4 
928 1090 1091 1092 
5 
927 928 1089 1091 1092 
3 
1089 1090 1092 
3 
1089 1090 1091 
3 
1094 1095 1096 
3 
1093 1095 1096 
3 
1093 1094 1096 
3 
1093 1094 1095 
5 
1098 1099 1100 1471 1472 
4 
1097 1099 1100 1471 
3 
1097 1098 1100 
3 
1097 1098 1099 
3 
1102 1103 1104 
4 
945 1101 1103 1104 
6 
945 948 1101 1102 1104 1738 
6 
954 1101 1102 1103 1737 1738 
6 
39 40 1106 1107 1108 1967 
6 
39 632 1105 1107 1108 1664 
3 
1105 1106 1108 
3 
1105 1106 1107 
6 
319 1110 1111 1112 1327 1515 
3 
1109 1111 1112 
3 
1109 1110 1112 
3 
1109 1110 1111 
8 
105 106 107 108 1114 1115 1116 1483 
5 
106 107 1113 1115 1116 
5 
107 1113 1114 1116 1238 
7 
107 108 1113 1114 1115 1237 1238 
7 
1118 1119 1120 1181 1182 1183 1184 
5 
1117 1119 1120 1182 1183 
4 
1117 1118 1120 1183 
5 
1117 1118 1119 1183 1184 
6 
1122 1123 1124 1210 1811 1812 
5 
33 1121 1123 1124 1811 
5 
33 36 1121 1122 1124 
5 
1121 1122 1123 1210 1211 
7 
1126 1127 1128 1233 1234 1235 1236 
7 
1125 1127 1128 1234 1235 1493 1496 
5 
1125 1126 1128 1235 1496 
5 
1125 1126 1127 1235 1236 
7 
499 500 1130 1131 1132 1575 1576 
5 
499 1129 1131 1132 1575 
3 
1129 1130 1132 
3 
1129 1130 1131 
9 
717 718 1134 1135 1136 1689 1690 1691 1692 
6 
718 1133 1135 1136 1690 1691 
6 
718 719 1133 1134 1136 1691 
9 
717 718 719 720 1133 1134 1135 1691 1692 
6 
417 1018 1138 1139 1140 1977 
8 
417 418 1137 1139 1140 1376 1977 1978 
11 
417 418 419 420 1137 1138 1140 1977 1978 1979 1980 
9 
417 420 1018 1019 1137 1138 1139 1977 1980 
3 
1142 1143 1144 
3 
1141 1143 1144 
3 
1141 1142 1144 
5 
974 1141 1142 1143 1730 
4 
1146 1147 1148 1753 
5 
1145 1147 1148 1753 1754 
10 
217 218 1145 1146 1148 1589 1753 1754 1755 1756 
6 
217 1145 1146 1147 1753 1756 
5 
791 992 1150 1151 1152 
6 
991 992 1149 1151 1152 1741 
6 
737 1149 1150 1152 1741 1744 
4 
1149 1150 1151 1430 
6 
381 382 1154 1155 1156 1769 
6 
382 1153 1155 1156 1769 1770 
13 
382 383 650 1153 1154 1156 1765 1769 1770 1771 1772 1897 1898 
12 
381 382 383 384 649 650 1153 1154 1155 1769 1772 1897 
3 
1158 1159 1160 
4 
681 1157 1159 1160 
4 
684 1157 1158 1160 
3 
1157 1158 1159 
6 
809 812 946 1162 1163 1164 
9 
809 810 811 812 1053 1056 1161 1163 1164 
6 
811 812 1056 1161 1162 1164 
6 
812 946 947 1161 1162 1163 
7 
393 394 441 442 1166 1167 1168 
6 
394 442 1165 1167 1168 1892 
7 
394 395 442 443 1165 1166 1168 
11 
393 394 395 396 441 442 443 444 1165 1166 1167 
5 
1170 1171 1172 1787 1788 
4 
1169 1171 1172 1787 
5 
1169 1170 1172 1997 1998 
4 
1169 1170 1171 1997 
9 
25 45 46 47 48 406 1174 1175 1176 
9 
25 26 46 47 1173 1175 1176 1764 1896 
8 
25 26 27 28 47 1173 1174 1176 
9 
25 28 47 48 406 407 1173 1174 1175 
8 
309 413 414 415 416 1178 1179 1180 
7 
309 310 414 415 1177 1179 1180 
9 
309 310 311 312 415 1177 1178 1180 1333 
7 
309 312 415 416 1177 1178 1179 
4 
1117 1182 1183 1184 
5 
1117 1118 1181 1183 1184 
7 
1117 1118 1119 1120 1181 1182 1184 
5 
1117 1120 1181 1182 1183 
3 
1186 1187 1188 
3 
1185 1187 1188 
3 
1185 1186 1188 
3 
1185 1186 1187 
3 
1190 1191 1192 
3 
1189 1191 1192 
3 
1189 1190 1192 
3 
1189 1190 1191 
5 
485 486 1194 1195 1196 
5 
486 1193 1195 1196 1356 
5 
486 487 1193 1194 1196 
7 
485 486 487 488 1193 1194 1195 
5 
678 679 1198 1199 1200 
3 
1197 1199 1200 
3 
1197 1198 1200 
5 
258 679 1197 1198 1199 
3 
1202 1203 1204 
5 
1201 1203 1204 1433 1436 
4 
1201 1202 1204 1436 
3 
1201 1202 1203 
7 
269 614 1001 1004 1206 1207 1208 
8 
270 1001 1002 1003 1004 1205 1207 1208 
7 
270 271 1003 1004 1205 1206 1208 
8 
269 272 614 615 1004 1205 1206 1207 
3 
1210 1211 1212 
5 
1121 1124 1209 1211 1212 
8 
437 438 493 494 1124 1209 1210 1212 
5 
437 493 1209 1210 1211 
5 
598 981 1214 1215 1216 
5 
981 982 1213 1215 1216 
7 
981 982 983 984 1213 1214 1216 
8 
430 598 599 981 984 1213 1214 1215 
7 
1218 1219 1220 1381 1382 1383 1384 
5 
1217 1219 1220 1382 1383 
5 
1006 1217 1218 1220 1383 
7 
1005 1006 1217 1218 1219 1383 1384 
6 
1222 1223 1224 1834 1999 2000 
5 
488 1221 1223 1224 1999 
3 
1221 1222 1224 
5 
1221 1222 1223 1834 1835 
4 
961 1226 1227 1228 
5 
961 962 1225 1227 1228 
7 
961 962 963 964 1225 1226 1228 
5 
961 964 1225 1226 1227 
8 
985 1230 1231 1232 1721 1722 1723 1724 
8 
985 986 1229 1231 1232 1556 1722 1723 
6 
987 988 1229 1230 1232 1723 
8 
988 1229 1230 1231 1450 1714 1723 1724 
5 
1125 1234 1235 1236 1504 
7 
1125 1126 1233 1235 1236 1503 1504 
7 
1125 1126 1127 1128 1233 1234 1236 
5 
1125 1128 1233 1234 1235 
4 
1116 1238 1239 1240 
5 
1115 1116 1237 1239 1240 
3 
1237 1238 1240 
3 
1237 1238 1239 
7 
9 12 1242 1243 1244 1717 1718 
8 
9 10 11 12 1241 1243 1244 1718 
8 
11 12 74 1241 1242 1244 1718 1719 
10 
12 73 74 1241 1242 1243 1717 1718 1719 1720 
3 
1246 1247 1248 
3 
1245 1247 1248 
3 
1245 1246 1248 
3 
1245 1246 1247 
3 
1250 1251 1252 
3 
1249 1251 1252 
3 
1249 1250 1252 
4 
858 1249 1250 1251 
4 
517 1254 1255 1256 
5 
517 518 1253 1255 1256 
7 
517 518 519 520 1253 1254 1256 
5 
517 520 1253 1254 1255 
9 
333 350 351 566 1258 1259 1260 1801 1804 
9 
333 334 1257 1259 1260 1801 1802 1803 1804 
9 
333 334 335 336 1257 1258 1260 1803 1804 
9 
333 336 351 566 567 1257 1258 1259 1804 
5 
1059 1060 1262 1263 1264 
4 
1059 1261 1263 1264 
3 
1261 1262 1264 
3 
1261 1262 1263 
3 
1266 1267 1268 
3 
1265 1267 1268 
3 
1265 1266 1268 
4 
1265 1266 1267 1786 
9 
125 126 127 128 491 492 1270 1271 1272 
6 
126 127 491 1269 1271 1272 
4 
127 1269 1270 1272 
5 
127 128 1269 1270 1271 
4 
1021 1274 1275 1276 
5 
1021 1022 1273 1275 1276 
9 
1021 1022 1023 1024 1273 1274 1276 1501 1502 
6 
1021 1024 1273 1274 1275 1501 
7 
365 366 1278 1279 1280 1969 1970 
5 
366 1277 1279 1280 1970 
7 
366 367 1277 1278 1280 1970 1971 
12 
246 365 366 367 368 1277 1278 1279 1969 1970 1971 1972 
3 
1282 1283 1284 
3 
1281 1283 1284 
5 
1281 1282 1284 1777 1778 
4 
1281 1282 1283 1777 
4 
543 1286 1287 1288 
5 
732 929 1285 1287 1288 
6 
585 586 932 1285 1286 1288 
4 
585 1285 1286 1287 
5 
628 1290 1291 1292 1941 
7 
627 628 1289 1291 1292 1941 1942 
7 
1289 1290 1292 1941 1942 1943 1944 
5 
1289 1290 1291 1941 1944 
4 
389 1294 1295 1296 
5 
389 390 1293 1295 1296 
9 
389 390 391 392 741 742 1293 1294 1296 
6 
389 392 741 1293 1294 1295 
7 
1298 1299 1300 1611 1612 1649 1650 
6 
820 1297 1299 1300 1611 1650 
5 
1297 1298 1300 1650 1651 
7 
1297 1298 1299 1649 1650 1651 1652 
9 
391 392 741 742 743 744 1302 1303 1304 
6 
391 742 743 1301 1303 1304 
4 
743 1301 1302 1304 
5 
743 744 1301 1302 1303 
11 
193 196 903 904 1306 1307 1308 1699 1700 1860 1933 
14 
193 194 195 196 903 1080 1305 1307 1308 1699 1859 1860 1933 1934 
9 
195 196 1305 1306 1308 1933 1934 1935 1936 
6 
196 1305 1306 1307 1933 1936 
5 
1310 1311 1312 1846 1847 
3 
1309 1311 1312 
3 
1309 1310 1312 
5 
1309 1310 1311 1847 1874 
8 
113 114 115 116 673 1314 1315 1316 
7 
114 115 673 674 1313 1315 1316 
10 
115 673 674 675 676 1053 1054 1313 1314 1316 
8 
115 116 673 676 1053 1313 1314 1315 
4 
1044 1318 1319 1320 
8 
460 621 624 1043 1044 1317 1319 1320 
6 
197 198 624 1317 1318 1320 
4 
197 1317 1318 1319 
6 
385 1013 1016 1322 1323 1324 
9 
385 386 1013 1014 1015 1016 1321 1323 1324 
9 
385 386 387 388 1015 1016 1321 1322 1324 
6 
385 388 1016 1321 1322 1323 
11 
317 318 319 320 1326 1327 1328 1513 1514 1515 1516 
7 
318 319 1325 1327 1328 1514 1515 
6 
319 1109 1325 1326 1328 1515 
7 
319 320 1325 1326 1327 1515 1516 
9 
377 378 379 380 1330 1331 1332 1973 1976 
9 
378 379 1329 1331 1332 1973 1974 1975 1976 
6 
379 1329 1330 1332 1975 1976 
6 
379 380 1329 1330 1331 1976 
7 
310 311 415 1179 1334 1335 1336 
3 
1333 1335 1336 
3 
1333 1334 1336 
4 
311 1333 1334 1335 
3 
1338 1339 1340 
3 
1337 1339 1340 
4 
278 1337 1338 1340 
5 
277 278 1337 1338 1339 
3 
1342 1343 1344 
3 
1341 1343 1344 
3 
1341 1342 1344 
4 
262 1341 1342 1343 
3 
1346 1347 1348 
3 
1345 1347 1348 
4 
1345 1346 1348 1381 
3 
1345 1346 1347 
11 
483 484 1350 1351 1352 1485 1486 1487 1488 1577 1578 
7 
483 1349 1351 1352 1486 1487 1578 
7 
577 578 1349 1350 1352 1487 1579 
8 
577 1349 1350 1351 1487 1488 1579 1580 
4 
133 1354 1355 1356 
5 
133 134 1353 1355 1356 
7 
133 134 135 136 1353 1354 1356 
6 
133 136 1194 1353 1354 1355 
4 
656 1358 1359 1360 
5 
655 656 1357 1359 1360 
4 
1357 1358 1360 1517 
3 
1357 1358 1359 
3 
1362 1363 1364 
5 
857 860 1361 1363 1364 
4 
860 1361 1362 1364 
3 
1361 1362 1363 
7 
357 360 1366 1367 1368 1925 1928 
13 
357 358 359 360 480 768 1365 1367 1368 1925 1926 1927 1928 
7 
359 360 1365 1366 1368 1927 1928 
6 
360 934 1365 1366 1367 1928 
3 
1370 1371 1372 
3 
1369 1371 1372 
4 
1369 1370 1372 1522 
5 
1369 1370 1371 1521 1522 
3 
1374 1375 1376 
4 
1373 1375 1376 1545 
5 
1373 1374 1376 1545 1548 
6 
418 1138 1373 1374 1375 1978 
3 
1378 1379 1380 
3 
1377 1379 1380 
4 
102 1377 1378 1380 
5 
101 102 1377 1378 1379 
5 
1217 1347 1382 1383 1384 
5 
1217 1218 1381 1383 1384 
9 
1005 1006 1217 1218 1219 1220 1381 1382 1384 
7 
474 1005 1217 1220 1381 1382 1383 
5 
322 323 1386 1387 1388 
3 
1385 1387 1388 
3 
1385 1386 1388 
4 
323 1385 1386 1387 
4 
523 1390 1391 1392 
3 
1389 1391 1392 
4 
657 1389 1390 1392 
3 
1389 1390 1391 
14 
528 701 702 703 704 889 890 891 892 978 1394 1395 1396 1733 
11 
527 528 702 703 890 891 1393 1395 1396 1733 1734 
10 
703 891 1393 1394 1396 1733 1734 1735 1736 1949 
11 
703 704 891 892 978 979 1393 1394 1395 1733 1736 
4 
328 1398 1399 1400 
5 
327 328 1397 1399 1400 
3 
1397 1398 1400 
3 
1397 1398 1399 
3 
1402 1403 1404 
3 
1401 1403 1404 
3 
1401 1402 1404 
3 
1401 1402 1403 
7 
770 771 788 1406 1407 1408 1510 
7 
787 788 1405 1407 1408 1705 1708 
5 
81 1405 1406 1408 1708 
5 
771 1405 1406 1407 1511 
9 
459 622 1042 1043 1410 1411 1412 1599 1600 
4 
1409 1411 1412 1599 
3 
1409 1410 1412 
5 
623 1043 1409 1410 1411 
7 
617 620 1414 1415 1416 1910 1911 
7 
617 618 619 620 1413 1415 1416 
5 
619 620 1413 1414 1416 
5 
620 1413 1414 1415 1911 
9 
234 235 513 514 515 516 1418 1419 1420 
5 
514 515 1417 1419 1420 
6 
515 1417 1418 1420 1629 1630 
7 
235 515 516 1417 1418 1419 1629 
4 
1422 1423 1424 1518 
3 
1421 1423 1424 
3 
1421 1422 1424 
4 
1421 1422 1423 1519 
4 
1426 1427 1428 1945 
5 
1425 1427 1428 1945 1946 
7 
1425 1426 1428 1945 1946 1947 1948 
5 
1425 1426 1427 1945 1948 
11 
330 331 749 750 751 752 911 912 1430 1431 1432 
7 
750 751 911 1152 1429 1431 1432 
4 
751 1429 1430 1432 
6 
331 751 752 1429 1430 1431 
4 
1202 1434 1435 1436 
3 
1433 1435 1436 
3 
1433 1434 1436 
5 
1202 1203 1433 1434 1435 
3 
1438 1439 1440 
3 
1437 1439 1440 
3 
1437 1438 1440 
3 
1437 1438 1439 
5 
618 619 1442 1443 1444 
3 
1441 1443 1444 
3 
1441 1442 1444 
4 
619 1441 1442 1443 
3 
1446 1447 1448 
5 
1445 1447 1448 1797 1800 
4 
1445 1446 1448 1800 
3 
1445 1446 1447 
8 
282 283 1450 1451 1452 1713 1793 1794 
8 
1232 1449 1451 1452 1713 1714 1724 1794 
9 
1449 1450 1452 1713 1714 1715 1716 1794 1795 
10 
283 1449 1450 1451 1713 1716 1793 1794 1795 1796 
4 
1454 1455 1456 1736 
8 
1453 1455 1456 1735 1736 1757 1949 1952 
6 
1453 1454 1456 1757 1760 1952 
3 
1453 1454 1455 
4 
533 1458 1459 1460 
5 
533 534 1457 1459 1460 
8 
170 533 534 535 536 1457 1458 1460 
7 
169 170 533 536 1457 1458 1459 
7 
681 682 683 684 1462 1463 1464 
5 
682 683 1461 1463 1464 
4 
683 1461 1462 1464 
5 
683 684 1461 1462 1463 
5 
225 817 1466 1467 1468 
7 
225 226 817 818 1465 1467 1468 
10 
227 228 817 818 819 820 1465 1466 1468 1610 
8 
228 817 820 1465 1466 1467 1609 1610 
6 
1470 1471 1472 1715 1716 1795 
4 
1469 1471 1472 1715 
5 
1097 1098 1469 1470 1472 
4 
1097 1469 1470 1471 
6 
1474 1475 1476 1525 1528 1618 
7 
1473 1475 1476 1525 1526 1527 1528 
8 
37 1473 1474 1476 1527 1528 1965 1966 
7 
1473 1474 1475 1528 1618 1619 1965 
5 
209 210 1478 1479 1480 
6 
210 805 808 1477 1479 1480 
6 
211 808 1477 1478 1480 1482 
7 
211 212 1477 1478 1479 1481 1482 
7 
105 211 212 1480 1482 1483 1484 
8 
105 106 211 1479 1480 1481 1483 1484 
8 
105 106 107 108 1113 1481 1482 1484 
5 
105 108 1481 1482 1483 
6 
484 1349 1486 1487 1488 1577 
9 
483 484 1349 1350 1485 1487 1488 1577 1578 
13 
577 578 1349 1350 1351 1352 1485 1486 1488 1577 1578 1579 1580 
8 
577 1349 1352 1485 1486 1487 1577 1580 
5 
1490 1491 1492 1601 1604 
7 
1489 1491 1492 1601 1602 1603 1604 
5 
1489 1490 1492 1603 1604 
4 
1489 1490 1491 1604 
4 
1126 1494 1495 1496 
4 
1060 1493 1495 1496 
3 
1493 1494 1496 
5 
1126 1127 1493 1494 1495 
3 
1498 1499 1500 
4 
444 1497 1499 1500 
3 
1497 1498 1500 
4 
134 1497 1498 1499 
9 
1021 1022 1023 1024 1275 1276 1502 1503 1504 
6 
1022 1023 1275 1501 1503 1504 
5 
1023 1234 1501 1502 1504 
7 
1023 1024 1233 1234 1501 1502 1503 
4 
689 1506 1507 1508 
7 
277 280 689 690 1505 1507 1508 
6 
280 691 692 1505 1506 1508 
4 
692 1505 1506 1507 
5 
769 772 1510 1511 1512 
8 
769 770 771 772 1405 1509 1511 1512 
6 
771 772 1408 1509 1510 1512 
4 
772 1509 1510 1511 
6 
317 318 1325 1514 1515 1516 
7 
318 1325 1326 1513 1515 1516 1996 
10 
318 319 1109 1325 1326 1327 1328 1513 1514 1516 
9 
317 318 319 320 1325 1328 1513 1514 1515 
4 
1359 1518 1519 1520 
4 
1421 1517 1519 1520 
4 
1424 1517 1518 1520 
3 
1517 1518 1519 
8 
863 1372 1522 1523 1524 1614 1615 1775 
5 
1371 1372 1521 1523 1524 
3 
1521 1522 1524 
4 
1521 1522 1523 1615 
6 
715 1473 1474 1526 1527 1528 
4 
1474 1525 1527 1528 
5 
1474 1475 1525 1526 1528 
7 
1473 1474 1475 1476 1525 1526 1527 
4 
1530 1531 1532 1623 
3 
1529 1531 1532 
3 
1529 1530 1532 
3 
1529 1530 1531 
3 
1534 1535 1536 
5 
317 320 1533 1535 1536 
5 
320 1533 1534 1536 1642 
5 
1533 1534 1535 1641 1642 
11 
15 296 569 570 571 572 1077 1538 1539 1540 1858 
9 
295 296 570 571 1077 1078 1537 1539 1540 
9 
571 1077 1078 1079 1080 1537 1538 1540 1745 
11 
194 571 572 1077 1080 1537 1538 1539 1698 1858 1859 
4 
1542 1543 1544 1626 
3 
1541 1543 1544 
3 
1541 1542 1544 
4 
1541 1542 1543 1627 
5 
1374 1375 1546 1547 1548 
4 
904 1545 1547 1548 
3 
1545 1546 1548 
4 
1375 1545 1546 1547 
5 
423 424 1550 1551 1552 
4 
423 1549 1551 1552 
3 
1549 1550 1552 
4 
1549 1550 1551 1870 
3 
1554 1555 1556 
3 
1553 1555 1556 
4 
986 1553 1554 1556 
6 
985 986 1230 1553 1554 1555 
4 
627 1558 1559 1560 
5 
917 920 1557 1559 1560 
4 
920 1557 1558 1560 
3 
1557 1558 1559 
7 
1562 1563 1564 1677 1678 1679 1680 
5 
1561 1563 1564 1678 1679 
4 
1561 1562 1564 1679 
5 
1561 1562 1563 1679 1680 
4 
587 1566 1567 1568 
5 
645 648 1565 1567 1568 
5 
638 648 1565 1566 1568 
5 
637 638 1565 1566 1567 
7 
189 190 191 192 1570 1571 1572 
6 
190 191 236 1569 1571 1572 
4 
191 1569 1570 1572 
5 
191 192 1569 1570 1571 
4 
497 1574 1575 1576 
5 
497 498 1573 1575 1576 
9 
497 498 499 500 1129 1130 1573 1574 1576 
6 
497 500 1129 1573 1574 1575 
9 
484 1349 1485 1486 1487 1488 1578 1579 1580 
9 
483 484 1349 1350 1486 1487 1577 1579 1580 
8 
577 578 1351 1352 1487 1577 1578 1580 
7 
577 1352 1487 1488 1577 1578 1579 
4 
1582 1583 1584 1798 
3 
1581 1583 1584 
3 
1581 1582 1584 
5 
1581 1582 1583 1798 1799 
5 
1586 1587 1588 1780 1946 
5 
1585 1587 1588 1779 1780 
5 
581 582 1585 1586 1588 
6 
581 1585 1586 1587 1946 1947 
10 
218 219 1147 1590 1591 1592 1753 1754 1755 1756 
5 
1589 1591 1592 1754 1755 
4 
1589 1590 1592 1755 
6 
219 1589 1590 1591 1755 1756 
3 
1594 1595 1596 
5 
1593 1595 1596 1669 1672 
5 
914 1593 1594 1596 1672 
5 
913 914 1593 1594 1595 
8 
457 458 459 460 1042 1598 1599 1600 
5 
458 459 1597 1599 1600 
7 
459 622 1409 1410 1597 1598 1600 
10 
459 460 621 622 1042 1043 1409 1597 1598 1599 
5 
1489 1490 1602 1603 1604 
4 
1490 1601 1603 1604 
5 
1490 1491 1601 1602 1604 
7 
1489 1490 1491 1492 1601 1602 1603 
4 
1606 1607 1608 1632 
5 
1605 1607 1608 1631 1632 
3 
1605 1606 1608 
3 
1605 1606 1607 
4 
1468 1610 1611 1612 
8 
228 817 820 1467 1468 1609 1611 1612 
6 
820 1297 1298 1609 1610 1612 
4 
1297 1609 1610 1611 
9 
861 862 863 864 1614 1615 1616 1775 1776 
7 
862 863 1521 1613 1615 1616 1775 
6 
863 1521 1524 1613 1614 1616 
5 
863 864 1613 1614 1615 
3 
1618 1619 1620 
5 
1473 1476 1617 1619 1620 
4 
1476 1617 1618 1620 
3 
1617 1618 1619 
4 
1622 1623 1624 1912 
5 
1621 1623 1624 1911 1912 
4 
1529 1621 1622 1624 
3 
1621 1622 1623 
3 
1626 1627 1628 
4 
1541 1625 1627 1628 
4 
1544 1625 1626 1628 
3 
1625 1626 1627 
7 
515 516 1419 1420 1630 1631 1632 
5 
515 1419 1629 1631 1632 
4 
1606 1629 1630 1632 
5 
1605 1606 1629 1630 1631 
5 
433 434 1634 1635 1636 
4 
434 1633 1635 1636 
5 
434 435 1633 1634 1636 
7 
433 434 435 436 1633 1634 1635 
5 
781 784 1638 1639 1640 
7 
781 782 783 784 1637 1639 1640 
5 
783 784 1637 1638 1640 
5 
784 794 1637 1638 1639 
6 
821 822 1536 1642 1643 1644 
6 
822 1535 1536 1641 1643 1644 
5 
822 823 1641 1642 1644 
7 
821 822 823 824 1641 1642 1643 
5 
449 450 1646 1647 1648 
4 
450 1645 1647 1648 
6 
450 451 1645 1646 1648 1726 
9 
449 450 451 452 1645 1646 1647 1725 1726 
5 
1297 1300 1650 1651 1652 
7 
1297 1298 1299 1300 1649 1651 1652 
5 
1299 1300 1649 1650 1652 
4 
1300 1649 1650 1651 
5 
1033 1037 1654 1655 1656 
7 
1033 1034 1037 1038 1653 1655 1656 
15 
761 762 1033 1034 1035 1036 1037 1038 1039 1040 1653 1654 1656 1749 1750 
9 
761 1033 1036 1037 1040 1653 1654 1655 1749 
5 
1658 1659 1660 1683 1684 
4 
1657 1659 1660 1683 
3 
1657 1658 1660 
3 
1657 1658 1659 
7 
629 630 631 632 1662 1663 1664 
5 
630 631 1661 1663 1664 
4 
631 1661 1662 1664 
6 
631 632 1106 1661 1662 1663 
3 
1666 1667 1668 
3 
1665 1667 1668 
4 
145 1665 1666 1668 
4 
374 1665 1666 1667 
4 
1594 1670 1671 1672 
3 
1669 1671 1672 
3 
1669 1670 1672 
6 
914 1594 1595 1669 1670 1671 
3 
1674 1675 1676 
3 
1673 1675 1676 
3 
1673 1674 1676 
3 
1673 1674 1675 
4 
1561 1678 1679 1680 
5 
1561 1562 1677 1679 1680 
7 
1561 1562 1563 1564 1677 1678 1680 
5 
1561 1564 1677 1678 1679 
5 
109 112 1682 1683 1684 
8 
109 110 111 112 872 1681 1683 1684 
7 
111 112 1657 1658 1681 1682 1684 
5 
112 1657 1681 1682 1683 
4 
99 1686 1687 1688 
3 
1685 1687 1688 
5 
1685 1686 1688 1853 1854 
4 
1685 1686 1687 1853 
6 
717 718 1133 1690 1691 1692 
6 
718 1133 1134 1689 1691 1692 
9 
718 719 1133 1134 1135 1136 1689 1690 1692 
9 
717 718 719 720 1133 1136 1689 1690 1691 
6 
117 118 1694 1695 1696 1831 
4 
118 1693 1695 1696 
5 
118 119 1693 1694 1696 
7 
117 118 119 120 1693 1694 1695 
9 
193 901 902 903 904 1698 1699 1700 1857 
11 
193 194 572 902 903 1540 1697 1699 1700 1857 1858 
14 
193 194 195 196 903 1305 1306 1697 1698 1700 1859 1860 1933 1934 
10 
193 196 903 904 1305 1697 1698 1699 1860 1933 
3 
1702 1703 1704 
3 
1701 1703 1704 
3 
1701 1702 1704 
3 
1701 1702 1703 
6 
787 788 1406 1706 1707 1708 
4 
787 1705 1707 1708 
5 
1705 1706 1708 1985 1986 
6 
1406 1407 1705 1706 1707 1985 
4 
251 1710 1711 1712 
3 
1709 1711 1712 
3 
1709 1710 1712 
3 
1709 1710 1711 
10 
283 1449 1450 1451 1452 1714 1715 1716 1794 1795 
6 
1232 1450 1451 1713 1715 1716 
6 
1451 1469 1470 1713 1714 1716 
7 
1451 1452 1469 1713 1714 1715 1795 
6 
73 1241 1244 1718 1719 1720 
11 
9 12 73 74 1241 1242 1243 1244 1717 1719 1720 
10 
12 73 74 75 76 1243 1244 1717 1718 1720 
6 
73 76 1244 1717 1718 1719 
4 
1229 1722 1723 1724 
6 
985 1229 1230 1721 1723 1724 
9 
985 988 1229 1230 1231 1232 1721 1722 1724 
6 
1229 1232 1450 1721 1722 1723 
6 
449 452 1648 1726 1727 1728 
9 
449 450 451 452 1647 1648 1725 1727 1728 
5 
451 452 1725 1726 1728 
4 
452 1725 1726 1727 
4 
973 1730 1731 1732 
6 
973 974 1144 1729 1731 1732 
9 
401 402 973 974 975 976 1729 1730 1732 
7 
401 973 976 1729 1730 1731 1906 
17 
701 702 703 704 889 890 891 892 978 979 1393 1394 1395 1396 1734 1735 1736 
9 
702 703 890 891 1394 1395 1733 1735 1736 
9 
703 891 1395 1454 1733 1734 1736 1949 1950 
13 
703 704 891 892 979 1395 1396 1453 1454 1733 1734 1735 1949 
6 
953 954 1104 1738 1739 1740 
8 
945 948 954 1103 1104 1737 1739 1740 
6 
948 954 955 1737 1738 1740 
7 
953 954 955 956 1737 1738 1739 
5 
1150 1151 1742 1743 1744 
3 
1741 1743 1744 
5 
737 738 1741 1742 1744 
5 
737 1151 1741 1742 1743 
7 
1078 1079 1539 1746 1747 1748 1901 
5 
1745 1747 1748 1901 1902 
7 
1745 1746 1748 1901 1902 1903 1904 
6 
1079 1745 1746 1747 1901 1904 
9 
761 1036 1039 1040 1655 1656 1750 1751 1752 
9 
761 762 1035 1036 1039 1655 1749 1751 1752 
7 
761 762 763 764 1749 1750 1752 
5 
761 764 1749 1750 1751 
10 
217 218 1145 1146 1147 1148 1589 1754 1755 1756 
8 
218 1146 1147 1589 1590 1753 1755 1756 
10 
218 219 1147 1589 1590 1591 1592 1753 1754 1756 
11 
217 218 219 220 1147 1148 1589 1592 1753 1754 1755 
7 
1454 1455 1758 1759 1760 1951 1952 
5 
372 1757 1759 1760 1951 
4 
709 1757 1758 1760 
5 
918 1455 1757 1758 1759 
9 
85 88 636 687 688 1762 1763 1764 1893 
12 
85 86 87 88 635 636 687 1761 1763 1764 1893 1894 
12 
26 87 88 453 454 1761 1762 1764 1893 1894 1895 1896 
10 
25 26 88 453 1174 1761 1762 1763 1893 1896 
10 
349 565 650 1155 1766 1767 1768 1771 1898 1899 
7 
349 350 565 566 1765 1767 1768 
11 
349 350 351 352 565 566 567 568 1765 1766 1768 
10 
349 352 565 568 650 651 1765 1766 1767 1899 
8 
382 1153 1154 1155 1156 1770 1771 1772 
5 
1154 1155 1769 1771 1772 
8 
349 650 1155 1765 1769 1770 1772 1898 
9 
383 649 650 1155 1156 1769 1770 1771 1897 
4 
861 1774 1775 1776 
5 
861 862 1773 1775 1776 
10 
861 862 863 864 1521 1613 1614 1773 1774 1776 
6 
861 864 1613 1773 1774 1775 
5 
1283 1284 1778 1779 1780 
4 
1283 1777 1779 1780 
4 
1586 1777 1778 1780 
5 
1585 1586 1777 1778 1779 
5 
557 560 1782 1783 1784 
7 
557 558 559 560 1781 1783 1784 
5 
559 560 1781 1782 1784 
5 
560 1781 1782 1783 1826 
3 
1786 1787 1788 
4 
1268 1785 1787 1788 
5 
1169 1170 1785 1786 1788 
4 
1169 1785 1786 1787 
4 
290 1790 1791 1792 
3 
1789 1791 1792 
3 
1789 1790 1792 
6 
290 291 754 1789 1790 1791 
7 
283 284 1449 1452 1794 1795 1796 
9 
283 1449 1450 1451 1452 1713 1793 1795 1796 
8 
1451 1452 1469 1713 1716 1793 1794 1796 
4 
1452 1793 1794 1795 
4 
1446 1798 1799 1800 
5 
1581 1584 1797 1799 1800 
4 
1584 1797 1798 1800 
5 
1446 1447 1797 1798 1799 
5 
1257 1258 1802 1803 1804 
4 
1258 1801 1803 1804 
7 
333 334 1258 1259 1801 1802 1804 
8 
333 1257 1258 1259 1260 1801 1802 1803 
5 
593 594 1806 1807 1808 
5 
594 604 1805 1807 1808 
5 
594 595 1805 1806 1808 
7 
593 594 595 596 1805 1806 1807 
3 
1810 1811 1812 
4 
1012 1809 1811 1812 
6 
33 1121 1122 1809 1810 1812 
4 
1121 1809 1810 1811 
5 
91 92 1814 1815 1816 
6 
91 1069 1072 1813 1815 1816 
4 
1072 1813 1814 1816 
3 
1813 1814 1815 
4 
34 1818 1819 1820 
3 
1817 1819 1820 
3 
1817 1818 1820 
5 
34 35 1817 1818 1819 
3 
1822 1823 1824 
3 
1821 1823 1824 
3 
1821 1822 1824 
3 
1821 1822 1823 
5 
925 926 1826 1827 1828 
5 
926 1784 1825 1827 1828 
5 
926 927 1825 1826 1828 
7 
925 926 927 928 1825 1826 1827 
3 
1830 1831 1832 
3 
1829 1831 1832 
6 
117 118 1693 1829 1830 1832 
4 
117 1829 1830 1831 
4 
1834 1835 1836 2000 
7 
1221 1224 1833 1835 1836 1999 2000 
6 
337 338 1224 1833 1834 1836 
4 
337 1833 1834 1835 
4 
1838 1839 1840 1929 
5 
1837 1839 1840 1929 1930 
10 
97 537 538 1837 1838 1840 1929 1930 1931 1932 
6 
537 1837 1838 1839 1929 1932 
10 
325 326 348 609 610 611 612 1842 1843 1844 
11 
326 347 348 610 611 776 933 936 1841 1843 1844 
7 
326 327 611 936 1841 1842 1844 
9 
325 326 327 328 611 612 1841 1842 1843 
3 
1846 1847 1848 
4 
1309 1845 1847 1848 
6 
1309 1312 1845 1846 1848 1874 
5 
354 1845 1846 1847 1873 
3 
1850 1851 1852 
3 
1849 1851 1852 
5 
897 898 1849 1850 1852 
4 
897 1849 1850 1851 
5 
1687 1688 1854 1855 1856 
4 
1687 1853 1855 1856 
3 
1853 1854 1856 
3 
1853 1854 1855 
8 
193 902 903 1697 1698 1858 1859 1860 
10 
193 194 572 1077 1537 1540 1698 1857 1859 1860 
13 
193 194 195 196 1080 1306 1540 1699 1857 1858 1860 1933 1934 
11 
193 196 903 1305 1306 1699 1700 1857 1858 1859 1933 
4 
511 1862 1863 1864 
3 
1861 1863 1864 
5 
5 6 1861 1862 1864 
4 
5 1861 1862 1863 
3 
1866 1867 1868 
4 
240 1865 1867 1868 
3 
1865 1866 1868 
3 
1865 1866 1867 
3 
1870 1871 1872 
4 
1552 1869 1871 1872 
3 
1869 1870 1872 
3 
1869 1870 1871 
5 
354 1848 1874 1875 1876 
5 
1312 1847 1873 1875 1876 
4 
285 1873 1874 1876 
5 
354 355 1873 1874 1875 
5 
555 556 1878 1879 1880 
4 
555 1877 1879 1880 
4 
1029 1877 1878 1880 
3 
1877 1878 1879 
4 
147 1882 1883 1884 
3 
1881 1883 1884 
5 
1881 1882 1884 1961 1962 
4 
1881 1882 1883 1961 
3 
1886 1887 1888 
3 
1885 1887 1888 
4 
938 1885 1886 1888 
5 
937 938 1885 1886 1887 
8 
405 641 642 643 644 1890 1891 1892 
9 
45 48 405 406 642 643 1889 1891 1892 
9 
48 405 406 407 408 643 1889 1890 1892 
8 
405 408 643 644 1166 1889 1890 1891 
13 
85 86 87 88 636 687 1761 1762 1763 1764 1894 1895 1896 
9 
86 87 635 636 1762 1763 1893 1895 1896 
7 
87 453 454 1763 1893 1894 1896 
10 
26 87 88 453 1174 1763 1764 1893 1894 1895 
9 
383 649 650 1155 1156 1772 1898 1899 1900 
8 
349 650 1155 1765 1771 1897 1899 1900 
10 
349 352 565 650 651 1765 1768 1897 1898 1900 
7 
649 650 651 652 1897 1898 1899 
7 
1745 1746 1747 1748 1902 1903 1904 
5 
1746 1747 1901 1903 1904 
5 
142 1747 1901 1902 1904 
7 
141 142 1747 1748 1901 1902 1903 
3 
1906 1907 1908 
7 
401 973 976 1732 1905 1907 1908 
7 
404 541 542 976 1905 1906 1908 
4 
541 1905 1906 1907 
3 
1910 1911 1912 
6 
617 620 1413 1909 1911 1912 
7 
620 1413 1416 1622 1909 1910 1912 
5 
1621 1622 1909 1910 1911 
3 
1914 1915 1916 
3 
1913 1915 1916 
5 
705 706 1913 1914 1916 
5 
705 990 1913 1914 1915 
5 
801 802 1918 1919 1920 
4 
802 1917 1919 1920 
5 
802 803 1917 1918 1920 
8 
470 801 802 803 804 1917 1918 1919 
4 
286 1922 1923 1924 
3 
1921 1923 1924 
5 
677 882 1921 1922 1924 
7 
286 287 881 882 1921 1922 1923 
9 
357 477 480 768 1365 1366 1926 1927 1928 
14 
357 358 477 478 479 480 767 768 949 952 1366 1925 1927 1928 
12 
357 358 359 360 479 480 952 1366 1367 1925 1926 1928 
10 
357 360 480 1365 1366 1367 1368 1925 1926 1927 
9 
97 537 1837 1838 1839 1840 1930 1931 1932 
9 
97 98 537 538 1838 1839 1929 1931 1932 
12 
97 98 99 100 537 538 539 540 1839 1929 1930 1932 
9 
97 100 537 540 1839 1840 1929 1930 1931 
12 
196 1305 1306 1307 1308 1699 1700 1859 1860 1934 1935 1936 
9 
195 1080 1306 1307 1699 1859 1933 1935 1936 
4 
1307 1933 1934 1936 
5 
1307 1308 1933 1934 1935 
5 
1070 1071 1938 1939 1940 
3 
1937 1939 1940 
3 
1937 1938 1940 
4 
1071 1937 1938 1939 
7 
1289 1290 1291 1292 1942 1943 1944 
5 
1290 1291 1941 1943 1944 
4 
1291 1941 1942 1944 
5 
1291 1292 1941 1942 1943 
7 
1425 1426 1427 1428 1946 1947 1948 
8 
581 1426 1427 1585 1588 1945 1947 1948 
7 
581 584 1427 1588 1945 1946 1948 
5 
1427 1428 1945 1946 1947 
8 
703 1395 1454 1735 1736 1950 1951 1952 
6 
369 372 1735 1949 1951 1952 
6 
372 1757 1758 1949 1950 1952 
6 
1454 1455 1757 1949 1950 1951 
8 
166 167 241 589 590 1954 1955 1956 
6 
241 242 590 1953 1955 1956 
10 
53 241 242 243 244 590 591 1953 1954 1956 
10 
167 241 244 589 590 591 592 1953 1954 1955 
3 
1958 1959 1960 
4 
268 1957 1959 1960 
3 
1957 1958 1960 
3 
1957 1958 1959 
5 
1883 1884 1962 1963 1964 
4 
1883 1961 1963 1964 
4 
1961 1962 1964 1982 
5 
1961 1962 1963 1981 1982 
6 
37 1475 1476 1966 1967 1968 
6 
37 38 1475 1965 1967 1968 
6 
39 40 1105 1965 1966 1968 
4 
40 1965 1966 1967 
8 
246 365 366 1277 1280 1970 1971 1972 
8 
366 1277 1278 1279 1280 1969 1971 1972 
7 
366 367 1279 1280 1969 1970 1972 
10 
246 247 365 366 367 368 1280 1969 1970 1971 
7 
377 378 1329 1330 1974 1975 1976 
5 
378 1330 1973 1975 1976 
7 
378 379 1330 1331 1973 1974 1976 
11 
377 378 379 380 1329 1330 1331 1332 1973 1974 1975 
10 
417 418 1018 1137 1138 1139 1140 1978 1979 1980 
7 
418 1138 1139 1376 1977 1979 1980 
6 
418 419 1139 1977 1978 1980 
11 
417 418 419 420 1018 1019 1139 1140 1977 1978 1979 
4 
1964 1982 1983 1984 
5 
1963 1964 1981 1983 1984 
3 
1981 1982 1984 
3 
1981 1982 1983 
7 
81 82 1707 1708 1986 1987 1988 
5 
82 1707 1985 1987 1988 
6 
82 83 925 1985 1986 1988 
7 
81 82 83 84 1985 1986 1987 
3 
1990 1991 1992 
6 
21 605 608 1989 1991 1992 
6 
24 490 608 1989 1990 1992 
5 
489 490 1989 1990 1991 
3 
1994 1995 1996 
3 
1993 1995 1996 
3 
1993 1994 1996 
4 
1514 1993 1994 1995 
5 
1171 1172 1998 1999 2000 
4 
1171 1997 1999 2000 
6 
1221 1222 1834 1997 1998 2000 
6 
1221 1833 1834 1997 1998 1999 