
500 
4 
8 
2 3 4 69 72 141 1371 1372 
11 
1 3 4 69 70 71 72 141 142 581 1371 
11 
1 2 4 71 72 141 142 143 144 581 584 
6 
1 2 3 72 141 144 
5 
6 7 8 514 719 
5 
5 7 8 525 1773 
6 
5 6 8 525 528 1776 
6 
5 6 7 514 515 1298 
7 
10 11 12 258 259 1823 1824 
4 
9 11 12 1823 
4 
9 10 12 366 
6 
9 10 11 259 365 366 
10 
14 15 16 389 392 961 964 1011 1183 1967 
12 
13 15 16 389 390 391 392 641 961 962 963 964 
9 
13 14 16 391 392 641 644 963 964 
5 
13 14 15 392 964 
4 
18 19 20 728 
6 
17 19 20 727 728 916 
3 
17 18 20 
3 
17 18 19 
4 
22 23 24 435 
3 
21 23 24 
3 
21 22 24 
3 
21 22 23 
8 
26 27 28 1641 1642 1643 1644 1811 
7 
25 27 28 893 896 1642 1643 
5 
25 26 28 896 1643 
5 
25 26 27 1643 1644 
7 
30 31 32 1391 1486 1487 1932 
5 
29 31 32 1931 1932 
3 
29 30 32 
4 
29 30 31 1487 
5 
34 35 36 1797 1798 
5 
33 35 36 353 1798 
7 
33 34 36 353 356 1798 1799 
7 
33 34 35 1797 1798 1799 1800 
7 
38 39 40 177 178 374 1714 
4 
37 39 40 178 
5 
37 38 40 178 179 
11 
37 38 39 177 178 179 180 374 375 1714 1715 
3 
42 43 44 
3 
41 43 44 
4 
41 42 44 1186 
5 
41 42 43 1185 1186 
5 
46 47 48 1019 1020 
4 
45 47 48 1019 
3 
45 46 48 
3 
45 46 47 
3 
50 51 52 
3 
49 51 52 
3 
49 50 52 
3 
49 50 51 
4 
54 55 56 607 
4 
53 55 56 1821 
6 
53 54 56 258 1821 1824 
5 
53 54 55 257 258 
9 
58 59 60 553 554 555 556 849 1311 
7 
57 59 60 554 555 849 850 
9 
57 58 60 555 645 849 850 851 852 
7 
57 58 59 555 556 849 852 
6 
62 63 64 73 76 453 
9 
61 63 64 73 74 75 76 453 454 
9 
61 62 64 75 76 453 454 455 456 
6 
61 62 63 76 453 456 
6 
66 67 68 308 1930 1931 
5 
65 67 68 307 308 
3 
65 66 68 
4 
65 66 67 1931 
8 
1 2 70 71 72 141 1371 1372 
7 
2 69 71 72 141 142 1371 
10 
2 3 69 70 72 141 142 143 144 581 
9 
1 2 3 4 69 70 71 141 144 
7 
61 62 74 75 76 453 454 
5 
62 73 75 76 454 
7 
62 63 73 74 76 454 455 
11 
61 62 63 64 73 74 75 453 454 455 456 
13 
78 79 80 597 598 599 600 1241 1242 1243 1244 1275 1726 
10 
77 79 80 185 245 248 598 599 1242 1243 
8 
77 78 80 185 188 248 599 1243 
9 
77 78 79 599 600 1243 1244 1726 1727 
3 
82 83 84 
3 
81 83 84 
3 
81 82 84 
3 
81 82 83 
4 
86 87 88 1110 
6 
85 87 88 217 220 761 
9 
85 86 88 220 761 764 821 1993 1994 
6 
85 86 87 1110 1111 1993 
4 
90 91 92 988 
5 
89 91 92 987 988 
4 
89 90 92 1989 
3 
89 90 91 
3 
94 95 96 
4 
93 95 96 653 
5 
93 94 96 653 656 
3 
93 94 95 
5 
98 99 100 1701 1946 
6 
97 99 100 280 1701 1702 
7 
97 98 100 1701 1702 1703 1704 
8 
97 98 99 910 1701 1704 1946 1947 
5 
102 103 104 155 156 
5 
101 103 104 155 708 
3 
101 102 104 
3 
101 102 103 
4 
106 107 108 637 
5 
105 107 108 637 638 
8 
105 106 108 546 637 638 639 640 
7 
105 106 107 545 546 637 640 
8 
110 111 112 582 709 710 711 712 
5 
109 111 112 710 711 
4 
109 110 112 711 
7 
109 110 111 582 583 711 712 
7 
114 115 116 1601 1602 1603 1604 
8 
113 115 116 1077 1602 1603 1717 1720 
7 
113 114 116 1077 1080 1603 1720 
5 
113 114 115 1603 1604 
5 
118 119 120 1733 1736 
8 
117 119 120 1100 1733 1734 1735 1736 
5 
117 118 120 1735 1736 
4 
117 118 119 1736 
7 
122 123 124 835 1087 1088 1510 
4 
121 123 124 1087 
6 
121 122 124 269 1097 1098 
6 
121 122 123 1097 1510 1511 
5 
126 127 128 157 1579 
5 
125 127 128 157 158 
7 
125 126 128 157 158 159 160 
5 
125 126 127 157 160 
7 
130 131 132 865 866 867 868 
5 
129 131 132 866 867 
4 
129 130 132 867 
5 
129 130 131 867 868 
6 
134 135 136 216 941 942 
8 
133 135 136 215 216 942 1585 1588 
8 
133 134 136 942 943 1189 1588 1753 
7 
133 134 135 941 942 943 944 
4 
138 139 140 1658 
3 
137 139 140 
3 
137 138 140 
5 
137 138 139 1658 1659 
13 
1 2 3 4 69 70 71 72 142 143 144 581 1371 
9 
2 3 70 71 141 143 144 581 582 
9 
3 71 141 142 144 581 582 583 584 
9 
3 4 71 72 141 142 143 581 584 
5 
146 147 148 723 724 
5 
145 147 148 723 1177 
5 
145 146 148 814 1180 
6 
145 146 147 813 814 1054 
5 
150 151 152 1837 1840 
8 
149 151 152 1205 1837 1838 1839 1840 
7 
149 150 152 1205 1208 1839 1840 
4 
149 150 151 1840 
11 
154 155 156 1189 1190 1191 1192 1753 1754 1755 1756 
8 
153 155 156 1190 1191 1754 1755 1868 
7 
101 102 153 154 156 1191 1755 
8 
101 153 154 155 1191 1192 1755 1756 
7 
125 126 127 128 158 159 160 
5 
126 127 157 159 160 
6 
127 157 158 160 1601 1602 
6 
127 128 157 158 159 1601 
5 
162 163 164 1049 1052 
8 
161 163 164 300 1049 1050 1051 1052 
5 
161 162 164 1051 1052 
4 
161 162 163 1052 
5 
166 167 168 839 1742 
3 
165 167 168 
4 
165 166 168 1829 
5 
165 166 167 1742 1743 
5 
170 171 172 1892 1982 
7 
169 171 172 685 688 1891 1892 
6 
169 170 172 522 688 1230 
10 
169 170 171 521 522 1229 1230 1338 1982 1983 
5 
174 175 176 301 304 
8 
173 175 176 301 302 303 304 517 
8 
173 174 176 303 304 517 520 673 
4 
173 174 175 304 
9 
37 40 178 179 180 373 374 1714 1715 
8 
37 38 39 40 177 179 180 374 
8 
39 40 177 178 180 294 374 375 
11 
40 177 178 179 293 294 373 374 375 376 1715 
3 
182 183 184 
3 
181 183 184 
3 
181 182 184 
3 
181 182 183 
8 
78 79 186 187 188 247 248 1408 
6 
185 187 188 247 1407 1408 
3 
185 186 188 
4 
79 185 186 187 
12 
190 191 192 219 763 764 821 822 1257 1258 1259 1260 
9 
189 191 192 365 368 763 822 1258 1259 
8 
189 190 192 368 822 823 1259 1954 
11 
189 190 191 821 822 823 824 1259 1260 1953 1954 
5 
194 195 196 1219 1220 
4 
193 195 196 1219 
3 
193 194 196 
3 
193 194 195 
5 
198 199 200 361 364 
7 
197 199 200 361 362 363 364 
5 
197 198 200 363 364 
4 
197 198 199 364 
3 
202 203 204 
7 
201 203 204 373 376 1713 1716 
6 
201 202 204 293 376 1716 
3 
201 202 203 
5 
206 207 208 241 242 
4 
205 207 208 242 
9 
205 206 208 242 243 853 854 885 886 
10 
205 206 207 241 242 243 244 853 885 934 
5 
210 211 212 398 399 
3 
209 211 212 
3 
209 210 212 
4 
209 210 211 399 
3 
214 215 216 
3 
213 215 216 
5 
134 213 214 216 1585 
5 
133 134 213 214 215 
5 
86 218 219 220 761 
7 
217 219 220 257 260 761 762 
11 
189 217 218 220 260 761 762 763 764 1257 1258 
8 
86 87 217 218 219 761 764 1257 
7 
222 223 224 733 734 735 736 
5 
221 223 224 734 735 
4 
221 222 224 735 
5 
221 222 223 735 736 
5 
226 227 228 1921 1924 
7 
225 227 228 1921 1922 1923 1924 
7 
225 226 228 1923 1924 1961 1962 
5 
225 226 227 1924 1961 
7 
230 231 232 753 756 1793 1985 
11 
229 231 232 753 754 755 756 1793 1794 1845 1986 
13 
229 230 232 755 756 1793 1794 1795 1796 1845 1848 1986 1987 
8 
229 230 231 756 1793 1796 1985 1988 
3 
234 235 236 
5 
233 235 236 249 252 
4 
233 234 236 252 
3 
233 234 235 
5 
238 239 240 593 594 
4 
237 239 240 594 
5 
237 238 240 594 595 
7 
237 238 239 593 594 595 596 
7 
205 208 242 243 244 933 934 
8 
205 206 207 208 241 243 244 934 
9 
207 208 241 242 244 853 885 934 935 
8 
208 241 242 243 933 934 935 936 
6 
78 246 247 248 1242 1405 
5 
245 247 248 1405 1406 
9 
185 186 245 246 248 1405 1406 1407 1408 
10 
78 79 185 245 246 247 1242 1243 1405 1408 
4 
234 250 251 252 
3 
249 251 252 
3 
249 250 252 
5 
234 235 249 250 251 
3 
254 255 256 
3 
253 255 256 
3 
253 254 256 
3 
253 254 255 
6 
56 218 258 259 260 762 
7 
9 55 56 257 259 260 1824 
6 
9 12 257 258 260 365 
8 
218 219 257 258 259 762 763 1258 
3 
262 263 264 
3 
261 263 264 
5 
261 262 264 313 314 
4 
261 262 263 313 
6 
266 267 268 1082 1083 1723 
4 
265 267 268 860 
5 
265 266 268 1201 1202 
5 
265 266 267 1083 1201 
6 
123 270 271 272 1098 1099 
4 
269 271 272 396 
6 
269 270 272 845 1034 1541 
6 
269 270 271 1033 1034 1099 
3 
274 275 276 
3 
273 275 276 
3 
273 274 276 
3 
273 274 275 
3 
278 279 280 
3 
277 279 280 
3 
277 278 280 
4 
98 277 278 279 
5 
282 283 284 1418 1419 
3 
281 283 284 
3 
281 282 284 
4 
281 282 283 1419 
12 
286 287 288 339 969 970 971 972 1849 1850 1851 1852 
7 
285 287 288 970 971 1850 1851 
5 
285 286 288 971 1851 
7 
285 286 287 971 972 1851 1852 
5 
290 291 292 1594 1595 
5 
289 291 292 957 960 
4 
289 290 292 960 
5 
289 290 291 1595 1610 
6 
180 203 294 295 296 376 
8 
179 180 293 295 296 375 376 533 
5 
293 294 296 533 536 
4 
293 294 295 1538 
3 
298 299 300 
3 
297 299 300 
4 
297 298 300 1050 
6 
162 297 298 299 1049 1050 
5 
173 174 302 303 304 
4 
174 301 303 304 
8 
174 175 301 302 304 517 518 673 
8 
173 174 175 176 301 302 303 517 
5 
306 307 308 509 512 
7 
305 307 308 509 510 511 512 
6 
66 305 306 308 511 512 
6 
65 66 305 306 307 512 
5 
310 311 312 662 663 
6 
309 311 312 785 1341 1344 
7 
309 310 312 785 788 973 1344 
4 
309 310 311 663 
5 
263 264 314 315 316 
4 
263 313 315 316 
3 
313 314 316 
3 
313 314 315 
5 
318 319 320 1063 1765 
5 
317 319 320 1765 1766 
7 
317 318 320 1765 1766 1767 1768 
5 
317 318 319 1765 1768 
6 
322 323 324 1160 1373 1374 
6 
321 323 324 1159 1160 1374 
5 
321 322 324 1374 1375 
7 
321 322 323 1373 1374 1375 1376 
3 
326 327 328 
3 
325 327 328 
3 
325 326 328 
3 
325 326 327 
4 
330 331 332 1957 
5 
329 331 332 1957 1958 
7 
329 330 332 1957 1958 1959 1960 
5 
329 330 331 1957 1960 
8 
334 335 336 545 546 547 548 640 
7 
333 335 336 546 547 639 640 
4 
333 334 336 547 
5 
333 334 335 547 548 
5 
338 339 340 969 1849 
9 
337 339 340 613 616 969 970 1849 1850 
13 
285 337 338 340 616 969 970 971 972 1849 1850 1851 1852 
7 
337 338 339 969 972 1849 1852 
7 
342 343 344 405 408 1761 1764 
11 
341 343 344 405 406 407 408 1761 1762 1763 1764 
8 
341 342 344 407 408 1763 1764 1869 
5 
341 342 343 408 1764 
5 
346 347 348 1613 1616 
9 
345 347 348 1613 1614 1615 1616 1757 1760 
6 
345 346 348 1615 1616 1760 
4 
345 346 347 1616 
4 
350 351 352 959 
3 
349 351 352 
5 
349 350 352 438 558 
7 
349 350 351 437 438 557 558 
7 
34 35 354 355 356 772 1798 
5 
353 355 356 771 772 
3 
353 354 356 
6 
35 353 354 355 1798 1799 
5 
358 359 360 1817 1820 
7 
357 359 360 1817 1818 1819 1820 
5 
357 358 360 1819 1820 
4 
357 358 359 1820 
6 
197 198 362 363 364 1116 
6 
198 361 363 364 1115 1116 
5 
198 199 361 362 364 
7 
197 198 199 200 361 362 363 
6 
12 190 259 366 367 368 
6 
11 12 365 367 368 1653 
5 
365 366 368 1653 1656 
5 
190 191 365 366 367 
7 
370 371 372 533 534 535 536 
6 
369 371 372 534 535 892 
5 
369 370 372 485 535 
5 
369 370 371 535 536 
10 
177 180 202 374 375 376 1713 1714 1715 1716 
11 
37 40 177 178 179 180 373 375 376 1714 1715 
9 
40 179 180 294 373 374 376 533 1715 
10 
180 202 203 293 294 373 374 375 1715 1716 
3 
378 379 380 
3 
377 379 380 
5 
377 378 380 721 722 
4 
377 378 379 721 
6 
382 383 384 625 1749 1905 
9 
381 383 384 625 626 1749 1750 1905 1906 
16 
381 382 384 625 626 627 628 1261 1749 1750 1751 1752 1905 1906 1907 1908 
9 
381 382 383 625 628 1749 1752 1905 1908 
6 
386 387 388 930 931 1800 
5 
385 387 388 1799 1800 
6 
385 386 388 449 713 714 
6 
385 386 387 422 713 931 
11 
13 14 390 391 392 961 1010 1011 1860 1966 1967 
8 
14 389 391 392 961 962 1859 1860 
8 
14 15 389 390 392 641 963 964 
10 
13 14 15 16 389 390 391 964 1011 1967 
3 
394 395 396 
3 
393 395 396 
3 
393 394 396 
4 
270 393 394 395 
3 
398 399 400 
4 
209 397 399 400 
5 
209 212 397 398 400 
3 
397 398 399 
3 
402 403 404 
3 
401 403 404 
4 
401 402 404 666 
5 
401 402 403 665 666 
7 
341 342 406 407 408 1761 1764 
8 
342 405 407 408 1761 1762 1763 1764 
9 
342 343 405 406 408 1763 1764 1777 1869 
8 
341 342 343 344 405 406 407 1764 
5 
410 411 412 1397 1400 
8 
409 411 412 1397 1398 1399 1400 1576 
5 
409 410 412 1399 1400 
4 
409 410 411 1400 
3 
414 415 416 
3 
413 415 416 
3 
413 414 416 
3 
413 414 415 
4 
418 419 420 1521 
7 
417 419 420 1145 1148 1521 1522 
8 
417 418 420 1148 1521 1522 1523 1524 
5 
417 418 419 1521 1524 
3 
422 423 424 
6 
388 421 423 424 713 716 
6 
421 422 424 716 753 754 
4 
421 422 423 753 
4 
426 427 428 917 
7 
425 427 428 773 776 917 918 
8 
425 426 428 776 917 918 919 920 
5 
425 426 427 917 920 
6 
430 431 432 1507 1508 1600 
6 
429 431 432 1507 1599 1600 
5 
429 430 432 817 1553 
4 
429 430 431 1394 
4 
434 435 436 1428 
5 
433 435 436 1427 1428 
4 
21 433 434 436 
3 
433 434 435 
6 
352 438 439 440 557 560 
9 
351 352 437 439 440 557 558 559 560 
5 
437 438 440 559 560 
4 
437 438 439 560 
5 
442 443 444 789 792 
7 
441 443 444 789 790 791 792 
5 
441 442 444 791 792 
4 
441 442 443 792 
5 
446 447 448 829 830 
4 
445 447 448 830 
5 
445 446 448 830 831 
7 
445 446 447 829 830 831 832 
6 
387 450 451 452 713 714 
8 
449 451 452 714 1545 1548 1669 1672 
7 
449 450 452 714 715 1548 1672 
7 
449 450 451 713 714 715 716 
9 
61 62 63 64 73 76 454 455 456 
9 
62 63 73 74 75 76 453 455 456 
6 
63 75 76 453 454 456 
6 
63 64 76 453 454 455 
5 
458 459 460 1697 1700 
7 
457 459 460 1697 1698 1699 1700 
5 
457 458 460 1699 1700 
4 
457 458 459 1700 
3 
462 463 464 
3 
461 463 464 
5 
461 462 464 473 474 
4 
461 462 463 473 
4 
466 467 468 779 
5 
465 467 468 1381 1384 
4 
465 466 468 1384 
4 
465 466 467 986 
7 
470 471 472 1125 1126 1127 1128 
5 
469 471 472 1126 1127 
5 
469 470 472 1105 1127 
5 
469 470 471 1127 1128 
9 
463 464 474 475 476 654 1781 1782 1833 
7 
463 473 475 476 1782 1833 1834 
9 
473 474 476 1782 1783 1833 1834 1835 1836 
11 
473 474 475 654 655 1781 1782 1783 1784 1833 1836 
5 
478 479 480 537 540 
7 
477 479 480 537 538 539 540 
7 
477 478 480 539 540 669 670 
5 
477 478 479 540 669 
4 
482 483 484 1468 
5 
481 483 484 1197 1467 
7 
481 482 484 1197 1200 1805 1806 
4 
481 482 483 1805 
7 
371 486 487 488 535 609 1802 
5 
485 487 488 609 610 
7 
485 486 488 609 610 611 612 
7 
485 486 487 609 612 1802 1803 
3 
490 491 492 
3 
489 491 492 
3 
489 490 492 
3 
489 490 491 
5 
494 495 496 801 804 
7 
493 495 496 801 802 803 804 
5 
493 494 496 803 804 
4 
493 494 495 804 
3 
498 499 500 
3 
497 499 500 
3 
497 498 500 
3 
497 498 499 
6 
502 503 504 539 670 671 
4 
501 503 504 1617 
7 
501 502 504 749 750 1617 1620 
6 
501 502 503 671 749 926 
3 
506 507 508 
3 
505 507 508 
3 
505 506 508 
3 
505 506 507 
5 
305 306 510 511 512 
6 
306 509 511 512 1349 1352 
6 
306 307 509 510 512 1352 
7 
305 306 307 308 509 510 511 
5 
514 515 516 1297 1423 
7 
5 8 513 515 516 1297 1298 
8 
8 513 514 516 1297 1298 1299 1300 
5 
513 514 515 1297 1300 
8 
174 175 303 304 518 519 520 673 
8 
303 517 519 520 673 674 1196 1772 
7 
517 518 520 673 674 675 676 
6 
175 517 518 519 673 676 
9 
172 522 523 524 1229 1230 1338 1339 1983 
6 
171 172 521 523 524 1230 
5 
521 522 524 1230 1231 
8 
521 522 523 1229 1230 1231 1232 1339 
7 
6 7 526 527 528 1773 1776 
7 
525 527 528 1773 1774 1775 1776 
5 
525 526 528 1775 1776 
5 
7 525 526 527 1776 
5 
530 531 532 1411 1412 
5 
529 531 532 561 1411 
4 
529 530 532 564 
3 
529 530 531 
7 
294 295 369 375 534 535 536 
5 
369 370 533 535 536 
8 
369 370 371 372 485 533 534 536 
6 
295 369 372 533 534 535 
7 
477 478 538 539 540 1263 1264 
7 
478 537 539 540 1263 1277 1280 
8 
478 479 501 537 538 540 670 1280 
9 
477 478 479 480 537 538 539 669 670 
8 
542 543 544 1173 1174 1175 1176 1816 
7 
541 543 544 1174 1175 1815 1816 
4 
541 542 544 1175 
5 
541 542 543 1175 1176 
7 
108 333 546 547 548 637 640 
11 
107 108 333 334 545 547 548 637 638 639 640 
9 
333 334 335 336 545 546 548 639 640 
6 
333 336 545 546 547 640 
3 
550 551 552 
3 
549 551 552 
3 
549 550 552 
3 
549 550 551 
11 
57 554 555 556 1309 1310 1311 1312 1498 1591 1592 
8 
57 58 553 555 556 1310 1311 1591 
9 
57 58 59 60 553 554 556 849 1311 
9 
57 60 553 554 555 1311 1312 1498 1499 
6 
352 437 438 558 559 560 
6 
351 352 438 557 559 560 
5 
438 439 557 558 560 
7 
437 438 439 440 557 558 559 
4 
530 562 563 564 
3 
561 563 564 
5 
561 562 564 1141 1142 
5 
531 561 562 563 1141 
6 
566 567 568 1149 1609 1612 
10 
565 567 568 921 1149 1150 1609 1610 1611 1612 
10 
565 566 568 924 1149 1150 1151 1152 1611 1612 
6 
565 566 567 1149 1152 1612 
4 
570 571 572 954 
3 
569 571 572 
3 
569 570 572 
5 
569 570 571 954 955 
4 
574 575 576 1941 
5 
573 575 576 1941 1942 
7 
573 574 576 1941 1942 1943 1944 
6 
573 574 575 1590 1941 1944 
3 
578 579 580 
4 
577 579 580 1252 
3 
577 578 580 
3 
577 578 579 
10 
2 3 71 141 142 143 144 582 583 584 
8 
109 112 142 143 581 583 584 712 
5 
112 143 581 582 584 
6 
3 143 144 581 582 583 
3 
586 587 588 
3 
585 587 588 
3 
585 586 588 
3 
585 586 587 
5 
590 591 592 1863 1864 
4 
589 591 592 1863 
4 
589 590 592 1810 
6 
589 590 591 1058 1809 1810 
5 
237 240 594 595 596 
7 
237 238 239 240 593 595 596 
5 
239 240 593 594 596 
4 
240 593 594 595 
9 
77 598 599 600 1241 1273 1274 1275 1276 
9 
77 78 597 599 600 1241 1242 1274 1275 
13 
77 78 79 80 597 598 600 1241 1242 1243 1244 1275 1726 
11 
77 80 597 598 599 1241 1244 1275 1276 1725 1726 
5 
602 603 604 1288 1695 
5 
601 603 604 1287 1288 
4 
601 602 604 1325 
3 
601 602 603 
4 
606 607 608 1070 
3 
605 607 608 
4 
53 605 606 608 
5 
605 606 607 1070 1071 
7 
485 486 487 488 610 611 612 
5 
486 487 609 611 612 
4 
487 609 610 612 
5 
487 488 609 610 611 
5 
338 614 615 616 1940 
5 
613 615 616 1939 1940 
4 
613 614 616 1850 
8 
338 339 613 614 615 970 1849 1850 
3 
618 619 620 
3 
617 619 620 
4 
617 618 620 1134 
5 
617 618 619 1133 1134 
7 
622 623 624 1681 1682 1683 1684 
5 
621 623 624 1682 1683 
5 
621 622 624 1605 1683 
5 
621 622 623 1683 1684 
11 
381 382 383 384 626 627 628 1749 1750 1905 1906 
7 
382 383 625 627 628 1750 1906 
9 
383 625 626 628 1261 1262 1751 1906 1907 
12 
383 384 625 626 627 1261 1751 1752 1905 1906 1907 1908 
5 
630 631 632 1653 1654 
6 
629 631 632 1557 1560 1654 
6 
629 630 632 1560 1654 1655 
7 
629 630 631 1653 1654 1655 1656 
3 
634 635 636 
3 
633 635 636 
3 
633 634 636 
3 
633 634 635 
9 
105 106 107 108 545 546 638 639 640 
6 
106 107 546 637 639 640 
7 
107 334 546 547 637 638 640 
11 
107 108 333 334 545 546 547 548 637 638 639 
7 
14 15 391 642 643 644 963 
4 
641 643 644 812 
3 
641 642 644 
5 
15 641 642 643 1710 
6 
59 646 647 648 850 851 
4 
645 647 648 1016 
3 
645 646 648 
4 
645 646 647 851 
4 
650 651 652 1678 
3 
649 651 652 
3 
649 650 652 
6 
649 650 651 1314 1678 1679 
5 
94 95 654 655 656 
6 
473 476 653 655 656 1781 
6 
476 653 654 656 1781 1784 
4 
95 653 654 655 
3 
658 659 660 
3 
657 659 660 
3 
657 658 660 
3 
657 658 659 
5 
662 663 664 1913 1914 
5 
309 661 663 664 1914 
7 
309 312 661 662 664 1914 1915 
7 
661 662 663 1913 1914 1915 1916 
4 
404 666 667 668 
5 
403 404 665 667 668 
4 
665 666 668 1606 
5 
665 666 667 1605 1606 
6 
479 480 540 670 671 672 
7 
479 501 539 540 669 671 672 
8 
501 504 669 670 672 925 926 1970 
6 
669 670 671 925 1969 1970 
9 
175 303 517 518 519 520 674 675 676 
5 
518 519 673 675 676 
4 
519 673 674 676 
5 
519 520 673 674 675 
4 
678 679 680 1689 
5 
677 679 680 1689 1690 
9 
677 678 680 693 694 1689 1690 1691 1692 
6 
677 678 679 693 1689 1692 
3 
682 683 684 
3 
681 683 684 
4 
681 682 684 933 
4 
681 682 683 1638 
8 
170 686 687 688 1889 1890 1891 1892 
7 
685 687 688 1449 1452 1890 1891 
5 
685 686 688 1452 1891 
7 
170 171 685 686 687 1891 1892 
4 
690 691 692 890 
6 
689 691 692 1549 1552 1832 
4 
689 690 692 1552 
5 
689 690 691 890 891 
7 
679 680 694 695 696 1691 1692 
5 
679 693 695 696 1691 
3 
693 694 696 
3 
693 694 695 
4 
698 699 700 997 
6 
697 699 700 997 998 1660 
7 
697 698 700 997 998 999 1000 
6 
697 698 699 778 997 1000 
4 
702 703 704 1199 
3 
701 703 704 
3 
701 702 704 
3 
701 702 703 
5 
706 707 708 1867 1868 
4 
705 707 708 1867 
3 
705 706 708 
4 
102 705 706 707 
4 
109 710 711 712 
5 
109 110 709 711 712 
7 
109 110 111 112 709 710 712 
6 
109 112 582 709 710 711 
8 
387 388 422 449 452 714 715 716 
8 
387 449 450 451 452 713 715 716 
5 
451 452 713 714 716 
6 
422 423 452 713 714 715 
4 
718 719 720 1422 
3 
717 719 720 
4 
5 717 718 720 
5 
717 718 719 1422 1423 
5 
379 380 722 723 724 
4 
379 721 723 724 
5 
145 146 721 722 724 
4 
145 721 722 723 
3 
726 727 728 
4 
725 727 728 913 
6 
18 725 726 728 913 916 
5 
17 18 725 726 727 
4 
730 731 732 912 
5 
729 731 732 911 912 
3 
729 730 732 
3 
729 730 731 
4 
221 734 735 736 
5 
221 222 733 735 736 
7 
221 222 223 224 733 734 736 
5 
221 224 733 734 735 
6 
738 739 740 1021 1221 1222 
10 
737 739 740 1021 1022 1025 1028 1222 1577 1580 
11 
737 738 740 1021 1022 1023 1024 1028 1222 1223 1580 
9 
737 738 739 1021 1024 1221 1222 1223 1224 
4 
742 743 744 1318 
4 
741 743 744 1581 
5 
741 742 744 1581 1584 
5 
741 742 743 1318 1319 
4 
746 747 748 857 
5 
745 747 748 857 858 
7 
745 746 748 857 858 859 860 
5 
745 746 747 857 860 
8 
503 504 750 751 752 926 927 1620 
6 
503 749 751 752 1619 1620 
5 
749 750 752 906 1646 
7 
749 750 751 905 906 927 1645 
7 
229 230 423 424 754 755 756 
5 
230 423 753 755 756 
8 
230 231 753 754 756 1794 1845 1986 
11 
229 230 231 232 753 754 755 1793 1794 1985 1986 
3 
758 759 760 
3 
757 759 760 
3 
757 758 760 
3 
757 758 759 
10 
86 87 217 218 219 220 762 763 764 1257 
9 
218 219 257 260 761 763 764 1257 1258 
12 
189 190 219 260 761 762 764 822 1257 1258 1259 1260 
12 
87 189 219 220 761 762 763 821 822 1257 1260 1994 
7 
766 767 768 790 879 1621 1624 
7 
765 767 768 1621 1622 1623 1624 
5 
765 766 768 1623 1624 
6 
765 766 767 790 791 1624 
3 
770 771 772 
5 
769 771 772 1565 1568 
5 
354 769 770 772 1568 
5 
353 354 769 770 771 
4 
426 774 775 776 
3 
773 775 776 
4 
773 774 776 918 
7 
426 427 773 774 775 917 918 
3 
778 779 780 
4 
700 777 779 780 
4 
465 777 778 780 
3 
777 778 779 
3 
782 783 784 
3 
781 783 784 
3 
781 782 784 
3 
781 782 783 
7 
310 311 786 787 788 1341 1344 
10 
785 787 788 1337 1341 1342 1343 1344 1981 1984 
10 
785 786 788 973 974 1337 1340 1343 1344 1984 
6 
311 785 786 787 973 1344 
5 
441 442 790 791 792 
6 
442 765 768 789 791 792 
6 
442 443 768 789 790 792 
7 
441 442 443 444 789 790 791 
4 
794 795 796 1404 
6 
793 795 796 1068 1403 1404 
3 
793 794 796 
4 
793 794 795 810 
5 
798 799 800 811 812 
4 
797 799 800 811 
3 
797 798 800 
3 
797 798 799 
5 
493 494 802 803 804 
4 
494 801 803 804 
5 
494 495 801 802 804 
7 
493 494 495 496 801 802 803 
3 
806 807 808 
3 
805 807 808 
4 
805 806 808 1762 
5 
805 806 807 1761 1762 
3 
810 811 812 
4 
796 809 811 812 
5 
797 798 809 810 812 
5 
642 797 809 810 811 
5 
148 814 815 816 1054 
6 
147 148 813 815 816 1180 
3 
813 814 816 
4 
813 814 815 1055 
5 
431 818 819 820 1553 
5 
817 819 820 1553 1554 
5 
817 818 820 1555 1556 
4 
817 818 819 1556 
10 
87 189 192 764 822 823 824 1257 1260 1994 
13 
189 190 191 192 763 764 821 823 824 1257 1258 1259 1260 
8 
191 192 821 822 824 1259 1260 1954 
9 
192 821 822 823 1260 1953 1954 1994 1995 
3 
826 827 828 
5 
825 827 828 1437 1440 
4 
825 826 828 1440 
3 
825 826 827 
5 
445 448 830 831 832 
7 
445 446 447 448 829 831 832 
5 
447 448 829 830 832 
4 
448 829 830 831 
7 
834 835 836 1039 1085 1463 1674 
5 
833 835 836 1085 1086 
10 
121 833 834 836 1085 1086 1087 1088 1509 1510 
8 
833 834 835 1085 1088 1509 1674 1675 
3 
838 839 840 
3 
837 839 840 
6 
165 837 838 840 1741 1742 
4 
837 838 839 1741 
3 
842 843 844 
3 
841 843 844 
3 
841 842 844 
3 
841 842 843 
6 
271 846 847 848 1541 1544 
7 
845 847 848 1541 1542 1543 1544 
5 
845 846 848 1543 1544 
4 
845 846 847 1544 
8 
57 58 59 60 555 850 851 852 
6 
58 59 645 849 851 852 
6 
59 645 648 849 850 852 
5 
59 60 849 850 851 
8 
207 208 243 854 855 856 885 886 
5 
207 853 855 856 886 
4 
853 854 856 887 
5 
853 854 855 887 888 
7 
745 746 747 748 858 859 860 
5 
746 747 857 859 860 
4 
747 857 858 860 
6 
266 747 748 857 858 859 
7 
862 863 864 1549 1550 1829 1830 
5 
861 863 864 1550 1830 
7 
861 862 864 1550 1551 1830 1831 
11 
861 862 863 1549 1550 1551 1552 1829 1830 1831 1832 
4 
129 866 867 868 
5 
129 130 865 867 868 
7 
129 130 131 132 865 866 868 
5 
129 132 865 866 867 
4 
870 871 872 1300 
5 
869 871 872 1299 1300 
3 
869 870 872 
3 
869 870 871 
4 
874 875 876 1206 
3 
873 875 876 
5 
873 874 876 1533 1534 
6 
873 874 875 1206 1207 1533 
3 
878 879 880 
4 
877 879 880 1496 
4 
765 877 878 880 
3 
877 878 879 
4 
882 883 884 1939 
3 
881 883 884 
3 
881 882 884 
3 
881 882 883 
7 
207 208 243 853 886 887 888 
6 
207 853 854 885 887 888 
5 
855 856 885 886 888 
4 
856 885 886 887 
3 
890 891 892 
5 
689 692 889 891 892 
4 
692 889 890 892 
4 
370 889 890 891 
4 
26 894 895 896 
3 
893 895 896 
3 
893 894 896 
5 
26 27 893 894 895 
5 
898 899 900 1333 1336 
7 
897 899 900 1333 1334 1335 1336 
5 
897 898 900 1335 1336 
4 
897 898 899 1336 
3 
902 903 904 
3 
901 903 904 
5 
901 902 904 1997 1998 
4 
901 902 903 1997 
7 
752 906 907 908 927 1645 1648 
9 
751 752 905 907 908 1645 1646 1647 1648 
7 
905 906 908 1647 1648 1881 1882 
5 
905 906 907 1648 1881 
7 
910 911 912 1945 1946 1947 1948 
8 
100 909 911 912 1701 1704 1946 1947 
6 
730 909 910 912 1704 1947 
7 
729 730 909 910 911 1947 1948 
5 
726 727 914 915 916 
5 
913 915 916 1665 1668 
4 
913 914 916 1668 
5 
18 727 913 914 915 
8 
425 426 427 428 776 918 919 920 
7 
426 427 775 776 917 919 920 
4 
427 917 918 920 
5 
427 428 917 918 919 
7 
566 922 923 924 1149 1150 1611 
4 
921 923 924 1150 
5 
921 922 924 1150 1151 
8 
567 921 922 923 1149 1150 1151 1152 
6 
671 672 926 927 928 1970 
6 
504 671 749 925 927 928 
7 
749 752 905 925 926 928 1645 
5 
925 926 927 1970 1971 
3 
930 931 932 
4 
385 929 931 932 
5 
385 388 929 930 932 
3 
929 930 931 
6 
241 244 683 934 935 936 
8 
208 241 242 243 244 933 935 936 
5 
243 244 933 934 936 
4 
244 933 934 935 
9 
938 939 940 1489 1490 1491 1492 1574 1575 
5 
937 939 940 1490 1491 
4 
937 938 940 1491 
6 
937 938 939 1491 1492 1575 
5 
133 136 942 943 944 
8 
133 134 135 136 941 943 944 1189 
8 
135 136 941 942 944 1189 1192 1598 
7 
136 941 942 943 1506 1597 1598 
5 
946 947 948 1639 1640 
4 
945 947 948 1639 
3 
945 946 948 
3 
945 946 947 
3 
950 951 952 
3 
949 951 952 
3 
949 950 952 
3 
949 950 951 
3 
954 955 956 
5 
569 572 953 955 956 
4 
572 953 954 956 
3 
953 954 955 
4 
290 958 959 960 
3 
957 959 960 
4 
349 957 958 960 
5 
290 291 957 958 959 
8 
13 14 389 390 962 963 964 1860 
7 
14 390 961 963 964 1859 1860 
7 
14 15 391 641 961 962 964 
9 
13 14 15 16 391 392 961 962 963 
5 
966 967 968 1515 1516 
4 
965 967 968 1515 
4 
965 966 968 1037 
3 
965 966 967 
10 
285 337 338 339 340 970 971 972 1849 1852 
12 
285 286 338 339 616 969 971 972 1849 1850 1851 1852 
10 
285 286 287 288 339 969 970 972 1851 1852 
8 
285 288 339 340 969 970 971 1852 
8 
311 787 788 974 975 976 1343 1344 
6 
787 973 975 976 1340 1343 
4 
973 974 976 1162 
5 
973 974 975 1161 1162 
3 
978 979 980 
3 
977 979 980 
3 
977 978 980 
3 
977 978 979 
5 
982 983 984 1898 1899 
3 
981 983 984 
3 
981 982 984 
4 
981 982 983 1899 
3 
986 987 988 
4 
468 985 987 988 
5 
90 985 986 988 1453 
5 
89 90 985 986 987 
5 
990 991 992 1290 1291 
3 
989 991 992 
3 
989 990 992 
5 
989 990 991 1291 1458 
3 
994 995 996 
3 
993 995 996 
6 
993 994 996 1106 1194 1770 
9 
993 994 995 1105 1106 1193 1194 1769 1770 
8 
697 698 699 700 998 999 1000 1660 
7 
698 699 997 999 1000 1659 1660 
4 
699 997 998 1000 
5 
699 700 997 998 999 
7 
1002 1003 1004 1121 1122 1909 1910 
5 
1001 1003 1004 1122 1910 
7 
1001 1002 1004 1122 1123 1910 1911 
11 
1001 1002 1003 1121 1122 1123 1124 1909 1910 1911 1912 
3 
1006 1007 1008 
3 
1005 1007 1008 
3 
1005 1006 1008 
3 
1005 1006 1007 
8 
1010 1011 1012 1181 1182 1183 1184 1965 
8 
389 1009 1011 1012 1182 1183 1965 1966 
11 
13 389 392 1009 1010 1012 1183 1965 1966 1967 1968 
7 
1009 1010 1011 1183 1184 1965 1968 
3 
1014 1015 1016 
3 
1013 1015 1016 
3 
1013 1014 1016 
4 
646 1013 1014 1015 
3 
1018 1019 1020 
3 
1017 1019 1020 
5 
45 46 1017 1018 1020 
4 
45 1017 1018 1019 
12 
737 738 739 740 1022 1023 1024 1028 1221 1222 1223 1224 
10 
738 739 1021 1023 1024 1027 1028 1222 1223 1580 
5 
739 1021 1022 1024 1223 
7 
739 740 1021 1022 1023 1223 1224 
7 
738 1026 1027 1028 1222 1577 1580 
7 
1025 1027 1028 1577 1578 1579 1580 
6 
1022 1025 1026 1028 1579 1580 
10 
738 739 1021 1022 1025 1026 1027 1222 1223 1580 
3 
1030 1031 1032 
3 
1029 1031 1032 
3 
1029 1030 1032 
3 
1029 1030 1031 
8 
272 1034 1035 1036 1099 1100 1734 1735 
6 
271 272 1033 1035 1036 1099 
3 
1033 1034 1036 
4 
1033 1034 1035 1735 
6 
967 1038 1039 1040 1461 1462 
4 
1037 1039 1040 1462 
6 
833 1037 1038 1040 1462 1463 
7 
1037 1038 1039 1461 1462 1463 1464 
3 
1042 1043 1044 
4 
1041 1043 1044 1945 
4 
1041 1042 1044 1948 
3 
1041 1042 1043 
5 
1046 1047 1048 1117 1212 
7 
1045 1047 1048 1117 1118 1211 1212 
8 
1045 1046 1048 1117 1118 1119 1120 1301 
5 
1045 1046 1047 1117 1120 
6 
161 162 300 1050 1051 1052 
6 
162 299 300 1049 1051 1052 
5 
162 163 1049 1050 1052 
7 
161 162 163 164 1049 1050 1051 
4 
1054 1055 1056 1334 
5 
148 813 1053 1055 1056 
4 
816 1053 1054 1056 
5 
1053 1054 1055 1334 1335 
5 
1058 1059 1060 1217 1218 
8 
592 1057 1059 1060 1218 1641 1809 1812 
8 
1057 1058 1060 1218 1219 1641 1644 1812 
7 
1057 1058 1059 1217 1218 1219 1220 
4 
1062 1063 1064 1091 
4 
1061 1063 1064 1604 
4 
317 1061 1062 1064 
3 
1061 1062 1063 
4 
1066 1067 1068 1402 
3 
1065 1067 1068 
3 
1065 1066 1068 
6 
794 1065 1066 1067 1402 1403 
5 
1070 1071 1072 1459 1460 
6 
605 608 1069 1071 1072 1459 
4 
608 1069 1070 1072 
3 
1069 1070 1071 
4 
1074 1075 1076 1474 
3 
1073 1075 1076 
3 
1073 1074 1076 
5 
1073 1074 1075 1474 1475 
7 
114 115 1078 1079 1080 1717 1720 
7 
1077 1079 1080 1717 1718 1719 1720 
5 
1077 1078 1080 1719 1720 
5 
115 1077 1078 1079 1720 
5 
1082 1083 1084 1723 1724 
5 
265 1081 1083 1084 1723 
5 
265 268 1081 1082 1084 
3 
1081 1082 1083 
7 
833 834 835 836 1086 1087 1088 
5 
834 835 1085 1087 1088 
7 
121 122 835 1085 1086 1088 1510 
8 
121 835 836 1085 1086 1087 1509 1510 
3 
1090 1091 1092 
3 
1089 1091 1092 
4 
1061 1089 1090 1092 
3 
1089 1090 1091 
3 
1094 1095 1096 
3 
1093 1095 1096 
3 
1093 1094 1096 
3 
1093 1094 1095 
7 
123 124 1098 1099 1100 1511 1734 
5 
123 269 1097 1099 1100 
7 
269 272 1033 1034 1097 1098 1100 
7 
118 1033 1097 1098 1099 1734 1735 
3 
1102 1103 1104 
3 
1101 1103 1104 
3 
1101 1102 1104 
3 
1101 1102 1103 
7 
471 996 1106 1107 1108 1193 1769 
9 
995 996 1105 1107 1108 1193 1194 1769 1770 
11 
1105 1106 1108 1193 1194 1195 1196 1769 1770 1771 1772 
7 
1105 1106 1107 1193 1196 1769 1772 
3 
1110 1111 1112 
5 
85 88 1109 1111 1112 
5 
88 1109 1110 1112 1993 
3 
1109 1110 1111 
7 
1114 1115 1116 1269 1270 1271 1272 
5 
1113 1115 1116 1270 1271 
5 
362 1113 1114 1116 1271 
7 
361 362 1113 1114 1115 1271 1272 
7 
1045 1046 1047 1048 1118 1119 1120 
5 
1046 1047 1117 1119 1120 
6 
1047 1117 1118 1120 1301 1302 
6 
1047 1048 1117 1118 1119 1301 
8 
1001 1004 1122 1123 1124 1871 1909 1910 
8 
1001 1002 1003 1004 1121 1123 1124 1910 
7 
1003 1004 1121 1122 1124 1910 1911 
8 
1004 1121 1122 1123 1909 1910 1911 1912 
4 
469 1126 1127 1128 
5 
469 470 1125 1127 1128 
7 
469 470 471 472 1125 1126 1128 
5 
469 472 1125 1126 1127 
5 
1130 1131 1132 1805 1808 
7 
1129 1131 1132 1805 1806 1807 1808 
7 
1129 1130 1132 1165 1166 1807 1808 
5 
1129 1130 1131 1165 1808 
4 
620 1134 1135 1136 
5 
619 620 1133 1135 1136 
4 
1133 1134 1136 1589 
3 
1133 1134 1135 
3 
1138 1139 1140 
3 
1137 1139 1140 
3 
1137 1138 1140 
3 
1137 1138 1139 
5 
563 564 1142 1143 1144 
4 
563 1141 1143 1144 
3 
1141 1142 1144 
3 
1141 1142 1143 
4 
418 1146 1147 1148 
4 
1145 1147 1148 1972 
3 
1145 1146 1148 
6 
418 419 1145 1146 1147 1522 
11 
565 566 567 568 921 924 1150 1151 1152 1611 1612 
10 
566 567 921 922 923 924 1149 1151 1152 1611 
6 
567 923 924 1149 1150 1152 
6 
567 568 924 1149 1150 1151 
3 
1154 1155 1156 
3 
1153 1155 1156 
3 
1153 1154 1156 
3 
1153 1154 1155 
3 
1158 1159 1160 
3 
1157 1159 1160 
4 
322 1157 1158 1160 
5 
321 322 1157 1158 1159 
4 
976 1162 1163 1164 
5 
975 976 1161 1163 1164 
3 
1161 1162 1164 
3 
1161 1162 1163 
5 
1131 1132 1166 1167 1168 
4 
1131 1165 1167 1168 
3 
1165 1166 1168 
3 
1165 1166 1167 
4 
1170 1171 1172 1586 
4 
1169 1171 1172 1872 
3 
1169 1170 1172 
5 
1169 1170 1171 1586 1587 
6 
541 1174 1175 1176 1813 1816 
9 
541 542 1173 1175 1176 1813 1814 1815 1816 
9 
541 542 543 544 1173 1174 1176 1815 1816 
6 
541 544 1173 1174 1175 1816 
4 
146 1178 1179 1180 
3 
1177 1179 1180 
3 
1177 1178 1180 
5 
147 814 1177 1178 1179 
5 
1009 1182 1183 1184 1965 
7 
1009 1010 1181 1183 1184 1965 1966 
12 
13 1009 1010 1011 1012 1181 1182 1184 1965 1966 1967 1968 
7 
1009 1012 1181 1182 1183 1965 1968 
4 
44 1186 1187 1188 
5 
43 44 1185 1187 1188 
3 
1185 1186 1188 
3 
1185 1186 1187 
8 
135 153 942 943 1190 1191 1192 1753 
9 
153 154 1189 1191 1192 1753 1754 1865 1868 
12 
153 154 155 156 1189 1190 1192 1753 1754 1755 1756 1868 
8 
153 156 943 1189 1190 1191 1753 1756 
10 
996 1105 1106 1107 1108 1194 1195 1196 1769 1770 
8 
995 996 1106 1107 1193 1195 1196 1770 
6 
1107 1193 1194 1196 1770 1771 
10 
518 1107 1108 1193 1194 1195 1769 1770 1771 1772 
5 
482 483 1198 1199 1200 
3 
1197 1199 1200 
5 
701 1197 1198 1200 1806 
6 
483 1197 1198 1199 1805 1806 
5 
267 268 1202 1203 1204 
4 
267 1201 1203 1204 
3 
1201 1202 1204 
3 
1201 1202 1203 
9 
150 151 1206 1207 1208 1837 1838 1839 1840 
7 
873 876 1205 1207 1208 1838 1839 
5 
876 1205 1206 1208 1839 
6 
151 1205 1206 1207 1839 1840 
3 
1210 1211 1212 
3 
1209 1211 1212 
4 
1046 1209 1210 1212 
5 
1045 1046 1209 1210 1211 
3 
1214 1215 1216 
3 
1213 1215 1216 
3 
1213 1214 1216 
4 
1213 1214 1215 1566 
5 
1057 1060 1218 1219 1220 
8 
1057 1058 1059 1060 1217 1219 1220 1812 
7 
193 194 1059 1060 1217 1218 1220 
5 
193 1060 1217 1218 1219 
6 
737 740 1021 1222 1223 1224 
12 
737 738 739 740 1021 1022 1025 1028 1221 1223 1224 1580 
10 
739 740 1021 1022 1023 1024 1028 1221 1222 1224 
6 
740 1021 1024 1221 1222 1223 
5 
1226 1227 1228 1481 1484 
8 
1225 1227 1228 1481 1482 1483 1484 1636 
5 
1225 1226 1228 1483 1484 
4 
1225 1226 1227 1484 
9 
172 521 524 1230 1231 1232 1338 1339 1983 
9 
171 172 521 522 523 524 1229 1231 1232 
5 
523 524 1229 1230 1232 
5 
524 1229 1230 1231 1339 
6 
1234 1235 1236 1324 1618 1619 
5 
1233 1235 1236 1323 1324 
3 
1233 1234 1236 
4 
1233 1234 1235 1619 
5 
1238 1239 1240 1826 1827 
3 
1237 1239 1240 
3 
1237 1238 1240 
4 
1237 1238 1239 1827 
12 
77 597 598 599 600 1242 1243 1244 1274 1275 1725 1726 
10 
77 78 245 248 598 599 1241 1243 1244 1726 
11 
77 78 79 80 248 599 1241 1242 1244 1726 1727 
12 
77 80 599 600 1241 1242 1243 1275 1725 1726 1727 1728 
8 
1246 1247 1248 1378 1379 1785 1842 1843 
5 
1245 1247 1248 1785 1786 
7 
1245 1246 1248 1785 1786 1787 1788 
7 
1245 1246 1247 1379 1785 1788 1843 
3 
1250 1251 1252 
3 
1249 1251 1252 
3 
1249 1250 1252 
4 
578 1249 1250 1251 
3 
1254 1255 1256 
3 
1253 1255 1256 
3 
1253 1254 1256 
3 
1253 1254 1255 
13 
189 219 220 761 762 763 764 821 822 1258 1259 1260 1994 
10 
189 190 219 260 762 763 822 1257 1259 1260 
10 
189 190 191 192 763 822 823 1257 1258 1260 
13 
189 192 763 764 821 822 823 824 1257 1258 1259 1994 1995 
8 
383 627 628 1262 1263 1264 1751 1907 
4 
627 1261 1263 1264 
6 
537 538 1261 1262 1264 1277 
4 
537 1261 1262 1263 
3 
1266 1267 1268 
3 
1265 1267 1268 
3 
1265 1266 1268 
3 
1265 1266 1267 
4 
1113 1270 1271 1272 
5 
1113 1114 1269 1271 1272 
7 
1113 1114 1115 1116 1269 1270 1272 
5 
1113 1116 1269 1270 1271 
4 
597 1274 1275 1276 
6 
597 598 1241 1273 1275 1276 
12 
77 597 598 599 600 1241 1244 1273 1274 1276 1725 1726 
6 
597 600 1273 1274 1275 1725 
5 
538 1263 1278 1279 1280 
3 
1277 1279 1280 
3 
1277 1278 1280 
5 
538 539 1277 1278 1279 
4 
1282 1283 1284 1707 
4 
1281 1283 1284 1897 
5 
1281 1282 1284 1897 1900 
3 
1281 1282 1283 
3 
1286 1287 1288 
3 
1285 1287 1288 
4 
602 1285 1286 1288 
5 
601 602 1285 1286 1287 
3 
1290 1291 1292 
4 
989 1289 1291 1292 
7 
989 992 1289 1290 1292 1457 1458 
4 
1289 1290 1291 1457 
4 
1294 1295 1296 1920 
5 
1293 1295 1296 1919 1920 
3 
1293 1294 1296 
3 
1293 1294 1295 
8 
513 514 515 516 1298 1299 1300 1423 
6 
8 514 515 1297 1299 1300 
5 
515 870 1297 1298 1300 
7 
515 516 869 870 1297 1298 1299 
6 
1047 1119 1120 1302 1303 1304 
4 
1119 1301 1303 1304 
3 
1301 1302 1304 
3 
1301 1302 1303 
5 
1306 1307 1308 1875 1876 
4 
1305 1307 1308 1875 
4 
1305 1306 1308 1745 
3 
1305 1306 1307 
7 
553 1310 1311 1312 1497 1498 1592 
8 
553 554 1309 1311 1312 1498 1591 1592 
10 
57 553 554 555 556 1309 1310 1312 1498 1499 
9 
553 556 1309 1310 1311 1497 1498 1499 1500 
7 
1314 1315 1316 1677 1678 1679 1680 
6 
652 1313 1315 1316 1678 1679 
4 
1313 1314 1316 1679 
6 
1313 1314 1315 1382 1679 1680 
3 
1318 1319 1320 
5 
741 744 1317 1319 1320 
4 
744 1317 1318 1320 
3 
1317 1318 1319 
3 
1322 1323 1324 
3 
1321 1323 1324 
4 
1234 1321 1322 1324 
5 
1233 1234 1321 1322 1323 
4 
603 1326 1327 1328 
3 
1325 1327 1328 
3 
1325 1326 1328 
3 
1325 1326 1327 
3 
1330 1331 1332 
3 
1329 1331 1332 
3 
1329 1330 1332 
3 
1329 1330 1331 
5 
897 898 1334 1335 1336 
6 
898 1053 1056 1333 1335 1336 
6 
898 899 1056 1333 1334 1336 
7 
897 898 899 900 1333 1334 1335 
9 
786 787 1338 1339 1340 1342 1343 1983 1984 
7 
172 521 1229 1337 1339 1340 1983 
7 
521 524 1229 1232 1337 1338 1340 
6 
787 974 1337 1338 1339 1343 
6 
310 785 786 1342 1343 1344 
7 
786 1337 1341 1343 1344 1981 1984 
10 
786 787 973 974 1337 1340 1341 1342 1344 1984 
10 
310 311 785 786 787 788 973 1341 1342 1343 
5 
1346 1347 1348 1375 1376 
4 
1345 1347 1348 1375 
3 
1345 1346 1348 
3 
1345 1346 1347 
4 
510 1350 1351 1352 
3 
1349 1351 1352 
3 
1349 1350 1352 
5 
510 511 1349 1350 1351 
3 
1354 1355 1356 
3 
1353 1355 1356 
3 
1353 1354 1356 
4 
1353 1354 1355 1426 
3 
1358 1359 1360 
3 
1357 1359 1360 
3 
1357 1358 1360 
3 
1357 1358 1359 
3 
1362 1363 1364 
3 
1361 1363 1364 
3 
1361 1362 1364 
3 
1361 1362 1363 
3 
1366 1367 1368 
3 
1365 1367 1368 
3 
1365 1366 1368 
3 
1365 1366 1367 
3 
1370 1371 1372 
3 
1369 1371 1372 
8 
1 2 69 70 141 1369 1370 1372 
5 
1 69 1369 1370 1371 
5 
321 324 1374 1375 1376 
7 
321 322 323 324 1373 1375 1376 
7 
323 324 1345 1346 1373 1374 1376 
5 
324 1345 1373 1374 1375 
7 
1378 1379 1380 1841 1842 1843 1844 
7 
1245 1377 1379 1380 1785 1842 1843 
8 
1245 1248 1377 1378 1380 1785 1788 1843 
5 
1377 1378 1379 1843 1844 
4 
466 1382 1383 1384 
5 
1316 1381 1383 1384 1680 
3 
1381 1382 1384 
5 
466 467 1381 1382 1383 
3 
1386 1387 1388 
3 
1385 1387 1388 
3 
1385 1386 1388 
3 
1385 1386 1387 
5 
1390 1391 1392 1485 1486 
4 
1389 1391 1392 1486 
6 
29 1389 1390 1392 1486 1487 
7 
1389 1390 1391 1485 1486 1487 1488 
3 
1394 1395 1396 
4 
432 1393 1395 1396 
3 
1393 1394 1396 
3 
1393 1394 1395 
5 
409 410 1398 1399 1400 
8 
410 1397 1399 1400 1489 1492 1573 1576 
7 
410 411 1397 1398 1400 1492 1576 
7 
409 410 411 412 1397 1398 1399 
3 
1402 1403 1404 
5 
1065 1068 1401 1403 1404 
5 
794 1068 1401 1402 1404 
5 
793 794 1401 1402 1403 
7 
245 246 247 248 1406 1407 1408 
5 
246 247 1405 1407 1408 
5 
186 247 1405 1406 1408 
7 
185 186 247 248 1405 1406 1407 
3 
1410 1411 1412 
3 
1409 1411 1412 
5 
529 530 1409 1410 1412 
4 
529 1409 1410 1411 
3 
1414 1415 1416 
3 
1413 1415 1416 
4 
1413 1414 1416 1662 
5 
1413 1414 1415 1661 1662 
3 
1418 1419 1420 
4 
281 1417 1419 1420 
5 
281 284 1417 1418 1420 
3 
1417 1418 1419 
3 
1422 1423 1424 
5 
717 720 1421 1423 1424 
6 
513 720 1297 1421 1422 1424 
3 
1421 1422 1423 
3 
1426 1427 1428 
4 
1356 1425 1427 1428 
4 
434 1425 1426 1428 
5 
433 434 1425 1426 1427 
3 
1430 1431 1432 
3 
1429 1431 1432 
3 
1429 1430 1432 
3 
1429 1430 1431 
3 
1434 1435 1436 
3 
1433 1435 1436 
5 
1433 1434 1436 1629 1630 
4 
1433 1434 1435 1629 
4 
826 1438 1439 1440 
3 
1437 1439 1440 
3 
1437 1438 1440 
5 
826 827 1437 1438 1439 
3 
1442 1443 1444 
3 
1441 1443 1444 
3 
1441 1442 1444 
3 
1441 1442 1443 
3 
1446 1447 1448 
3 
1445 1447 1448 
4 
1445 1446 1448 1713 
3 
1445 1446 1447 
6 
686 1450 1451 1452 1890 1891 
3 
1449 1451 1452 
3 
1449 1450 1452 
6 
686 687 1449 1450 1451 1891 
6 
987 1454 1455 1456 1737 1740 
7 
1453 1455 1456 1737 1738 1739 1740 
6 
1453 1454 1456 1739 1740 1990 
6 
1453 1454 1455 1740 1989 1990 
5 
1291 1292 1458 1459 1460 
5 
992 1291 1457 1459 1460 
5 
1069 1070 1457 1458 1460 
4 
1069 1457 1458 1459 
5 
1037 1040 1462 1463 1464 
7 
1037 1038 1039 1040 1461 1463 1464 
7 
833 1039 1040 1461 1462 1464 1674 
6 
1040 1461 1462 1463 1673 1674 
3 
1466 1467 1468 
3 
1465 1467 1468 
4 
482 1465 1466 1468 
4 
481 1465 1466 1467 
5 
1470 1471 1472 1774 1775 
3 
1469 1471 1472 
3 
1469 1470 1472 
4 
1469 1470 1471 1775 
3 
1474 1475 1476 
5 
1073 1076 1473 1475 1476 
4 
1076 1473 1474 1476 
3 
1473 1474 1475 
5 
1478 1479 1480 1729 1732 
7 
1477 1479 1480 1729 1730 1731 1732 
7 
1477 1478 1480 1731 1732 1813 1814 
5 
1477 1478 1479 1732 1813 
5 
1225 1226 1482 1483 1484 
5 
1226 1481 1483 1484 1636 
5 
1226 1227 1481 1482 1484 
7 
1225 1226 1227 1228 1481 1482 1483 
5 
1389 1392 1486 1487 1488 
8 
29 1389 1390 1391 1392 1485 1487 1488 
7 
29 32 1391 1392 1485 1486 1488 
4 
1392 1485 1486 1487 
9 
937 1398 1490 1491 1492 1573 1574 1575 1576 
7 
937 938 1489 1491 1492 1574 1575 
8 
937 938 939 940 1489 1490 1492 1575 
9 
937 940 1398 1399 1489 1490 1491 1575 1576 
5 
1494 1495 1496 1525 1528 
7 
1493 1495 1496 1525 1526 1527 1528 
5 
1493 1494 1496 1527 1528 
5 
878 1493 1494 1495 1528 
5 
1309 1312 1498 1499 1500 
9 
553 556 1309 1310 1311 1312 1497 1499 1500 
6 
556 1311 1312 1497 1498 1500 
4 
1312 1497 1498 1499 
3 
1502 1503 1504 
3 
1501 1503 1504 
3 
1501 1502 1504 
3 
1501 1502 1503 
4 
1506 1507 1508 1597 
6 
944 1505 1507 1508 1597 1598 
9 
429 430 1505 1506 1508 1597 1598 1599 1600 
6 
429 1505 1506 1507 1597 1600 
6 
835 836 1088 1510 1511 1512 
8 
121 124 835 1087 1088 1509 1511 1512 
5 
124 1097 1509 1510 1512 
3 
1509 1510 1511 
3 
1514 1515 1516 
3 
1513 1515 1516 
5 
965 966 1513 1514 1516 
4 
965 1513 1514 1515 
3 
1518 1519 1520 
3 
1517 1519 1520 
3 
1517 1518 1520 
3 
1517 1518 1519 
7 
417 418 419 420 1522 1523 1524 
6 
418 419 1148 1521 1523 1524 
4 
419 1521 1522 1524 
5 
419 420 1521 1522 1523 
5 
1493 1494 1526 1527 1528 
4 
1494 1525 1527 1528 
5 
1494 1495 1525 1526 1528 
7 
1493 1494 1495 1496 1525 1526 1527 
3 
1530 1531 1532 
3 
1529 1531 1532 
3 
1529 1530 1532 
3 
1529 1530 1531 
5 
875 876 1534 1535 1536 
4 
875 1533 1535 1536 
3 
1533 1534 1536 
3 
1533 1534 1535 
3 
1538 1539 1540 
4 
296 1537 1539 1540 
3 
1537 1538 1540 
3 
1537 1538 1539 
6 
271 845 846 1542 1543 1544 
4 
846 1541 1543 1544 
5 
846 847 1541 1542 1544 
7 
845 846 847 848 1541 1542 1543 
6 
450 1546 1547 1548 1669 1799 
5 
1545 1547 1548 1669 1670 
5 
1545 1546 1548 1671 1672 
6 
450 451 1545 1546 1547 1672 
8 
690 861 864 1550 1551 1552 1829 1832 
11 
861 862 863 864 1549 1551 1552 1829 1830 1831 1832 
7 
863 864 1549 1550 1552 1831 1832 
7 
690 691 864 1549 1550 1551 1832 
6 
431 817 818 1554 1555 1556 
4 
818 1553 1555 1556 
4 
819 1553 1554 1556 
5 
819 820 1553 1554 1555 
4 
630 1558 1559 1560 
3 
1557 1559 1560 
3 
1557 1558 1560 
5 
630 631 1557 1558 1559 
5 
1562 1563 1564 1997 2000 
7 
1561 1563 1564 1997 1998 1999 2000 
6 
1561 1562 1564 1686 1999 2000 
6 
1561 1562 1563 1685 1686 2000 
4 
770 1566 1567 1568 
4 
1216 1565 1567 1568 
3 
1565 1566 1568 
5 
770 771 1565 1566 1567 
3 
1570 1571 1572 
3 
1569 1571 1572 
3 
1569 1570 1572 
3 
1569 1570 1571 
5 
1398 1489 1574 1575 1576 
6 
937 1489 1490 1573 1575 1576 
9 
937 940 1489 1490 1491 1492 1573 1574 1576 
8 
410 1398 1399 1489 1492 1573 1574 1575 
6 
738 1025 1026 1578 1579 1580 
4 
1026 1577 1579 1580 
6 
125 1026 1027 1577 1578 1580 
11 
738 739 1022 1025 1026 1027 1028 1222 1577 1578 1579 
5 
742 743 1582 1583 1584 
3 
1581 1583 1584 
3 
1581 1582 1584 
4 
743 1581 1582 1583 
5 
134 215 1586 1587 1588 
5 
1169 1172 1585 1587 1588 
5 
1172 1585 1586 1588 1865 
5 
134 135 1585 1586 1587 
4 
1135 1590 1591 1592 
6 
576 1589 1591 1592 1941 1944 
7 
553 554 1310 1589 1590 1592 1944 
6 
553 1309 1310 1589 1590 1591 
3 
1594 1595 1596 
4 
289 1593 1595 1596 
5 
289 292 1593 1594 1596 
3 
1593 1594 1595 
8 
944 1505 1506 1507 1508 1598 1599 1600 
7 
943 944 1506 1507 1597 1599 1600 
5 
430 1507 1597 1598 1600 
7 
429 430 1507 1508 1597 1598 1599 
6 
113 159 160 1602 1603 1604 
6 
113 114 159 1601 1603 1604 
7 
113 114 115 116 1601 1602 1604 
6 
113 116 1062 1601 1602 1603 
5 
623 668 1606 1607 1608 
5 
667 668 1605 1607 1608 
3 
1605 1606 1608 
3 
1605 1606 1607 
5 
565 566 1610 1611 1612 
5 
292 566 1609 1611 1612 
8 
566 567 921 1149 1150 1609 1610 1612 
8 
565 566 567 568 1149 1609 1610 1611 
6 
345 346 1614 1615 1616 1757 
6 
346 1613 1615 1616 1757 1758 
7 
346 347 1613 1614 1616 1759 1760 
8 
345 346 347 348 1613 1614 1615 1760 
5 
502 503 1618 1619 1620 
4 
1233 1617 1619 1620 
6 
750 1233 1236 1617 1618 1620 
6 
503 749 750 1617 1618 1619 
5 
765 766 1622 1623 1624 
4 
766 1621 1623 1624 
5 
766 767 1621 1622 1624 
7 
765 766 767 768 1621 1622 1623 
3 
1626 1627 1628 
3 
1625 1627 1628 
3 
1625 1626 1628 
3 
1625 1626 1627 
5 
1435 1436 1630 1631 1632 
4 
1435 1629 1631 1632 
3 
1629 1630 1632 
3 
1629 1630 1631 
3 
1634 1635 1636 
3 
1633 1635 1636 
3 
1633 1634 1636 
5 
1226 1482 1633 1634 1635 
3 
1638 1639 1640 
4 
684 1637 1639 1640 
5 
945 946 1637 1638 1640 
4 
945 1637 1638 1639 
10 
25 1058 1059 1642 1643 1644 1809 1810 1811 1812 
7 
25 26 1641 1643 1644 1810 1811 
8 
25 26 27 28 1641 1642 1644 1811 
8 
25 28 1059 1641 1642 1643 1811 1812 
7 
752 905 906 927 1646 1647 1648 
5 
751 906 1645 1647 1648 
7 
906 907 1645 1646 1648 1881 1882 
8 
905 906 907 908 1645 1646 1647 1881 
3 
1650 1651 1652 
4 
1649 1651 1652 1885 
6 
1649 1650 1652 1885 1888 1893 
3 
1649 1650 1651 
7 
366 367 629 632 1654 1655 1656 
7 
629 630 631 632 1653 1655 1656 
5 
631 632 1653 1654 1656 
5 
367 632 1653 1654 1655 
4 
1658 1659 1660 1703 
5 
137 140 1657 1659 1660 
5 
140 998 1657 1658 1660 
6 
698 997 998 1657 1658 1659 
5 
1416 1662 1663 1664 1937 
7 
1415 1416 1661 1663 1664 1937 1938 
7 
1661 1662 1664 1937 1938 1939 1940 
5 
1661 1662 1663 1937 1940 
4 
914 1666 1667 1668 
3 
1665 1667 1668 
3 
1665 1666 1668 
5 
914 915 1665 1666 1667 
6 
450 1545 1546 1670 1671 1672 
4 
1546 1669 1671 1672 
4 
1547 1669 1670 1672 
7 
450 451 1547 1548 1669 1670 1671 
4 
1464 1674 1675 1676 
7 
833 836 1463 1464 1673 1675 1676 
4 
836 1673 1674 1676 
3 
1673 1674 1675 
4 
1313 1678 1679 1680 
7 
649 652 1313 1314 1677 1679 1680 
8 
652 1313 1314 1315 1316 1677 1678 1680 
6 
1313 1316 1382 1677 1678 1679 
4 
621 1682 1683 1684 
5 
621 622 1681 1683 1684 
7 
621 622 623 624 1681 1682 1684 
5 
621 624 1681 1682 1683 
4 
1564 1686 1687 1688 
5 
1563 1564 1685 1687 1688 
3 
1685 1686 1688 
3 
1685 1686 1687 
7 
677 678 679 680 1690 1691 1692 
5 
678 679 1689 1691 1692 
6 
679 693 694 1689 1690 1692 
6 
679 680 693 1689 1690 1691 
4 
1694 1695 1696 1903 
3 
1693 1695 1696 
4 
601 1693 1694 1696 
3 
1693 1694 1695 
5 
457 458 1698 1699 1700 
4 
458 1697 1699 1700 
5 
458 459 1697 1698 1700 
7 
457 458 459 460 1697 1698 1699 
10 
97 98 99 100 910 1702 1703 1704 1946 1947 
5 
98 99 1701 1703 1704 
5 
99 1657 1701 1702 1704 
8 
99 100 910 911 1701 1702 1703 1947 
3 
1706 1707 1708 
3 
1705 1707 1708 
4 
1281 1705 1706 1708 
3 
1705 1706 1707 
3 
1710 1711 1712 
4 
644 1709 1711 1712 
3 
1709 1710 1712 
3 
1709 1710 1711 
6 
202 373 1447 1714 1715 1716 
8 
37 40 177 373 374 1713 1715 1716 
10 
40 177 180 373 374 375 376 1713 1714 1716 
7 
202 203 373 376 1713 1714 1715 
6 
114 1077 1078 1718 1719 1720 
4 
1078 1717 1719 1720 
5 
1078 1079 1717 1718 1720 
9 
114 115 1077 1078 1079 1080 1717 1718 1719 
3 
1722 1723 1724 
3 
1721 1723 1724 
6 
265 1081 1082 1721 1722 1724 
4 
1081 1721 1722 1723 
8 
600 1241 1244 1275 1276 1726 1727 1728 
12 
77 80 599 600 1241 1242 1243 1244 1275 1725 1727 1728 
6 
80 1243 1244 1725 1726 1728 
4 
1244 1725 1726 1727 
5 
1477 1478 1730 1731 1732 
4 
1478 1729 1731 1732 
5 
1478 1479 1729 1730 1732 
7 
1477 1478 1479 1480 1729 1730 1731 
5 
117 118 1734 1735 1736 
7 
118 1033 1097 1100 1733 1735 1736 
8 
118 119 1033 1036 1100 1733 1734 1736 
7 
117 118 119 120 1733 1734 1735 
5 
1453 1454 1738 1739 1740 
4 
1454 1737 1739 1740 
5 
1454 1455 1737 1738 1740 
8 
1453 1454 1455 1456 1737 1738 1739 1990 
5 
839 840 1742 1743 1744 
6 
165 168 839 1741 1743 1744 
4 
168 1741 1742 1744 
3 
1741 1742 1743 
4 
1307 1746 1747 1748 
4 
1745 1747 1748 1896 
3 
1745 1746 1748 
4 
1745 1746 1747 1978 
10 
381 382 383 384 625 1750 1751 1752 1905 1906 
8 
382 383 625 626 1749 1751 1752 1906 
9 
383 627 628 1261 1749 1750 1752 1906 1907 
10 
383 384 628 1749 1750 1751 1905 1906 1907 1908 
9 
135 153 1189 1190 1191 1192 1754 1755 1756 
9 
153 154 1190 1191 1753 1755 1756 1865 1868 
9 
153 154 155 156 1191 1753 1754 1756 1868 
7 
153 156 1191 1192 1753 1754 1755 
6 
346 1613 1614 1758 1759 1760 
4 
1614 1757 1759 1760 
4 
1615 1757 1758 1760 
7 
346 347 1615 1616 1757 1758 1759 
8 
341 342 405 406 808 1762 1763 1764 
7 
342 406 807 808 1761 1763 1764 
7 
342 343 406 407 1761 1762 1764 
11 
341 342 343 344 405 406 407 408 1761 1762 1763 
7 
317 318 319 320 1766 1767 1768 
5 
318 319 1765 1767 1768 
4 
319 1765 1766 1768 
5 
319 320 1765 1766 1767 
10 
996 1105 1106 1107 1108 1193 1196 1770 1771 1772 
11 
995 996 1106 1107 1193 1194 1195 1196 1769 1771 1772 
6 
1107 1195 1196 1769 1770 1772 
7 
518 1107 1108 1196 1769 1770 1771 
6 
6 525 526 1774 1775 1776 
5 
526 1469 1773 1775 1776 
7 
526 527 1469 1472 1773 1774 1776 
8 
7 525 526 527 528 1773 1774 1775 
6 
407 1778 1779 1780 1869 1870 
4 
1777 1779 1780 1870 
5 
1777 1778 1780 1870 1871 
7 
1777 1778 1779 1869 1870 1871 1872 
7 
473 476 654 655 1782 1783 1784 
9 
473 474 475 476 1781 1783 1784 1833 1836 
6 
475 476 1781 1782 1784 1836 
5 
476 655 1781 1782 1783 
9 
1245 1246 1247 1248 1378 1379 1786 1787 1788 
5 
1246 1247 1785 1787 1788 
4 
1247 1785 1786 1788 
6 
1247 1248 1379 1785 1786 1787 
3 
1790 1791 1792 
3 
1789 1791 1792 
3 
1789 1790 1792 
3 
1789 1790 1791 
12 
229 230 231 232 756 1794 1795 1796 1985 1986 1987 1988 
10 
230 231 755 756 1793 1795 1796 1845 1986 1987 
6 
231 1793 1794 1796 1848 1987 
7 
231 232 1793 1794 1795 1987 1988 
5 
33 36 1798 1799 1800 
9 
33 34 35 36 353 356 1797 1799 1800 
8 
35 36 356 386 1545 1797 1798 1800 
6 
36 385 386 1797 1798 1799 
3 
1802 1803 1804 
5 
485 488 1801 1803 1804 
4 
488 1801 1802 1804 
3 
1801 1802 1803 
8 
483 484 1129 1130 1200 1806 1807 1808 
7 
483 1130 1199 1200 1805 1807 1808 
5 
1130 1131 1805 1806 1808 
7 
1129 1130 1131 1132 1805 1806 1807 
6 
592 1058 1641 1810 1811 1812 
7 
591 592 1641 1642 1809 1811 1812 
8 
25 1641 1642 1643 1644 1809 1810 1812 
8 
1058 1059 1218 1641 1644 1809 1810 1811 
7 
1173 1174 1479 1480 1814 1815 1816 
5 
1174 1479 1813 1815 1816 
6 
542 1174 1175 1813 1814 1816 
9 
541 542 1173 1174 1175 1176 1813 1814 1815 
5 
357 358 1818 1819 1820 
4 
358 1817 1819 1820 
5 
358 359 1817 1818 1820 
7 
357 358 359 360 1817 1818 1819 
5 
54 55 1822 1823 1824 
3 
1821 1823 1824 
5 
9 10 1821 1822 1824 
6 
9 55 258 1821 1822 1823 
3 
1826 1827 1828 
4 
1237 1825 1827 1828 
5 
1237 1240 1825 1826 1828 
3 
1825 1826 1827 
8 
167 861 864 1549 1550 1830 1831 1832 
8 
861 862 863 864 1550 1829 1831 1832 
7 
863 864 1550 1551 1829 1830 1832 
9 
690 864 1549 1550 1551 1552 1829 1830 1831 
8 
473 474 475 476 1782 1834 1835 1836 
5 
474 475 1833 1835 1836 
4 
475 1833 1834 1836 
7 
475 476 1782 1783 1833 1834 1835 
6 
149 150 1205 1838 1839 1840 
6 
150 1205 1206 1837 1839 1840 
9 
150 151 1205 1206 1207 1208 1837 1838 1840 
9 
149 150 151 152 1205 1208 1837 1838 1839 
4 
1377 1842 1843 1844 
6 
1245 1377 1378 1841 1843 1844 
9 
1245 1248 1377 1378 1379 1380 1841 1842 1844 
5 
1377 1380 1841 1842 1843 
9 
230 231 755 1794 1846 1847 1848 1986 1987 
3 
1845 1847 1848 
3 
1845 1846 1848 
6 
231 1795 1845 1846 1847 1987 
11 
285 337 338 339 340 616 969 970 1850 1851 1852 
10 
285 286 338 339 615 616 970 1849 1851 1852 
10 
285 286 287 288 339 970 971 1849 1850 1852 
11 
285 288 339 340 969 970 971 972 1849 1850 1851 
3 
1854 1855 1856 
3 
1853 1855 1856 
3 
1853 1854 1856 
3 
1853 1854 1855 
3 
1858 1859 1860 
3 
1857 1859 1860 
5 
390 962 1857 1858 1860 
7 
389 390 961 962 1857 1858 1859 
3 
1862 1863 1864 
3 
1861 1863 1864 
5 
589 590 1861 1862 1864 
4 
589 1861 1862 1863 
6 
1190 1587 1754 1866 1867 1868 
3 
1865 1867 1868 
5 
705 706 1865 1866 1868 
9 
154 705 1190 1191 1754 1755 1865 1866 1867 
7 
343 407 1777 1780 1870 1871 1872 
7 
1777 1778 1779 1780 1869 1871 1872 
7 
1121 1779 1780 1869 1870 1872 1909 
5 
1170 1780 1869 1870 1871 
3 
1874 1875 1876 
3 
1873 1875 1876 
5 
1305 1306 1873 1874 1876 
4 
1305 1873 1874 1875 
3 
1878 1879 1880 
3 
1877 1879 1880 
3 
1877 1878 1880 
3 
1877 1878 1879 
7 
907 908 1647 1648 1882 1883 1884 
5 
907 1647 1881 1883 1884 
3 
1881 1882 1884 
3 
1881 1882 1883 
7 
1650 1651 1886 1887 1888 1893 1894 
4 
1885 1887 1888 1894 
5 
1885 1886 1888 1894 1895 
8 
1651 1885 1886 1887 1893 1894 1895 1896 
4 
685 1890 1891 1892 
6 
685 686 1449 1889 1891 1892 
10 
170 685 686 687 688 1449 1452 1889 1890 1892 
7 
169 170 685 688 1889 1890 1891 
6 
1651 1885 1888 1894 1895 1896 
7 
1885 1886 1887 1888 1893 1895 1896 
5 
1887 1888 1893 1894 1896 
5 
1746 1888 1893 1894 1895 
5 
1282 1283 1898 1899 1900 
4 
981 1897 1899 1900 
5 
981 984 1897 1898 1900 
4 
1283 1897 1898 1899 
3 
1902 1903 1904 
3 
1901 1903 1904 
4 
1693 1901 1902 1904 
3 
1901 1902 1903 
11 
381 382 383 384 625 628 1749 1752 1906 1907 1908 
13 
382 383 625 626 627 628 1749 1750 1751 1752 1905 1907 1908 
9 
383 627 628 1261 1751 1752 1905 1906 1908 
7 
383 384 628 1752 1905 1906 1907 
8 
1001 1004 1121 1124 1871 1910 1911 1912 
11 
1001 1002 1003 1004 1121 1122 1123 1124 1909 1911 1912 
7 
1003 1004 1123 1124 1909 1910 1912 
5 
1004 1124 1909 1910 1911 
5 
661 664 1914 1915 1916 
7 
661 662 663 664 1913 1915 1916 
5 
663 664 1913 1914 1916 
4 
664 1913 1914 1915 
3 
1918 1919 1920 
3 
1917 1919 1920 
4 
1294 1917 1918 1920 
5 
1293 1294 1917 1918 1919 
5 
225 226 1922 1923 1924 
4 
226 1921 1923 1924 
5 
226 227 1921 1922 1924 
7 
225 226 227 228 1921 1922 1923 
3 
1926 1927 1928 
5 
1925 1927 1928 1989 1992 
4 
1925 1926 1928 1992 
3 
1925 1926 1927 
3 
1930 1931 1932 
4 
65 1929 1931 1932 
6 
30 65 68 1929 1930 1932 
5 
29 30 1929 1930 1931 
3 
1934 1935 1936 
3 
1933 1935 1936 
3 
1933 1934 1936 
3 
1933 1934 1935 
7 
1661 1662 1663 1664 1938 1939 1940 
5 
1662 1663 1937 1939 1940 
6 
614 881 1663 1937 1938 1940 
7 
613 614 1663 1664 1937 1938 1939 
8 
573 574 575 576 1590 1942 1943 1944 
5 
574 575 1941 1943 1944 
4 
575 1941 1942 1944 
7 
575 576 1590 1591 1941 1942 1943 
5 
909 1042 1946 1947 1948 
8 
97 100 909 910 1701 1945 1947 1948 
10 
100 909 910 911 912 1701 1704 1945 1946 1948 
6 
909 912 1043 1945 1946 1947 
3 
1950 1951 1952 
3 
1949 1951 1952 
3 
1949 1950 1952 
3 
1949 1950 1951 
6 
192 824 1954 1955 1956 1995 
7 
191 192 823 824 1953 1955 1956 
3 
1953 1954 1956 
3 
1953 1954 1955 
7 
329 330 331 332 1958 1959 1960 
5 
330 331 1957 1959 1960 
4 
331 1957 1958 1960 
5 
331 332 1957 1958 1959 
5 
227 228 1962 1963 1964 
4 
227 1961 1963 1964 
3 
1961 1962 1964 
3 
1961 1962 1963 
11 
1009 1010 1011 1012 1181 1182 1183 1184 1966 1967 1968 
8 
389 1010 1011 1182 1183 1965 1967 1968 
8 
13 389 392 1011 1183 1965 1966 1968 
7 
1011 1012 1183 1184 1965 1966 1967 
4 
672 1970 1971 1972 
7 
671 672 925 928 1969 1971 1972 
4 
928 1969 1970 1972 
4 
1146 1969 1970 1971 
3 
1974 1975 1976 
3 
1973 1975 1976 
3 
1973 1974 1976 
3 
1973 1974 1975 
3 
1978 1979 1980 
4 
1748 1977 1979 1980 
3 
1977 1978 1980 
3 
1977 1978 1979 
5 
786 1342 1982 1983 1984 
5 
169 172 1981 1983 1984 
8 
172 521 1229 1337 1338 1981 1982 1984 
8 
786 787 1337 1342 1343 1981 1982 1983 
7 
229 232 756 1793 1986 1987 1988 
10 
230 231 755 756 1793 1794 1845 1985 1987 1988 
10 
231 1793 1794 1795 1796 1845 1848 1985 1986 1988 
6 
232 1793 1796 1985 1986 1987 
6 
91 1456 1926 1990 1991 1992 
6 
1455 1456 1740 1989 1991 1992 
3 
1989 1990 1992 
5 
1926 1927 1989 1990 1991 
6 
87 88 1111 1994 1995 1996 
9 
87 764 821 824 1257 1260 1993 1995 1996 
6 
824 1260 1953 1993 1994 1996 
3 
1993 1994 1995 
7 
903 904 1561 1562 1998 1999 2000 
5 
903 1562 1997 1999 2000 
5 
1562 1563 1997 1998 2000 
7 
1561 1562 1563 1564 1997 1998 1999 