
500 
4 
4 
2 3 4 1640 
6 
1 3 4 1639 1640 1752 
3 
1 2 4 
3 
1 2 3 
4 
6 7 8 1738 
4 
5 7 8 1985 
5 
5 6 8 1985 1988 
6 
5 6 7 890 1738 1739 
4 
10 11 12 327 
4 
9 11 12 1588 
5 
9 10 12 117 693 
3 
9 10 11 
3 
14 15 16 
3 
13 15 16 
5 
13 14 16 1137 1138 
5 
13 14 15 490 1137 
4 
18 19 20 1166 
3 
17 19 20 
3 
17 18 20 
5 
17 18 19 1166 1167 
5 
22 23 24 819 1665 
5 
21 23 24 1665 1666 
7 
21 22 24 1665 1666 1667 1668 
5 
21 22 23 1665 1668 
5 
26 27 28 51 52 
5 
25 27 28 51 1612 
3 
25 26 28 
4 
25 26 27 314 
3 
30 31 32 
5 
29 31 32 437 440 
4 
29 30 32 440 
3 
29 30 31 
6 
34 35 36 255 1218 1219 
3 
33 35 36 
4 
33 34 36 746 
7 
33 34 35 745 746 986 1219 
3 
38 39 40 
4 
37 39 40 1660 
3 
37 38 40 
3 
37 38 39 
4 
42 43 44 333 
5 
41 43 44 333 334 
8 
41 42 44 333 334 335 336 1061 
5 
41 42 43 333 336 
9 
46 47 48 1222 1223 1229 1230 1231 1232 
5 
45 47 48 1230 1231 
4 
45 46 48 1231 
6 
45 46 47 1223 1231 1232 
3 
50 51 52 
3 
49 51 52 
5 
25 26 49 50 52 
4 
25 49 50 51 
5 
54 55 56 914 1848 
6 
53 55 56 1272 1847 1848 
6 
53 54 56 277 278 1974 
8 
53 54 55 277 914 915 1973 1974 
9 
58 59 60 938 939 1821 1822 1823 1824 
5 
57 59 60 1822 1823 
4 
57 58 60 1823 
6 
57 58 59 939 1823 1824 
5 
62 63 64 321 322 
7 
61 63 64 322 861 864 1409 
8 
61 62 64 322 323 864 1409 1412 
8 
61 62 63 321 322 323 324 1746 
3 
66 67 68 
3 
65 67 68 
3 
65 66 68 
3 
65 66 67 
5 
70 71 72 81 84 
9 
69 71 72 81 82 83 84 1333 1336 
10 
69 70 72 83 84 706 1145 1146 1336 1505 
7 
69 70 71 84 705 706 1145 
4 
74 75 76 701 
5 
73 75 76 701 702 
6 
73 74 76 703 704 1849 
4 
73 74 75 704 
3 
78 79 80 
5 
77 79 80 1309 1312 
6 
77 78 80 577 578 1312 
4 
77 78 79 577 
5 
69 70 82 83 84 
5 
70 81 83 84 1333 
8 
70 71 81 82 84 1146 1336 1505 
10 
69 70 71 72 81 82 83 706 1145 1146 
6 
86 87 88 882 883 1538 
3 
85 87 88 
4 
85 86 88 1202 
9 
85 86 87 422 883 1201 1202 1539 1818 
4 
90 91 92 516 
5 
89 91 92 515 516 
3 
89 90 92 
4 
89 90 91 1574 
5 
94 95 96 113 1646 
6 
93 95 96 113 114 1425 
9 
93 94 96 113 114 115 116 1425 1428 
7 
93 94 95 113 116 1646 1647 
4 
98 99 100 1036 
8 
97 99 100 273 289 292 1035 1036 
6 
97 98 100 273 276 292 
3 
97 98 99 
3 
102 103 104 
4 
101 103 104 1000 
7 
101 102 104 285 1581 1925 1926 
4 
101 102 103 1925 
3 
106 107 108 
3 
105 107 108 
3 
105 106 108 
3 
105 106 107 
4 
110 111 112 592 
8 
109 111 112 221 229 232 591 592 
7 
109 110 112 221 224 232 466 
5 
109 110 111 465 466 
8 
93 94 95 96 114 115 116 1646 
6 
94 95 113 115 116 1425 
6 
95 113 114 116 1425 1428 
7 
95 96 113 114 115 1646 1647 
8 
11 118 119 120 493 496 693 694 
10 
117 119 120 493 494 495 496 694 1413 1980 
12 
117 118 120 495 496 694 695 761 762 1413 1416 1934 
11 
117 118 119 496 693 694 695 696 761 1933 1934 
5 
122 123 124 458 459 
3 
121 123 124 
3 
121 122 124 
5 
121 122 123 459 1330 
5 
126 127 128 557 560 
7 
125 127 128 557 558 559 560 
7 
125 126 128 559 560 805 806 
5 
125 126 127 560 805 
7 
130 131 132 1467 1468 1877 1878 
6 
129 131 132 936 1467 1878 
6 
129 130 132 1401 1878 1879 
7 
129 130 131 1877 1878 1879 1880 
4 
134 135 136 176 
7 
133 135 136 175 176 204 952 
3 
133 134 136 
3 
133 134 135 
5 
138 139 140 401 404 
10 
137 139 140 397 400 401 402 403 404 1160 
6 
137 138 140 400 403 404 
4 
137 138 139 404 
14 
142 143 144 191 192 350 499 1097 1098 1099 1100 1193 1194 1624 
8 
141 143 144 191 1098 1099 1194 1623 
6 
141 142 144 1099 1194 1195 
11 
141 142 143 350 351 1099 1100 1193 1194 1195 1196 
3 
146 147 148 
3 
145 147 148 
4 
145 146 148 973 
3 
145 146 147 
8 
150 151 152 1077 1078 1079 1080 1635 
5 
149 151 152 1078 1079 
5 
149 150 152 830 1079 
7 
149 150 151 829 830 1079 1080 
3 
154 155 156 
3 
153 155 156 
3 
153 154 156 
3 
153 154 155 
3 
158 159 160 
3 
157 159 160 
7 
157 158 160 261 262 1085 1086 
5 
157 158 159 261 1085 
5 
162 163 164 537 1056 
7 
161 163 164 537 538 1055 1056 
9 
161 162 164 537 538 539 540 657 658 
7 
161 162 163 537 540 657 1710 
4 
166 167 168 1511 
4 
165 167 168 581 
6 
165 166 168 581 584 1458 
5 
165 166 167 1457 1458 
4 
170 171 172 342 
3 
169 171 172 
3 
169 170 172 
4 
169 170 171 343 
6 
174 175 176 949 1067 1068 
7 
173 175 176 201 949 950 1067 
10 
134 173 174 176 201 204 949 950 951 952 
7 
133 134 173 174 175 949 952 
8 
178 179 180 1325 1913 1916 1945 1946 
11 
177 179 180 1325 1326 1913 1914 1915 1916 1946 1984 
13 
177 178 180 1325 1326 1327 1328 1377 1378 1915 1916 1946 1947 
11 
177 178 179 1325 1328 1377 1916 1945 1946 1947 1948 
3 
182 183 184 
3 
181 183 184 
3 
181 182 184 
3 
181 182 183 
4 
186 187 188 1988 
5 
185 187 188 1987 1988 
5 
185 186 188 730 1597 
5 
185 186 187 729 730 
7 
190 191 192 497 498 1127 1621 
6 
189 191 192 498 1621 1622 
10 
141 142 189 190 192 498 499 1098 1623 1624 
11 
141 189 190 191 497 498 499 500 1097 1098 1624 
12 
194 195 196 257 258 649 652 797 800 1043 1605 1606 
13 
193 195 196 258 649 650 651 652 797 798 799 800 1606 
11 
193 194 196 258 259 651 652 799 800 1606 1607 
14 
193 194 195 257 258 259 260 298 652 800 1605 1606 1607 1608 
4 
198 199 200 399 
5 
197 199 200 733 1924 
5 
197 198 200 733 736 
3 
197 198 199 
8 
174 175 202 203 204 949 950 1067 
4 
201 203 204 950 
5 
201 202 204 950 951 
9 
134 175 201 202 203 949 950 951 952 
5 
206 207 208 737 740 
7 
205 207 208 737 738 739 740 
5 
205 206 208 739 740 
4 
205 206 207 740 
6 
210 211 212 523 1993 1994 
4 
209 211 212 1994 
5 
209 210 212 1994 1995 
7 
209 210 211 1993 1994 1995 1996 
5 
214 215 216 1251 1252 
4 
213 215 216 1251 
5 
213 214 216 866 1530 
7 
213 214 215 865 866 1529 1530 
3 
218 219 220 
3 
217 219 220 
3 
217 218 220 
3 
217 218 219 
7 
110 111 222 223 224 232 466 
7 
221 223 224 231 232 937 940 
4 
221 222 224 940 
6 
111 221 222 223 466 467 
4 
226 227 228 1427 
3 
225 227 228 
5 
225 226 228 997 998 
4 
225 226 227 997 
10 
110 230 231 232 447 448 589 590 591 592 
7 
229 231 232 447 590 591 937 
7 
222 229 230 232 591 937 940 
9 
110 111 221 222 229 230 231 591 592 
5 
234 235 236 337 338 
4 
233 235 236 338 
6 
233 234 236 339 961 962 
6 
233 234 235 339 340 961 
5 
238 239 240 418 1797 
7 
237 239 240 1117 1120 1797 1798 
10 
237 238 240 1120 1473 1474 1797 1798 1799 1800 
7 
237 238 239 419 1473 1797 1800 
6 
242 243 244 1173 1174 1240 
6 
241 243 244 1174 1239 1240 
5 
241 242 244 1174 1175 
7 
241 242 243 1173 1174 1175 1176 
7 
246 247 248 1071 1072 1609 1610 
9 
245 247 248 669 672 1071 1209 1496 1610 
8 
245 246 248 672 1209 1212 1610 1611 
7 
245 246 247 1609 1610 1611 1612 
3 
250 251 252 
3 
249 251 252 
3 
249 250 252 
3 
249 250 251 
5 
254 255 256 1217 1218 
4 
253 255 256 1218 
6 
33 253 254 256 1218 1219 
7 
253 254 255 1217 1218 1219 1220 
13 
193 196 258 259 260 652 800 1043 1044 1605 1606 1607 1608 
14 
193 194 195 196 257 259 260 651 652 799 800 1043 1606 1607 
8 
195 196 257 258 260 298 1607 1689 
8 
196 257 258 259 297 298 1607 1608 
7 
159 160 262 263 264 1085 1086 
5 
159 261 263 264 1086 
7 
261 262 264 757 758 1086 1087 
8 
261 262 263 757 1085 1086 1087 1088 
9 
266 267 268 341 822 1829 1830 1831 1832 
7 
265 267 268 341 342 1830 1831 
9 
265 266 268 341 342 343 344 1374 1831 
11 
265 266 267 341 344 822 823 1373 1374 1831 1832 
5 
270 271 272 1729 1732 
7 
269 271 272 1729 1730 1731 1732 
5 
269 270 272 1731 1732 
4 
269 270 271 1732 
8 
98 99 274 275 276 292 1035 1036 
6 
273 275 276 291 292 1035 
3 
273 274 276 
4 
99 273 274 275 
10 
55 56 278 279 280 915 1973 1974 1975 1976 
6 
55 277 279 280 1974 1975 
4 
277 278 280 1975 
5 
277 278 279 1975 1976 
5 
282 283 284 603 604 
4 
281 283 284 603 
4 
281 282 284 529 
3 
281 282 283 
9 
103 286 287 288 1581 1925 1926 1927 1928 
9 
285 287 288 633 636 1581 1582 1926 1927 
9 
285 286 288 636 941 942 1583 1584 1927 
7 
285 286 287 941 1584 1927 1928 
8 
98 290 291 292 1033 1034 1035 1036 
5 
289 291 292 1034 1035 
5 
274 289 290 292 1035 
9 
98 99 273 274 289 290 291 1035 1036 
7 
294 295 296 1661 1664 1813 1816 
12 
293 295 296 317 1661 1662 1663 1664 1813 1814 1815 1816 
9 
293 294 296 317 320 1663 1664 1815 1816 
5 
293 294 295 1664 1816 
5 
260 298 299 300 1608 
9 
196 259 260 297 299 300 1607 1608 1689 
5 
297 298 300 1689 1692 
3 
297 298 299 
9 
302 303 304 913 916 1514 1515 1989 1992 
12 
301 303 304 913 914 915 916 1973 1989 1990 1991 1992 
11 
301 302 304 915 916 1681 1682 1973 1976 1991 1992 
8 
301 302 303 916 1515 1594 1681 1992 
10 
306 307 308 945 948 1298 1299 1762 1886 1887 
7 
305 307 308 945 946 947 948 
5 
305 306 308 947 948 
8 
305 306 307 948 1299 1762 1763 1887 
3 
310 311 312 
3 
309 311 312 
3 
309 310 312 
3 
309 310 311 
3 
314 315 316 
4 
28 313 315 316 
6 
313 314 316 1717 1765 1766 
4 
313 314 315 1765 
13 
294 295 318 319 320 1661 1662 1663 1664 1813 1814 1815 1816 
7 
317 319 320 1662 1663 1814 1815 
7 
317 318 320 1001 1002 1663 1815 
9 
295 317 318 319 1001 1663 1664 1815 1816 
7 
61 64 322 323 324 1745 1746 
10 
61 62 63 64 321 323 324 1409 1412 1746 
9 
63 64 321 322 324 1412 1477 1746 1747 
8 
64 321 322 323 1745 1746 1747 1748 
8 
326 327 328 1147 1505 1506 1507 1508 
7 
325 327 328 665 668 1506 1507 
6 
9 325 326 328 668 1507 
6 
325 326 327 750 1507 1508 
3 
330 331 332 
3 
329 331 332 
3 
329 330 332 
3 
329 330 331 
8 
41 42 43 44 334 335 336 1061 
7 
42 43 333 335 336 1061 1062 
9 
43 333 334 336 714 1061 1062 1063 1064 
9 
43 44 333 334 335 713 714 1061 1064 
4 
233 338 339 340 
5 
233 234 337 339 340 
7 
235 236 337 338 340 961 962 
5 
236 337 338 339 961 
11 
265 266 267 268 342 343 344 822 823 1374 1831 
6 
169 266 267 341 343 344 
5 
172 267 341 342 344 
8 
267 268 341 342 343 823 1374 1375 
6 
346 347 348 1573 1576 1659 
8 
345 347 348 1513 1573 1574 1575 1576 
9 
345 346 348 377 378 1513 1516 1575 1576 
5 
345 346 347 377 1576 
5 
350 351 352 500 1100 
11 
141 144 349 351 352 499 500 1099 1100 1193 1196 
5 
144 349 350 352 1196 
3 
349 350 351 
7 
354 355 356 1321 1322 1323 1324 
5 
353 355 356 1322 1323 
4 
353 354 356 1323 
5 
353 354 355 1323 1324 
5 
358 359 360 1629 1630 
4 
357 359 360 1630 
5 
357 358 360 1630 1631 
7 
357 358 359 1629 1630 1631 1632 
4 
362 363 364 1260 
6 
361 363 364 1259 1260 2000 
4 
361 362 364 1186 
6 
361 362 363 558 1185 1186 
5 
366 367 368 1405 1408 
7 
365 367 368 1405 1406 1407 1408 
7 
365 366 368 1105 1106 1407 1408 
5 
365 366 367 1105 1408 
3 
370 371 372 
3 
369 371 372 
3 
369 370 372 
3 
369 370 371 
5 
374 375 376 1589 1592 
8 
373 375 376 1589 1590 1591 1592 1920 
6 
373 374 376 930 1591 1592 
6 
373 374 375 929 930 1592 
8 
347 348 378 379 380 1513 1516 1576 
10 
347 377 379 380 1513 1514 1515 1516 1575 1576 
6 
377 378 380 1515 1516 1593 
4 
377 378 379 1516 
4 
382 383 384 853 
5 
381 383 384 853 854 
7 
381 382 384 853 854 855 856 
5 
381 382 383 853 856 
4 
386 387 388 1998 
3 
385 387 388 
3 
385 386 388 
5 
385 386 387 1998 1999 
5 
390 391 392 746 747 
4 
389 391 392 1520 
3 
389 390 392 
4 
389 390 391 747 
6 
394 395 396 1423 1890 1891 
3 
393 395 396 
3 
393 394 396 
4 
393 394 395 1891 
8 
138 398 399 400 402 403 1160 1812 
7 
397 399 400 1159 1160 1811 1812 
4 
197 397 398 400 
6 
138 139 397 398 399 403 
5 
137 138 402 403 404 
7 
138 397 401 403 404 1157 1160 
8 
138 139 397 400 401 402 404 1160 
7 
137 138 139 140 401 402 403 
9 
406 407 408 1131 1132 1433 1434 1435 1436 
6 
405 407 408 1131 1434 1435 
5 
405 406 408 1435 1930 
7 
405 406 407 1435 1436 1929 1930 
3 
410 411 412 
4 
409 411 412 1020 
3 
409 410 412 
3 
409 410 411 
8 
414 415 416 535 536 561 564 1728 
12 
413 415 416 535 561 562 563 564 965 968 1727 1728 
6 
413 414 416 563 564 968 
4 
413 414 415 564 
3 
418 419 420 
4 
237 417 419 420 
4 
240 417 418 420 
3 
417 418 419 
15 
422 423 424 883 884 1441 1442 1443 1444 1539 1540 1817 1818 1819 1820 
11 
88 421 423 424 883 1201 1442 1443 1539 1818 1819 
7 
421 422 424 1201 1204 1443 1819 
7 
421 422 423 1443 1444 1819 1820 
4 
426 427 428 1712 
5 
425 427 428 1711 1712 
3 
425 426 428 
3 
425 426 427 
7 
430 431 432 453 454 455 456 
5 
429 431 432 454 455 
4 
429 430 432 455 
6 
429 430 431 455 456 834 
3 
434 435 436 
4 
433 435 436 1400 
3 
433 434 436 
3 
433 434 435 
4 
30 438 439 440 
3 
437 439 440 
3 
437 438 440 
5 
30 31 437 438 439 
5 
442 443 444 813 816 
8 
441 443 444 813 814 815 816 1701 
7 
441 442 444 815 816 1701 1704 
4 
441 442 443 816 
5 
446 447 448 589 590 
4 
445 447 448 590 
8 
229 230 445 446 448 590 591 937 
8 
229 445 446 447 589 590 591 592 
7 
450 451 452 655 656 1293 1294 
5 
449 451 452 655 1294 
5 
449 450 452 1294 1295 
7 
449 450 451 1293 1294 1295 1296 
4 
429 454 455 456 
5 
429 430 453 455 456 
7 
429 430 431 432 453 454 456 
5 
429 432 453 454 455 
3 
458 459 460 
4 
121 457 459 460 
6 
121 124 457 458 460 1330 
4 
457 458 459 1329 
8 
462 463 464 506 507 858 994 995 
3 
461 463 464 
3 
461 462 464 
7 
461 462 463 507 858 859 995 
6 
112 466 467 468 538 658 
7 
111 112 221 224 465 467 468 
4 
224 465 466 468 
7 
465 466 467 538 539 658 659 
3 
470 471 472 
3 
469 471 472 
4 
469 470 472 1793 
3 
469 470 471 
3 
474 475 476 
3 
473 475 476 
3 
473 474 476 
4 
473 474 475 982 
3 
478 479 480 
3 
477 479 480 
3 
477 478 480 
3 
477 478 479 
3 
482 483 484 
3 
481 483 484 
3 
481 482 484 
4 
481 482 483 1422 
5 
486 487 488 725 1469 
8 
485 487 488 725 726 1469 1470 1808 
10 
485 486 488 725 726 727 728 1471 1472 1909 
6 
485 486 487 725 728 1472 
3 
490 491 492 
4 
16 489 491 492 
4 
489 490 492 1342 
6 
489 490 491 678 1341 1342 
6 
117 118 494 495 496 1587 
6 
118 493 495 496 1977 1980 
7 
118 119 493 494 496 1413 1980 
8 
117 118 119 120 493 494 495 694 
8 
189 192 498 499 500 1097 1170 1171 
11 
189 190 191 192 497 499 500 1097 1098 1621 1624 
13 
141 191 192 350 497 498 500 1097 1098 1099 1100 1193 1624 
9 
192 349 350 497 498 499 1097 1100 1171 
3 
502 503 504 
3 
501 503 504 
3 
501 502 504 
3 
501 502 503 
4 
506 507 508 993 
6 
461 505 507 508 993 994 
11 
461 464 505 506 508 857 858 993 994 995 996 
6 
505 506 507 857 993 996 
3 
510 511 512 
3 
509 511 512 
3 
509 510 512 
3 
509 510 511 
4 
514 515 516 1076 
6 
513 515 516 724 1075 1076 
4 
90 513 514 516 
5 
89 90 513 514 515 
3 
518 519 520 
5 
517 519 520 1273 1276 
4 
517 518 520 1276 
3 
517 518 519 
3 
522 523 524 
4 
521 523 524 1856 
6 
209 521 522 524 1993 1994 
4 
521 522 523 1993 
3 
526 527 528 
3 
525 527 528 
3 
525 526 528 
3 
525 526 527 
7 
283 530 531 532 700 753 756 
9 
529 531 532 699 700 753 754 755 756 
6 
529 530 532 755 756 1030 
6 
529 530 531 756 1029 1030 
3 
534 535 536 
4 
533 535 536 1725 
8 
413 414 533 534 536 561 1725 1728 
4 
413 533 534 535 
9 
161 162 163 164 538 539 540 657 658 
8 
162 163 465 468 537 539 540 658 
7 
163 468 537 538 540 658 659 
9 
163 164 537 538 539 657 658 659 660 
8 
542 543 544 565 597 598 599 600 
7 
541 543 544 565 566 598 599 
8 
541 542 544 565 566 567 568 599 
7 
541 542 543 565 568 599 600 
5 
546 547 548 1753 1754 
4 
545 547 548 1754 
7 
545 546 548 1365 1366 1754 1755 
8 
545 546 547 1365 1753 1754 1755 1756 
7 
550 551 552 677 680 1959 1960 
9 
549 551 552 677 678 679 680 1341 1959 
6 
549 550 552 679 680 1344 
4 
549 550 551 680 
3 
554 555 556 
5 
553 555 556 969 972 
4 
553 554 556 972 
3 
553 554 555 
5 
125 126 558 559 560 
7 
126 364 557 559 560 1185 1393 
11 
126 127 557 558 560 805 806 1185 1188 1393 1396 
8 
125 126 127 128 557 558 559 805 
10 
413 414 535 562 563 564 1725 1726 1727 1728 
8 
414 561 563 564 965 968 1726 1727 
7 
414 415 561 562 564 968 1727 
9 
413 414 415 416 561 562 563 1727 1728 
9 
541 542 543 544 566 567 568 598 599 
5 
542 543 565 567 568 
4 
543 565 566 568 
6 
543 544 565 566 567 599 
6 
570 571 572 897 900 1601 
9 
569 571 572 897 898 899 900 1601 1602 
9 
569 570 572 899 900 1601 1602 1603 1604 
6 
569 570 571 900 1601 1604 
3 
574 575 576 
5 
573 575 576 1633 1636 
4 
573 574 576 1636 
3 
573 574 575 
5 
79 80 578 579 580 
4 
79 577 579 580 
3 
577 578 580 
3 
577 578 579 
5 
166 167 582 583 584 
3 
581 583 584 
4 
581 582 584 1021 
4 
167 581 582 583 
4 
586 587 588 739 
3 
585 587 588 
5 
585 586 588 1773 1774 
4 
585 586 587 1773 
6 
229 445 448 590 591 592 
9 
229 230 445 446 447 448 589 591 592 
10 
110 229 230 231 232 447 448 589 590 592 
8 
109 110 229 232 448 589 590 591 
3 
594 595 596 
4 
593 595 596 1088 
3 
593 594 596 
3 
593 594 595 
4 
541 598 599 600 
6 
541 542 565 597 599 600 
9 
541 542 543 544 565 568 597 598 600 
5 
541 544 597 598 599 
3 
602 603 604 
3 
601 603 604 
5 
281 282 601 602 604 
4 
281 601 602 603 
7 
606 607 608 1113 1114 1115 1116 
5 
605 607 608 1114 1115 
4 
605 606 608 1115 
5 
605 606 607 1115 1116 
7 
610 611 612 1161 1162 1163 1164 
5 
609 611 612 1162 1163 
6 
609 610 612 1101 1102 1163 
6 
609 610 611 1101 1163 1164 
6 
614 615 616 1168 1579 1580 
6 
613 615 616 1167 1168 1579 
3 
613 614 616 
3 
613 614 615 
3 
618 619 620 
3 
617 619 620 
3 
617 618 620 
3 
617 618 619 
5 
622 623 624 1795 1796 
5 
621 623 624 1284 1795 
4 
621 622 624 662 
5 
621 622 623 661 662 
4 
626 627 628 1715 
3 
625 627 628 
3 
625 626 628 
3 
625 626 627 
6 
630 631 632 1212 1611 1612 
6 
629 631 632 1211 1212 1611 
4 
629 630 632 785 
3 
629 630 631 
5 
286 634 635 636 1582 
3 
633 635 636 
3 
633 634 636 
7 
286 287 633 634 635 1582 1583 
4 
638 639 640 1673 
5 
637 639 640 1673 1674 
7 
637 638 640 1673 1674 1675 1676 
5 
637 638 639 1673 1676 
3 
642 643 644 
3 
641 643 644 
4 
641 642 644 1825 
3 
641 642 643 
9 
646 647 648 1305 1306 1307 1308 1402 1403 
6 
645 647 648 1306 1307 1348 
4 
645 646 648 1307 
6 
645 646 647 1307 1308 1403 
11 
193 194 650 651 652 797 800 1024 1042 1043 1606 
8 
194 649 651 652 798 799 1023 1024 
7 
194 195 258 649 650 652 799 
13 
193 194 195 196 257 258 649 650 651 800 1043 1606 1607 
3 
654 655 656 
3 
653 655 656 
7 
449 450 653 654 656 1293 1294 
5 
449 653 654 655 1293 
7 
163 164 537 540 658 659 660 
10 
163 465 468 537 538 539 540 657 659 660 
6 
468 539 540 657 658 660 
4 
540 657 658 659 
6 
624 662 663 664 1795 1796 
6 
623 624 661 663 664 1795 
3 
661 662 664 
3 
661 662 663 
8 
326 666 667 668 983 984 1335 1506 
5 
665 667 668 983 1585 
5 
665 666 668 1585 1588 
6 
326 327 665 666 667 1507 
6 
246 670 671 672 1495 1496 
6 
669 671 672 1112 1495 1509 
6 
669 670 672 1210 1509 1512 
7 
246 247 669 670 671 1209 1210 
3 
674 675 676 
3 
673 675 676 
3 
673 674 676 
3 
673 674 675 
7 
549 550 678 679 680 1341 1959 
7 
492 550 677 679 680 1341 1342 
9 
550 551 677 678 680 1341 1342 1343 1344 
9 
549 550 551 552 677 678 679 1341 1344 
7 
682 683 684 1015 1016 1025 1940 
8 
681 683 684 1015 1025 1026 1939 1940 
7 
681 682 684 1025 1026 1027 1028 
5 
681 682 683 1025 1028 
3 
686 687 688 
3 
685 687 688 
3 
685 686 688 
3 
685 686 687 
5 
690 691 692 1295 1296 
4 
689 691 692 1295 
3 
689 690 692 
3 
689 690 691 
6 
11 117 120 694 695 696 
9 
117 118 119 120 496 693 695 696 761 
10 
119 120 693 694 696 761 764 1933 1934 1942 
7 
120 693 694 695 1933 1941 1942 
5 
698 699 700 753 754 
5 
697 699 700 754 833 
8 
530 697 698 700 754 755 833 836 
9 
529 530 697 698 699 753 754 755 756 
5 
73 74 702 703 704 
4 
74 701 703 704 
8 
75 701 702 704 1849 1850 1901 1902 
7 
75 76 701 702 703 1849 1901 
4 
72 706 707 708 
8 
71 72 84 705 707 708 1145 1148 
5 
705 706 708 749 1148 
3 
705 706 707 
5 
710 711 712 1705 1708 
7 
709 711 712 1705 1706 1707 1708 
5 
709 710 712 1707 1708 
4 
709 710 711 1708 
7 
336 714 715 716 1037 1038 1064 
8 
335 336 713 715 716 1038 1063 1064 
5 
713 714 716 1038 1039 
7 
713 714 715 1037 1038 1039 1040 
3 
718 719 720 
5 
717 719 720 1677 1680 
4 
717 718 720 1680 
3 
717 718 719 
5 
722 723 724 1073 1074 
4 
721 723 724 1074 
6 
721 722 724 1074 1075 1385 
8 
514 721 722 723 1073 1074 1075 1076 
9 
485 486 487 488 726 727 728 1469 1472 
9 
486 487 725 727 728 1469 1470 1471 1472 
7 
487 725 726 728 1471 1472 1909 
6 
487 488 725 726 727 1472 
4 
188 730 731 732 
6 
187 188 729 731 732 1597 
5 
729 730 732 1597 1600 
4 
729 730 731 1962 
5 
198 199 734 735 736 
6 
733 735 736 892 1489 1492 
4 
733 734 736 1492 
4 
199 733 734 735 
5 
205 206 738 739 740 
4 
206 737 739 740 
6 
206 207 585 737 738 740 
7 
205 206 207 208 737 738 739 
3 
742 743 744 
4 
741 743 744 1861 
6 
741 742 744 1649 1650 1864 
4 
741 742 743 1649 
5 
36 746 747 748 986 
6 
35 36 389 745 747 748 
5 
389 392 745 746 748 
4 
745 746 747 987 
5 
707 750 751 752 1508 
6 
328 749 751 752 1507 1508 
3 
749 750 752 
3 
749 750 751 
7 
529 530 697 700 754 755 756 
8 
530 697 698 699 700 753 755 756 
7 
530 531 699 700 753 754 756 
8 
529 530 531 532 700 753 754 755 
6 
263 264 758 759 760 1087 
4 
263 757 759 760 
5 
757 758 760 1217 1982 
5 
757 758 759 1981 1982 
9 
119 120 694 695 762 763 764 1934 1942 
5 
119 761 763 764 1416 
3 
761 762 764 
8 
695 761 762 763 1934 1935 1942 1943 
7 
766 767 768 920 1124 1152 1563 
9 
765 767 768 919 920 1123 1124 1151 1152 
3 
765 766 768 
3 
765 766 767 
3 
770 771 772 
3 
769 771 772 
3 
769 770 772 
3 
769 770 771 
5 
774 775 776 1741 1744 
7 
773 775 776 1741 1742 1743 1744 
5 
773 774 776 1743 1744 
4 
773 774 775 1744 
6 
778 779 780 1353 1870 1871 
5 
777 779 780 1353 1354 
7 
777 778 780 1353 1354 1355 1356 
6 
777 778 779 1353 1356 1871 
3 
782 783 784 
3 
781 783 784 
3 
781 782 784 
3 
781 782 783 
4 
631 786 787 788 
3 
785 787 788 
3 
785 786 788 
3 
785 786 787 
4 
790 791 792 1454 
3 
789 791 792 
3 
789 790 792 
5 
789 790 791 1454 1455 
6 
794 795 796 977 978 1604 
6 
793 795 796 978 1603 1604 
7 
793 794 796 978 979 1197 1198 
8 
793 794 795 977 978 979 980 1197 
10 
193 194 649 798 799 800 1024 1042 1043 1606 
7 
194 650 797 799 800 1023 1024 
8 
194 195 258 650 651 797 798 800 
14 
193 194 195 196 257 258 649 652 797 798 799 1043 1606 1607 
3 
802 803 804 
3 
801 803 804 
3 
801 802 804 
3 
801 802 803 
7 
127 128 559 560 806 807 808 
7 
127 559 805 807 808 1188 1396 
3 
805 806 808 
3 
805 806 807 
11 
810 811 812 1289 1290 1291 1292 1369 1370 1371 1372 
7 
809 811 812 1290 1291 1370 1371 
5 
809 810 812 1291 1371 
7 
809 810 811 1291 1292 1371 1372 
5 
441 442 814 815 816 
7 
442 813 815 816 1133 1533 1536 
9 
442 443 813 814 816 1133 1136 1536 1701 
7 
441 442 443 444 813 814 815 
3 
818 819 820 
3 
817 819 820 
4 
21 817 818 820 
4 
817 818 819 998 
6 
822 823 824 1373 1829 1832 
12 
265 268 341 821 823 824 1373 1374 1829 1830 1831 1832 
12 
268 341 344 821 822 824 1373 1374 1375 1376 1831 1832 
6 
821 822 823 1373 1376 1832 
6 
826 827 828 1654 1655 1827 
3 
825 827 828 
3 
825 826 828 
4 
825 826 827 1655 
5 
152 830 831 832 1080 
7 
151 152 829 831 832 1079 1080 
3 
829 830 832 
3 
829 830 831 
5 
698 699 834 835 836 
4 
432 833 835 836 
3 
833 834 836 
4 
699 833 834 835 
4 
838 839 840 1719 
3 
837 839 840 
3 
837 838 840 
3 
837 838 839 
8 
842 843 844 988 1057 1058 1059 1060 
7 
841 843 844 987 988 1058 1059 
4 
841 842 844 1059 
5 
841 842 843 1059 1060 
3 
846 847 848 
3 
845 847 848 
3 
845 846 848 
3 
845 846 847 
3 
850 851 852 
4 
849 851 852 905 
4 
849 850 852 908 
3 
849 850 851 
7 
381 382 383 384 854 855 856 
6 
382 383 853 855 856 1208 
4 
383 853 854 856 
5 
383 384 853 854 855 
7 
507 508 858 859 860 995 996 
7 
461 464 507 857 859 860 995 
4 
464 857 858 860 
3 
857 858 859 
4 
62 862 863 864 
3 
861 863 864 
4 
861 862 864 1410 
7 
62 63 861 862 863 1409 1410 
6 
216 866 867 868 1529 1530 
6 
215 216 865 867 868 1530 
5 
865 866 868 1530 1531 
7 
865 866 867 1529 1530 1531 1532 
7 
870 871 872 1549 1550 1551 1552 
5 
869 871 872 1550 1551 
4 
869 870 872 1551 
5 
869 870 871 1551 1552 
3 
874 875 876 
3 
873 875 876 
3 
873 874 876 
3 
873 874 875 
3 
878 879 880 
3 
877 879 880 
4 
877 878 880 1950 
5 
877 878 879 1949 1950 
5 
882 883 884 1537 1538 
5 
85 881 883 884 1538 
12 
85 88 421 422 881 882 884 1201 1442 1538 1539 1818 
12 
421 881 882 883 1441 1442 1537 1538 1539 1540 1817 1818 
4 
886 887 888 1007 
3 
885 887 888 
3 
885 886 888 
3 
885 886 887 
8 
890 891 892 1483 1484 1740 1922 1923 
6 
8 889 891 892 1483 1739 
5 
889 890 892 1489 1490 
6 
734 889 890 891 1489 1923 
5 
894 895 896 931 932 
4 
893 895 896 931 
3 
893 894 896 
3 
893 894 895 
6 
569 570 898 899 900 1601 
6 
570 897 899 900 1601 1602 
9 
570 571 897 898 900 1601 1602 1603 1604 
9 
569 570 571 572 897 898 899 1601 1604 
3 
902 903 904 
3 
901 903 904 
5 
901 902 904 957 1497 
3 
901 902 903 
4 
850 906 907 908 
3 
905 907 908 
4 
905 906 908 1221 
4 
851 905 906 907 
8 
910 911 912 959 960 1361 1362 1669 
7 
909 911 912 959 1362 1669 1670 
9 
909 910 912 1362 1363 1669 1670 1671 1672 
9 
909 910 911 1361 1362 1363 1364 1669 1672 
9 
301 302 914 915 916 1989 1990 1991 1992 
9 
53 56 302 913 915 916 1973 1990 1991 
10 
56 277 302 303 913 914 916 1973 1976 1991 
10 
301 302 303 304 913 914 915 1594 1991 1992 
11 
918 919 920 1121 1122 1123 1124 1149 1150 1151 1152 
7 
917 919 920 1122 1123 1150 1151 
7 
766 917 918 920 1123 1151 1321 
9 
765 766 917 918 919 1123 1124 1151 1152 
4 
922 923 924 1351 
3 
921 923 924 
3 
921 922 924 
4 
921 922 923 1658 
3 
926 927 928 
3 
925 927 928 
6 
925 926 928 1257 1258 1997 
4 
925 926 927 1257 
4 
376 930 931 932 
5 
375 376 929 931 932 
5 
893 894 929 930 932 
4 
893 929 930 931 
5 
934 935 936 1779 1780 
4 
933 935 936 1779 
3 
933 934 936 
4 
130 933 934 935 
7 
222 230 231 447 938 939 940 
5 
57 937 939 940 1821 
7 
57 60 937 938 940 1821 1824 
6 
222 223 231 937 938 939 
5 
287 288 942 943 944 
4 
287 941 943 944 
3 
941 942 944 
3 
941 942 943 
8 
305 306 946 947 948 1298 1762 1886 
4 
306 945 947 948 
5 
306 307 945 946 948 
12 
305 306 307 308 945 946 947 1298 1299 1762 1763 1887 
11 
173 174 175 176 201 204 950 951 952 1067 1068 
10 
174 175 201 202 203 204 949 951 952 1067 
6 
175 203 204 949 950 952 
7 
134 175 176 204 949 950 951 
4 
954 955 956 1557 
5 
953 955 956 1557 1558 
7 
953 954 956 1557 1558 1559 1560 
6 
953 954 955 1557 1560 1598 
9 
903 958 959 960 1476 1497 1498 1499 1500 
9 
957 959 960 1317 1320 1475 1476 1498 1499 
7 
909 910 957 958 960 1320 1499 
6 
909 957 958 959 1499 1500 
7 
235 236 339 340 962 963 964 
5 
235 339 961 963 964 
3 
961 962 964 
3 
961 962 963 
7 
414 562 966 967 968 1726 1727 
3 
965 967 968 
3 
965 966 968 
8 
414 415 562 563 965 966 967 1727 
6 
554 970 971 972 1565 1568 
8 
969 971 972 1565 1566 1567 1568 1872 
5 
969 970 972 1567 1568 
6 
554 555 969 970 971 1568 
4 
147 974 975 976 
3 
973 975 976 
3 
973 974 976 
3 
973 974 975 
5 
793 796 978 979 980 
7 
793 794 795 796 977 979 980 
7 
795 796 977 978 980 1197 1198 
5 
796 977 978 979 1197 
5 
982 983 984 1333 1334 
5 
476 981 983 984 1334 
7 
665 666 981 982 984 1334 1335 
9 
665 981 982 983 1333 1334 1335 1336 1506 
3 
986 987 988 
5 
36 745 985 987 988 
5 
748 842 985 986 988 
6 
841 842 985 986 987 1058 
5 
990 991 992 1062 1063 
3 
989 991 992 
3 
989 990 992 
4 
989 990 991 1063 
7 
505 506 507 508 994 995 996 
6 
461 506 507 993 995 996 
8 
461 464 507 857 858 993 994 996 
6 
507 508 857 993 994 995 
5 
227 228 998 999 1000 
5 
227 820 997 999 1000 
3 
997 998 1000 
4 
102 997 998 999 
6 
319 320 1002 1003 1004 1005 
8 
319 1001 1003 1004 1005 1006 1233 1236 
8 
1001 1002 1004 1005 1006 1007 1008 1236 
5 
1001 1002 1003 1005 1008 
7 
1001 1002 1003 1004 1006 1007 1008 
6 
1002 1003 1005 1007 1008 1236 
5 
885 1003 1005 1006 1008 
5 
1003 1004 1005 1006 1007 
3 
1010 1011 1012 
3 
1009 1011 1012 
3 
1009 1010 1012 
3 
1009 1010 1011 
5 
1014 1015 1016 1937 1940 
7 
1013 1015 1016 1937 1938 1939 1940 
7 
681 682 1013 1014 1016 1939 1940 
5 
681 1013 1014 1015 1940 
4 
1018 1019 1020 1907 
3 
1017 1019 1020 
3 
1017 1018 1020 
4 
410 1017 1018 1019 
4 
583 1022 1023 1024 
3 
1021 1023 1024 
5 
650 798 1021 1022 1024 
7 
649 650 797 798 1021 1022 1023 
7 
681 682 683 684 1026 1027 1028 
5 
682 683 1025 1027 1028 
4 
683 1025 1026 1028 
5 
683 684 1025 1026 1027 
4 
532 1030 1031 1032 
5 
531 532 1029 1031 1032 
3 
1029 1030 1032 
3 
1029 1030 1031 
4 
289 1034 1035 1036 
5 
289 290 1033 1035 1036 
10 
98 273 274 289 290 291 292 1033 1034 1036 
8 
97 98 273 289 292 1033 1034 1035 
5 
713 716 1038 1039 1040 
8 
713 714 715 716 1037 1039 1040 1064 
5 
715 716 1037 1038 1040 
4 
716 1037 1038 1039 
4 
1042 1043 1044 1459 
5 
649 797 1041 1043 1044 
12 
193 257 258 649 652 797 800 1041 1042 1044 1605 1606 
5 
257 1041 1042 1043 1605 
3 
1046 1047 1048 
3 
1045 1047 1048 
3 
1045 1046 1048 
3 
1045 1046 1047 
3 
1050 1051 1052 
3 
1049 1051 1052 
3 
1049 1050 1052 
4 
1049 1050 1051 1882 
3 
1054 1055 1056 
3 
1053 1055 1056 
4 
162 1053 1054 1056 
5 
161 162 1053 1054 1055 
4 
841 1058 1059 1060 
6 
841 842 988 1057 1059 1060 
7 
841 842 843 844 1057 1058 1060 
5 
841 844 1057 1058 1059 
8 
43 333 334 335 336 1062 1063 1064 
6 
334 335 989 1061 1063 1064 
7 
335 714 989 992 1061 1062 1064 
8 
335 336 713 714 1038 1061 1062 1063 
3 
1066 1067 1068 
3 
1065 1067 1068 
8 
173 174 201 949 950 1065 1066 1068 
5 
173 949 1065 1066 1067 
3 
1070 1071 1072 
3 
1069 1071 1072 
8 
245 246 1069 1070 1072 1209 1609 1610 
5 
245 1069 1070 1071 1609 
5 
721 724 1074 1075 1076 
7 
721 722 723 724 1073 1075 1076 
6 
514 723 724 1073 1074 1076 
6 
513 514 724 1073 1074 1075 
6 
149 1078 1079 1080 1635 1636 
6 
149 150 1077 1079 1080 1635 
8 
149 150 151 152 830 1077 1078 1080 
7 
149 152 829 830 1077 1078 1079 
7 
1082 1083 1084 1545 1546 1547 1548 
5 
1081 1083 1084 1546 1547 
4 
1081 1082 1084 1547 
5 
1081 1082 1083 1547 1548 
7 
159 160 261 264 1086 1087 1088 
8 
159 261 262 263 264 1085 1087 1088 
6 
263 264 757 1085 1086 1088 
5 
264 594 1085 1086 1087 
3 
1090 1091 1092 
3 
1089 1091 1092 
3 
1089 1090 1092 
4 
1089 1090 1091 1438 
5 
1094 1095 1096 1429 1432 
7 
1093 1095 1096 1429 1430 1431 1432 
5 
1093 1094 1096 1431 1432 
4 
1093 1094 1095 1432 
13 
141 192 497 498 499 500 1098 1099 1100 1170 1171 1621 1624 
13 
141 142 191 192 498 499 1097 1099 1100 1621 1622 1623 1624 
13 
141 142 143 144 350 499 1097 1098 1100 1193 1194 1623 1624 
12 
141 144 349 350 499 500 1097 1098 1099 1171 1193 1624 
6 
611 612 1102 1103 1104 1163 
4 
611 1101 1103 1104 
3 
1101 1102 1104 
3 
1101 1102 1103 
7 
367 368 1106 1107 1108 1407 1408 
5 
367 1105 1107 1108 1407 
4 
1105 1106 1108 1858 
5 
1105 1106 1107 1857 1858 
5 
1110 1111 1112 1494 1495 
3 
1109 1111 1112 
3 
1109 1110 1112 
5 
670 1109 1110 1111 1495 
4 
605 1114 1115 1116 
5 
605 606 1113 1115 1116 
7 
605 606 607 608 1113 1114 1116 
5 
605 608 1113 1114 1115 
6 
238 1118 1119 1120 1285 1288 
7 
1117 1119 1120 1285 1286 1287 1288 
5 
1117 1118 1120 1287 1288 
7 
238 239 1117 1118 1119 1288 1798 
7 
917 1122 1123 1124 1149 1150 1562 
6 
917 918 1121 1123 1124 1150 
9 
766 917 918 919 920 1121 1122 1124 1151 
11 
765 766 917 920 1121 1122 1123 1151 1152 1562 1563 
5 
1126 1127 1128 1214 1254 
7 
1125 1127 1128 1177 1180 1189 1192 
7 
189 1125 1126 1128 1180 1192 1621 
6 
1125 1126 1127 1215 1254 1255 
5 
1130 1131 1132 1433 1434 
4 
1129 1131 1132 1434 
7 
405 406 1129 1130 1132 1434 1435 
8 
405 1129 1130 1131 1433 1434 1435 1436 
8 
814 815 1134 1135 1136 1536 1701 1702 
6 
1133 1135 1136 1535 1536 1702 
5 
1133 1134 1136 1702 1703 
8 
815 1133 1134 1135 1701 1702 1703 1704 
5 
15 16 1138 1139 1140 
4 
15 1137 1139 1140 
3 
1137 1138 1140 
3 
1137 1138 1139 
3 
1142 1143 1144 
5 
1141 1143 1144 1328 1380 
3 
1141 1142 1144 
3 
1141 1142 1143 
7 
71 72 84 706 1146 1147 1148 
8 
71 83 84 1145 1147 1148 1336 1505 
6 
325 1145 1146 1148 1505 1508 
5 
706 707 1145 1146 1147 
6 
917 1121 1150 1151 1152 1562 
7 
917 918 1121 1122 1149 1151 1152 
10 
766 917 918 919 920 1123 1124 1149 1150 1152 
10 
765 766 917 920 1124 1149 1150 1151 1562 1563 
3 
1154 1155 1156 
3 
1153 1155 1156 
3 
1153 1154 1156 
3 
1153 1154 1155 
6 
402 1158 1159 1160 1809 1812 
7 
1157 1159 1160 1809 1810 1811 1812 
6 
398 1157 1158 1160 1811 1812 
9 
138 397 398 402 403 1157 1158 1159 1812 
4 
609 1162 1163 1164 
5 
609 610 1161 1163 1164 
8 
609 610 611 612 1101 1161 1162 1164 
5 
609 612 1161 1162 1163 
5 
1166 1167 1168 1577 1578 
6 
17 20 1165 1167 1168 1578 
6 
20 614 1165 1166 1168 1579 
7 
613 614 1165 1166 1167 1579 1580 
5 
1170 1171 1172 1255 1256 
6 
497 1097 1169 1171 1172 1255 
7 
497 500 1097 1100 1169 1170 1172 
3 
1169 1170 1171 
5 
241 244 1174 1175 1176 
7 
241 242 243 244 1173 1175 1176 
5 
243 244 1173 1174 1176 
4 
244 1173 1174 1175 
6 
1126 1178 1179 1180 1189 1192 
7 
1177 1179 1180 1189 1190 1191 1192 
5 
1177 1178 1180 1191 1192 
6 
1126 1127 1177 1178 1179 1192 
4 
1182 1183 1184 1390 
3 
1181 1183 1184 
3 
1181 1182 1184 
5 
1181 1182 1183 1390 1391 
8 
364 558 559 1186 1187 1188 1393 1394 
6 
363 364 1185 1187 1188 1394 
5 
1185 1186 1188 1394 1395 
9 
559 806 1185 1186 1187 1393 1394 1395 1396 
6 
1126 1177 1178 1190 1191 1192 
4 
1178 1189 1191 1192 
5 
1178 1179 1189 1190 1192 
9 
1126 1127 1177 1178 1179 1180 1189 1190 1191 
10 
141 144 350 499 1099 1100 1194 1195 1196 1624 
10 
141 142 143 144 1099 1193 1195 1196 1623 1624 
5 
143 144 1193 1194 1196 
6 
144 350 351 1193 1194 1195 
7 
795 796 979 980 1198 1199 1200 
5 
795 979 1197 1199 1200 
3 
1197 1198 1200 
3 
1197 1198 1199 
10 
88 422 423 883 1202 1203 1204 1539 1818 1819 
5 
87 88 1201 1203 1204 
3 
1201 1202 1204 
5 
423 1201 1202 1203 1819 
3 
1206 1207 1208 
5 
1205 1207 1208 1925 1928 
4 
1205 1206 1208 1928 
4 
854 1205 1206 1207 
9 
246 247 672 1071 1210 1211 1212 1610 1611 
5 
671 672 1209 1211 1212 
4 
630 1209 1210 1212 
7 
247 629 630 1209 1210 1211 1611 
7 
1214 1215 1216 1253 1526 1527 1759 
6 
1125 1213 1215 1216 1253 1254 
8 
1128 1213 1214 1216 1253 1254 1255 1256 
6 
1213 1214 1215 1253 1256 1527 
6 
253 256 759 1218 1219 1220 
8 
33 253 254 255 256 1217 1219 1220 
7 
33 36 255 256 1217 1218 1220 
4 
256 1217 1218 1219 
6 
907 1222 1223 1224 1229 1232 
8 
45 1221 1223 1224 1229 1230 1231 1232 
7 
45 48 1221 1222 1224 1231 1232 
4 
1221 1222 1223 1232 
3 
1226 1227 1228 
3 
1225 1227 1228 
4 
1225 1226 1228 1869 
3 
1225 1226 1227 
6 
45 1221 1222 1230 1231 1232 
6 
45 46 1222 1229 1231 1232 
9 
45 46 47 48 1222 1223 1229 1230 1232 
9 
45 48 1221 1222 1223 1224 1229 1230 1231 
4 
1002 1234 1235 1236 
3 
1233 1235 1236 
3 
1233 1234 1236 
6 
1002 1003 1006 1233 1234 1235 
3 
1238 1239 1240 
3 
1237 1239 1240 
4 
242 1237 1238 1240 
5 
241 242 1237 1238 1239 
4 
1242 1243 1244 1479 
3 
1241 1243 1244 
3 
1241 1242 1244 
4 
1241 1242 1243 1758 
3 
1246 1247 1248 
3 
1245 1247 1248 
3 
1245 1246 1248 
3 
1245 1246 1247 
3 
1250 1251 1252 
5 
1249 1251 1252 1593 1596 
6 
213 214 1249 1250 1252 1596 
4 
213 1249 1250 1251 
7 
1213 1214 1215 1216 1254 1255 1256 
7 
1125 1128 1214 1215 1253 1255 1256 
7 
1128 1169 1170 1215 1253 1254 1256 
6 
1169 1215 1216 1253 1254 1255 
5 
927 928 1258 1259 1260 
5 
927 1257 1259 1260 1997 
5 
362 1257 1258 1260 2000 
5 
361 362 1257 1258 1259 
3 
1262 1263 1264 
4 
1261 1263 1264 1521 
5 
1261 1262 1264 1521 1524 
3 
1261 1262 1263 
4 
1266 1267 1268 1691 
3 
1265 1267 1268 
4 
1265 1266 1268 1686 
5 
1265 1266 1267 1685 1686 
5 
1270 1271 1272 1846 1847 
3 
1269 1271 1272 
3 
1269 1270 1272 
5 
54 1269 1270 1271 1847 
5 
518 1274 1275 1276 1784 
5 
1273 1275 1276 1783 1784 
3 
1273 1274 1276 
5 
518 519 1273 1274 1275 
9 
1278 1279 1280 1449 1450 1851 1852 1903 1904 
6 
1277 1279 1280 1450 1851 1903 
5 
1277 1278 1280 1450 1451 
7 
1277 1278 1279 1449 1450 1451 1452 
4 
1282 1283 1284 1794 
3 
1281 1283 1284 
3 
1281 1282 1284 
6 
622 1281 1282 1283 1794 1795 
5 
1117 1118 1286 1287 1288 
4 
1118 1285 1287 1288 
5 
1118 1119 1285 1286 1288 
7 
1117 1118 1119 1120 1285 1286 1287 
6 
809 1290 1291 1292 1369 1370 
6 
809 810 1289 1291 1292 1370 
9 
809 810 811 812 1289 1290 1292 1370 1371 
9 
809 812 1289 1290 1291 1369 1370 1371 1372 
7 
449 452 655 656 1294 1295 1296 
8 
449 450 451 452 655 1293 1295 1296 
7 
451 452 689 690 1293 1294 1296 
5 
452 689 1293 1294 1295 
6 
1298 1299 1300 1761 1885 1888 
12 
305 945 948 1297 1299 1300 1761 1762 1885 1886 1887 1888 
12 
305 308 948 1297 1298 1300 1761 1762 1763 1764 1887 1888 
6 
1297 1298 1299 1761 1764 1888 
3 
1302 1303 1304 
3 
1301 1303 1304 
4 
1301 1302 1304 1381 
3 
1301 1302 1303 
5 
645 1306 1307 1308 1402 
6 
645 646 1305 1307 1308 1644 
7 
645 646 647 648 1305 1306 1308 
7 
645 648 1305 1306 1307 1402 1403 
4 
78 1310 1311 1312 
3 
1309 1311 1312 
3 
1309 1310 1312 
5 
78 79 1309 1310 1311 
3 
1314 1315 1316 
3 
1313 1315 1316 
3 
1313 1314 1316 
3 
1313 1314 1315 
7 
958 1318 1319 1320 1475 1476 1498 
4 
1317 1319 1320 1475 
3 
1317 1318 1320 
7 
958 959 1317 1318 1319 1498 1499 
5 
353 919 1322 1323 1324 
5 
353 354 1321 1323 1324 
7 
353 354 355 356 1321 1322 1324 
5 
353 356 1321 1322 1323 
15 
177 178 179 180 1326 1327 1328 1377 1378 1913 1914 1915 1916 1946 1947 
8 
178 179 1325 1327 1328 1378 1914 1915 
7 
179 1325 1326 1328 1378 1379 1915 
13 
179 180 1142 1325 1326 1327 1377 1378 1379 1380 1915 1916 1947 
4 
460 1330 1331 1332 
5 
124 459 1329 1331 1332 
3 
1329 1330 1332 
3 
1329 1330 1331 
7 
70 82 981 984 1334 1335 1336 
7 
981 982 983 984 1333 1335 1336 
7 
665 983 984 1333 1334 1336 1506 
10 
70 71 83 984 1146 1333 1334 1335 1505 1506 
3 
1338 1339 1340 
3 
1337 1339 1340 
3 
1337 1338 1340 
3 
1337 1338 1339 
9 
492 550 677 678 679 680 1342 1343 1344 
7 
491 492 678 679 1341 1343 1344 
4 
679 1341 1342 1344 
6 
551 679 680 1341 1342 1343 
7 
1346 1347 1348 1641 1642 1643 1644 
5 
1345 1347 1348 1642 1643 
4 
1345 1346 1348 1643 
6 
646 1345 1346 1347 1643 1644 
3 
1350 1351 1352 
3 
1349 1351 1352 
4 
921 1349 1350 1352 
3 
1349 1350 1351 
7 
777 778 779 780 1354 1355 1356 
5 
778 779 1353 1355 1356 
4 
779 1353 1354 1356 
5 
779 780 1353 1354 1355 
8 
1358 1359 1360 1554 1555 1785 1786 1899 
4 
1357 1359 1360 1786 
4 
1357 1358 1360 1787 
6 
1357 1358 1359 1555 1787 1788 
5 
909 912 1362 1363 1364 
8 
909 910 911 912 1361 1363 1364 1669 
7 
911 912 1361 1362 1364 1669 1672 
4 
912 1361 1362 1363 
9 
547 548 1366 1367 1368 1753 1754 1755 1756 
8 
547 1365 1367 1368 1713 1716 1754 1755 
5 
1365 1366 1368 1716 1755 
5 
1365 1366 1367 1755 1756 
6 
809 1289 1292 1370 1371 1372 
9 
809 810 1289 1290 1291 1292 1369 1371 1372 
9 
809 810 811 812 1291 1292 1369 1370 1372 
6 
809 812 1292 1369 1370 1371 
10 
268 821 822 823 824 1374 1375 1376 1831 1832 
10 
267 268 341 344 822 823 1373 1375 1376 1831 
5 
344 823 1373 1374 1376 
5 
823 824 1373 1374 1375 
9 
179 180 1325 1328 1378 1379 1380 1916 1947 
10 
179 1325 1326 1327 1328 1377 1379 1380 1915 1916 
5 
1327 1328 1377 1378 1380 
5 
1142 1328 1377 1378 1379 
4 
1303 1382 1383 1384 
3 
1381 1383 1384 
3 
1381 1382 1384 
3 
1381 1382 1383 
4 
723 1386 1387 1388 
3 
1385 1387 1388 
3 
1385 1386 1388 
3 
1385 1386 1387 
3 
1390 1391 1392 
5 
1181 1184 1389 1391 1392 
4 
1184 1389 1390 1392 
3 
1389 1390 1391 
7 
558 559 1185 1188 1394 1395 1396 
7 
1185 1186 1187 1188 1393 1395 1396 
5 
1187 1188 1393 1394 1396 
6 
559 806 1188 1393 1394 1395 
6 
1398 1399 1400 1651 1652 1792 
6 
1397 1399 1400 1651 1791 1792 
3 
1397 1398 1400 
4 
434 1397 1398 1399 
4 
131 1402 1403 1404 
6 
645 1305 1308 1401 1403 1404 
6 
645 648 1308 1401 1402 1404 
3 
1401 1402 1403 
5 
365 366 1406 1407 1408 
4 
366 1405 1407 1408 
7 
366 367 1105 1106 1405 1406 1408 
8 
365 366 367 368 1105 1405 1406 1407 
7 
62 63 322 864 1410 1411 1412 
5 
863 864 1409 1411 1412 
4 
1409 1410 1412 1478 
8 
63 322 323 1409 1410 1411 1477 1478 
7 
118 119 495 1414 1415 1416 1980 
5 
1413 1415 1416 1979 1980 
3 
1413 1414 1416 
5 
119 762 1413 1414 1415 
3 
1418 1419 1420 
3 
1417 1419 1420 
4 
1417 1418 1420 1694 
5 
1417 1418 1419 1693 1694 
4 
1422 1423 1424 1803 
4 
484 1421 1423 1424 
5 
393 1421 1422 1424 1890 
5 
1421 1422 1423 1889 1890 
7 
94 95 114 115 1426 1427 1428 
3 
1425 1427 1428 
4 
225 1425 1426 1428 
5 
95 115 1425 1426 1427 
5 
1093 1094 1430 1431 1432 
4 
1094 1429 1431 1432 
5 
1094 1095 1429 1430 1432 
7 
1093 1094 1095 1096 1429 1430 1431 
6 
405 1129 1132 1434 1435 1436 
9 
405 406 1129 1130 1131 1132 1433 1435 1436 
9 
405 406 407 408 1131 1132 1433 1434 1436 
6 
405 408 1132 1433 1434 1435 
3 
1438 1439 1440 
4 
1092 1437 1439 1440 
3 
1437 1438 1440 
3 
1437 1438 1439 
8 
421 884 1442 1443 1444 1537 1540 1817 
13 
421 422 883 884 1441 1443 1444 1537 1538 1539 1540 1817 1818 
13 
421 422 423 424 1441 1442 1444 1539 1540 1817 1818 1819 1820 
8 
421 424 1441 1442 1443 1540 1817 1820 
3 
1446 1447 1448 
3 
1445 1447 1448 
3 
1445 1446 1448 
3 
1445 1446 1447 
7 
1277 1280 1450 1451 1452 1903 1904 
8 
1277 1278 1279 1280 1449 1451 1452 1903 
5 
1279 1280 1449 1450 1452 
4 
1280 1449 1450 1451 
3 
1454 1455 1456 
5 
789 792 1453 1455 1456 
5 
792 1453 1454 1456 1614 
5 
1453 1454 1455 1613 1614 
4 
168 1458 1459 1460 
5 
167 168 1457 1459 1460 
4 
1041 1457 1458 1460 
3 
1457 1458 1459 
3 
1462 1463 1464 
3 
1461 1463 1464 
3 
1461 1462 1464 
3 
1461 1462 1463 
3 
1466 1467 1468 
3 
1465 1467 1468 
5 
129 130 1465 1466 1468 
4 
129 1465 1466 1467 
7 
485 486 725 726 1470 1471 1472 
6 
486 726 1469 1471 1472 1808 
7 
487 726 727 1469 1470 1472 1909 
9 
487 488 725 726 727 728 1469 1470 1471 
7 
239 240 1474 1475 1476 1799 1800 
5 
239 1473 1475 1476 1799 
6 
958 1317 1318 1473 1474 1476 
7 
957 958 1317 1473 1474 1475 1498 
5 
323 1412 1478 1479 1480 
5 
1411 1412 1477 1479 1480 
4 
1241 1477 1478 1480 
3 
1477 1478 1479 
4 
1482 1483 1484 1737 
5 
1481 1483 1484 1737 1738 
10 
889 890 1481 1482 1484 1737 1738 1739 1740 1922 
8 
889 1481 1482 1483 1737 1740 1921 1922 
3 
1486 1487 1488 
3 
1485 1487 1488 
3 
1485 1486 1488 
3 
1485 1486 1487 
7 
734 891 892 1490 1491 1492 1923 
4 
891 1489 1491 1492 
3 
1489 1490 1492 
5 
734 735 1489 1490 1491 
3 
1494 1495 1496 
4 
1109 1493 1495 1496 
7 
669 670 1109 1112 1493 1494 1496 
6 
246 669 1493 1494 1495 1610 
5 
903 957 1498 1499 1500 
8 
957 958 1317 1320 1476 1497 1499 1500 
8 
957 958 959 960 1320 1497 1498 1500 
5 
957 960 1497 1498 1499 
5 
1502 1503 1504 1781 1782 
4 
1501 1503 1504 1782 
5 
1501 1502 1504 1782 1783 
7 
1501 1502 1503 1781 1782 1783 1784 
9 
71 83 325 1146 1147 1336 1506 1507 1508 
9 
325 326 665 984 1335 1336 1505 1507 1508 
9 
325 326 327 328 668 750 1505 1506 1508 
8 
325 328 749 750 1147 1505 1506 1507 
5 
670 671 1510 1511 1512 
3 
1509 1511 1512 
4 
165 1509 1510 1512 
4 
671 1509 1510 1511 
9 
346 347 377 378 1514 1515 1516 1575 1576 
7 
301 378 1513 1515 1516 1575 1989 
9 
301 304 378 379 1513 1514 1516 1989 1992 
8 
347 377 378 379 380 1513 1514 1515 
3 
1518 1519 1520 
3 
1517 1519 1520 
3 
1517 1518 1520 
4 
390 1517 1518 1519 
5 
1262 1263 1522 1523 1524 
4 
1521 1523 1524 1564 
3 
1521 1522 1524 
4 
1263 1521 1522 1523 
4 
1526 1527 1528 1760 
6 
1213 1525 1527 1528 1759 1760 
5 
1213 1216 1525 1526 1528 
4 
1525 1526 1527 1750 
6 
216 865 868 1530 1531 1532 
9 
215 216 865 866 867 868 1529 1531 1532 
5 
867 868 1529 1530 1532 
4 
868 1529 1530 1531 
4 
814 1534 1535 1536 
3 
1533 1535 1536 
5 
1134 1533 1534 1536 1702 
9 
814 815 1133 1134 1533 1534 1535 1701 1702 
7 
881 884 1441 1442 1538 1539 1540 
9 
85 881 882 883 884 1442 1537 1539 1540 
12 
88 421 422 883 884 1201 1442 1443 1537 1538 1540 1818 
11 
421 884 1441 1442 1443 1444 1537 1538 1539 1817 1818 
3 
1542 1543 1544 
3 
1541 1543 1544 
3 
1541 1542 1544 
3 
1541 1542 1543 
4 
1081 1546 1547 1548 
5 
1081 1082 1545 1547 1548 
7 
1081 1082 1083 1084 1545 1546 1548 
5 
1081 1084 1545 1546 1547 
4 
869 1550 1551 1552 
5 
869 870 1549 1551 1552 
7 
869 870 871 872 1549 1550 1552 
5 
869 872 1549 1550 1551 
5 
1554 1555 1556 1785 1900 
8 
1357 1553 1555 1556 1785 1786 1899 1900 
9 
1357 1360 1553 1554 1556 1785 1786 1787 1788 
5 
1553 1554 1555 1785 1788 
8 
953 954 955 956 1558 1559 1560 1598 
5 
954 955 1557 1559 1560 
4 
955 1557 1558 1560 
7 
955 956 1557 1558 1559 1598 1599 
3 
1562 1563 1564 
7 
1121 1124 1149 1152 1561 1563 1564 
6 
765 1124 1152 1561 1562 1564 
4 
1522 1561 1562 1563 
7 
969 970 1566 1567 1568 1869 1872 
8 
970 1565 1567 1568 1869 1870 1871 1872 
7 
970 971 1565 1566 1568 1871 1872 
8 
969 970 971 972 1565 1566 1567 1872 
3 
1570 1571 1572 
3 
1569 1571 1572 
3 
1569 1570 1572 
3 
1569 1570 1571 
6 
345 346 1574 1575 1576 1659 
5 
92 346 1573 1575 1576 
8 
346 347 378 1513 1514 1573 1574 1576 
10 
345 346 347 348 377 378 1513 1573 1574 1575 
4 
1165 1578 1579 1580 
5 
1165 1166 1577 1579 1580 
7 
613 614 1167 1168 1577 1578 1580 
5 
613 1168 1577 1578 1579 
10 
103 285 286 1582 1583 1584 1925 1926 1927 1928 
8 
286 633 636 1581 1583 1584 1926 1927 
6 
287 636 1581 1582 1584 1927 
7 
287 288 1581 1582 1583 1927 1928 
5 
666 667 1586 1587 1588 
3 
1585 1587 1588 
4 
493 1585 1586 1588 
5 
10 667 1585 1586 1587 
7 
373 374 1590 1591 1592 1917 1920 
8 
374 1589 1591 1592 1917 1918 1919 1920 
7 
374 375 1589 1590 1592 1919 1920 
8 
373 374 375 376 1589 1590 1591 1920 
5 
379 1250 1594 1595 1596 
6 
304 916 1593 1595 1596 1681 
5 
1593 1594 1596 1681 1684 
5 
1250 1251 1593 1594 1595 
6 
187 730 731 1598 1599 1600 
6 
956 1557 1560 1597 1599 1600 
4 
1560 1597 1598 1600 
4 
731 1597 1598 1599 
11 
569 570 571 572 897 898 899 900 1602 1603 1604 
7 
570 571 898 899 1601 1603 1604 
6 
571 794 899 1601 1602 1604 
9 
571 572 793 794 899 900 1601 1602 1603 
8 
193 196 257 1043 1044 1606 1607 1608 
14 
193 194 195 196 257 258 649 652 797 800 1043 1605 1607 1608 
12 
195 196 257 258 259 260 298 652 800 1605 1606 1608 
8 
196 257 260 297 298 1605 1606 1607 
7 
245 248 1071 1072 1610 1611 1612 
10 
245 246 247 248 1071 1209 1496 1609 1611 1612 
9 
247 248 629 630 1209 1212 1609 1610 1612 
6 
26 248 629 1609 1610 1611 
4 
1456 1614 1615 1616 
5 
1455 1456 1613 1615 1616 
3 
1613 1614 1616 
3 
1613 1614 1615 
7 
1618 1619 1620 1769 1770 1771 1772 
5 
1617 1619 1620 1770 1771 
4 
1617 1618 1620 1771 
5 
1617 1618 1619 1771 1772 
9 
189 190 498 1097 1098 1127 1622 1623 1624 
5 
190 1098 1621 1623 1624 
8 
142 191 1098 1099 1194 1621 1622 1624 
14 
141 191 192 498 499 1097 1098 1099 1100 1193 1194 1621 1622 1623 
3 
1626 1627 1628 
3 
1625 1627 1628 
4 
1625 1626 1628 1969 
3 
1625 1626 1627 
5 
357 360 1630 1631 1632 
7 
357 358 359 360 1629 1631 1632 
5 
359 360 1629 1630 1632 
5 
360 1629 1630 1631 1742 
4 
574 1634 1635 1636 
3 
1633 1635 1636 
6 
149 1077 1078 1633 1634 1636 
6 
574 575 1077 1633 1634 1635 
3 
1638 1639 1640 
4 
1637 1639 1640 1749 
6 
2 1637 1638 1640 1749 1752 
5 
1 2 1637 1638 1639 
4 
1345 1642 1643 1644 
5 
1345 1346 1641 1643 1644 
7 
1345 1346 1347 1348 1641 1642 1644 
6 
1306 1345 1348 1641 1642 1643 
3 
1646 1647 1648 
7 
93 96 113 116 1645 1647 1648 
5 
96 116 1645 1646 1648 
3 
1645 1646 1647 
7 
743 744 1650 1651 1652 1789 1864 
8 
743 1649 1651 1652 1789 1790 1863 1864 
9 
1397 1398 1649 1650 1652 1789 1790 1791 1792 
6 
1397 1649 1650 1651 1789 1792 
4 
1654 1655 1656 1828 
6 
825 1653 1655 1656 1827 1828 
5 
825 828 1653 1654 1656 
3 
1653 1654 1655 
3 
1658 1659 1660 
4 
924 1657 1659 1660 
5 
345 1573 1657 1658 1660 
4 
38 1657 1658 1659 
8 
293 294 317 1662 1663 1664 1813 1816 
8 
294 317 318 1661 1663 1664 1814 1815 
10 
294 295 317 318 319 320 1661 1662 1664 1815 
10 
293 294 295 296 317 320 1661 1662 1663 1816 
7 
21 22 23 24 1666 1667 1668 
5 
22 23 1665 1667 1668 
4 
23 1665 1666 1668 
5 
23 24 1665 1666 1667 
9 
909 910 911 912 1362 1363 1670 1671 1672 
5 
910 911 1669 1671 1672 
4 
911 1669 1670 1672 
6 
911 912 1363 1669 1670 1671 
7 
637 638 639 640 1674 1675 1676 
5 
638 639 1673 1675 1676 
4 
639 1673 1674 1676 
5 
639 640 1673 1674 1675 
4 
718 1678 1679 1680 
3 
1677 1679 1680 
3 
1677 1678 1680 
5 
718 719 1677 1678 1679 
7 
303 304 1594 1595 1682 1683 1684 
5 
303 1681 1683 1684 1976 
4 
1681 1682 1684 1865 
4 
1595 1681 1682 1683 
4 
1268 1686 1687 1688 
5 
1267 1268 1685 1687 1688 
3 
1685 1686 1688 
3 
1685 1686 1687 
6 
259 298 299 1690 1691 1692 
3 
1689 1691 1692 
4 
1265 1689 1690 1692 
4 
299 1689 1690 1691 
4 
1420 1694 1695 1696 
5 
1419 1420 1693 1695 1696 
3 
1693 1694 1696 
3 
1693 1694 1695 
3 
1698 1699 1700 
3 
1697 1699 1700 
3 
1697 1698 1700 
3 
1697 1698 1699 
9 
442 443 815 1133 1136 1536 1702 1703 1704 
9 
1133 1134 1135 1136 1535 1536 1701 1703 1704 
5 
1135 1136 1701 1702 1704 
5 
443 1136 1701 1702 1703 
5 
709 710 1706 1707 1708 
4 
710 1705 1707 1708 
5 
710 711 1705 1706 1708 
7 
709 710 711 712 1705 1706 1707 
3 
1710 1711 1712 
4 
164 1709 1711 1712 
4 
426 1709 1710 1712 
5 
425 426 1709 1710 1711 
4 
1366 1714 1715 1716 
3 
1713 1715 1716 
4 
625 1713 1714 1716 
5 
1366 1367 1713 1714 1715 
8 
315 1718 1719 1720 1765 1766 1767 1768 
5 
1717 1719 1720 1766 1767 
6 
837 1717 1718 1720 1734 1767 
7 
1717 1718 1719 1733 1734 1767 1768 
3 
1722 1723 1724 
3 
1721 1723 1724 
3 
1721 1722 1724 
3 
1721 1722 1723 
6 
534 535 561 1726 1727 1728 
6 
561 562 965 1725 1727 1728 
10 
414 561 562 563 564 965 968 1725 1726 1728 
8 
413 414 535 561 564 1725 1726 1727 
5 
269 270 1730 1731 1732 
4 
270 1729 1731 1732 
5 
270 271 1729 1730 1732 
7 
269 270 271 272 1729 1730 1731 
6 
1720 1734 1735 1736 1767 1768 
6 
1719 1720 1733 1735 1736 1767 
3 
1733 1734 1736 
3 
1733 1734 1735 
8 
1481 1482 1483 1484 1738 1739 1740 1922 
7 
5 8 1482 1483 1737 1739 1740 
6 
8 890 1483 1737 1738 1740 
8 
889 1483 1484 1737 1738 1739 1922 1923 
5 
773 774 1742 1743 1744 
5 
774 1632 1741 1743 1744 
5 
774 775 1741 1742 1744 
7 
773 774 775 776 1741 1742 1743 
5 
321 324 1746 1747 1748 
8 
64 321 322 323 324 1745 1747 1748 
5 
323 324 1745 1746 1748 
4 
324 1745 1746 1747 
5 
1638 1639 1750 1751 1752 
4 
1528 1749 1751 1752 
3 
1749 1750 1752 
5 
2 1639 1749 1750 1751 
6 
545 548 1365 1754 1755 1756 
9 
545 546 547 548 1365 1366 1753 1755 1756 
9 
547 548 1365 1366 1367 1368 1753 1754 1756 
6 
548 1365 1368 1753 1754 1755 
3 
1758 1759 1760 
4 
1244 1757 1759 1760 
5 
1213 1526 1757 1758 1760 
5 
1525 1526 1757 1758 1759 
9 
1297 1298 1299 1300 1762 1763 1764 1885 1888 
11 
305 308 945 948 1298 1299 1761 1763 1764 1886 1887 
7 
308 948 1299 1761 1762 1764 1887 
6 
1299 1300 1761 1762 1763 1888 
6 
315 316 1717 1766 1767 1768 
6 
315 1717 1718 1765 1767 1768 
9 
1717 1718 1719 1720 1733 1734 1765 1766 1768 
6 
1717 1720 1733 1765 1766 1767 
5 
1617 1770 1771 1772 1776 
7 
1617 1618 1769 1771 1772 1775 1776 
7 
1617 1618 1619 1620 1769 1770 1772 
5 
1617 1620 1769 1770 1771 
5 
587 588 1774 1775 1776 
4 
587 1773 1775 1776 
4 
1770 1773 1774 1776 
5 
1769 1770 1773 1774 1775 
3 
1778 1779 1780 
3 
1777 1779 1780 
5 
933 934 1777 1778 1780 
4 
933 1777 1778 1779 
5 
1501 1504 1782 1783 1784 
7 
1501 1502 1503 1504 1781 1783 1784 
6 
1274 1503 1504 1781 1782 1784 
6 
1273 1274 1504 1781 1782 1783 
10 
1357 1553 1554 1555 1556 1786 1787 1788 1899 1900 
8 
1357 1358 1554 1555 1785 1787 1788 1899 
6 
1359 1360 1555 1785 1786 1788 
6 
1360 1555 1556 1785 1786 1787 
7 
1649 1650 1651 1652 1790 1791 1792 
5 
1650 1651 1789 1791 1792 
5 
1398 1651 1789 1790 1792 
7 
1397 1398 1651 1652 1789 1790 1791 
4 
471 1794 1795 1796 
5 
1281 1284 1793 1795 1796 
8 
621 622 661 662 1284 1793 1794 1796 
5 
621 661 1793 1794 1795 
7 
237 238 239 240 1798 1799 1800 
6 
238 239 1120 1797 1799 1800 
6 
239 1473 1474 1797 1798 1800 
6 
239 240 1473 1797 1798 1799 
3 
1802 1803 1804 
3 
1801 1803 1804 
4 
1421 1801 1802 1804 
3 
1801 1802 1803 
3 
1806 1807 1808 
3 
1805 1807 1808 
3 
1805 1806 1808 
5 
486 1470 1805 1806 1807 
5 
1157 1158 1810 1811 1812 
4 
1158 1809 1811 1812 
6 
398 1158 1159 1809 1810 1812 
9 
397 398 1157 1158 1159 1160 1809 1810 1811 
7 
293 294 317 1661 1814 1815 1816 
7 
294 317 318 1662 1813 1815 1816 
11 
294 295 317 318 319 320 1662 1663 1813 1814 1816 
11 
293 294 295 296 317 320 1661 1664 1813 1814 1815 
10 
421 884 1441 1442 1443 1444 1540 1818 1819 1820 
13 
88 421 422 883 884 1201 1442 1443 1539 1540 1817 1819 1820 
10 
421 422 423 424 1201 1204 1443 1817 1818 1820 
7 
421 424 1443 1444 1817 1818 1819 
6 
57 938 939 1822 1823 1824 
5 
57 58 1821 1823 1824 
7 
57 58 59 60 1821 1822 1824 
6 
57 60 939 1821 1822 1823 
4 
643 1826 1827 1828 
3 
1825 1827 1828 
5 
825 1654 1825 1826 1828 
5 
1653 1654 1825 1826 1827 
6 
265 821 822 1830 1831 1832 
6 
265 266 822 1829 1831 1832 
12 
265 266 267 268 341 822 823 1373 1374 1829 1830 1832 
10 
265 268 821 822 823 824 1373 1829 1830 1831 
3 
1834 1835 1836 
3 
1833 1835 1836 
3 
1833 1834 1836 
3 
1833 1834 1835 
3 
1838 1839 1840 
3 
1837 1839 1840 
3 
1837 1838 1840 
3 
1837 1838 1839 
3 
1842 1843 1844 
3 
1841 1843 1844 
3 
1841 1842 1844 
3 
1841 1842 1843 
3 
1846 1847 1848 
4 
1269 1845 1847 1848 
6 
54 1269 1272 1845 1846 1848 
5 
53 54 1845 1846 1847 
8 
75 703 704 1850 1851 1852 1901 1902 
6 
703 1849 1851 1852 1902 1952 
7 
1277 1278 1849 1850 1852 1902 1903 
8 
1277 1849 1850 1851 1901 1902 1903 1904 
3 
1854 1855 1856 
3 
1853 1855 1856 
3 
1853 1854 1856 
4 
522 1853 1854 1855 
4 
1108 1858 1859 1860 
5 
1107 1108 1857 1859 1860 
3 
1857 1858 1860 
3 
1857 1858 1859 
4 
742 1862 1863 1864 
3 
1861 1863 1864 
4 
1650 1861 1862 1864 
6 
743 1649 1650 1861 1862 1863 
4 
1683 1866 1867 1868 
3 
1865 1867 1868 
3 
1865 1866 1868 
3 
1865 1866 1867 
6 
1227 1565 1566 1870 1871 1872 
5 
777 1566 1869 1871 1872 
7 
777 780 1566 1567 1869 1870 1872 
8 
970 1565 1566 1567 1568 1869 1870 1871 
3 
1874 1875 1876 
3 
1873 1875 1876 
3 
1873 1874 1876 
3 
1873 1874 1875 
5 
129 132 1878 1879 1880 
7 
129 130 131 132 1877 1879 1880 
5 
131 132 1877 1878 1880 
4 
132 1877 1878 1879 
3 
1882 1883 1884 
4 
1052 1881 1883 1884 
3 
1881 1882 1884 
3 
1881 1882 1883 
6 
1297 1298 1761 1886 1887 1888 
7 
305 945 1298 1762 1885 1887 1888 
10 
305 308 948 1298 1299 1762 1763 1885 1886 1888 
9 
1297 1298 1299 1300 1761 1764 1885 1886 1887 
4 
1424 1890 1891 1892 
6 
393 1423 1424 1889 1891 1892 
5 
393 396 1889 1890 1892 
3 
1889 1890 1891 
3 
1894 1895 1896 
4 
1893 1895 1896 1956 
3 
1893 1894 1896 
3 
1893 1894 1895 
3 
1898 1899 1900 
3 
1897 1899 1900 
7 
1357 1554 1785 1786 1897 1898 1900 
6 
1553 1554 1785 1897 1898 1899 
7 
703 704 1849 1852 1902 1903 1904 
8 
703 1849 1850 1851 1852 1901 1903 1904 
9 
1277 1278 1449 1450 1851 1852 1901 1902 1904 
6 
1277 1449 1852 1901 1902 1903 
3 
1906 1907 1908 
3 
1905 1907 1908 
4 
1017 1905 1906 1908 
3 
1905 1906 1907 
6 
487 727 1471 1910 1911 1912 
3 
1909 1911 1912 
3 
1909 1910 1912 
3 
1909 1910 1911 
7 
177 178 1325 1914 1915 1916 1946 
7 
178 1325 1326 1913 1915 1916 1984 
10 
178 179 1325 1326 1327 1328 1378 1913 1914 1916 
13 
177 178 179 180 1325 1328 1377 1378 1913 1914 1915 1946 1947 
5 
1589 1590 1918 1919 1920 
4 
1590 1917 1919 1920 
5 
1590 1591 1917 1918 1920 
8 
374 1589 1590 1591 1592 1917 1918 1919 
4 
1484 1922 1923 1924 
8 
889 1483 1484 1737 1740 1921 1923 1924 
7 
889 892 1489 1740 1921 1922 1924 
4 
198 1921 1922 1923 
8 
103 104 285 1206 1581 1926 1927 1928 
8 
103 285 286 1581 1582 1925 1927 1928 
11 
285 286 287 288 1581 1582 1583 1584 1925 1926 1928 
9 
285 288 1206 1207 1581 1584 1925 1926 1927 
4 
408 1930 1931 1932 
5 
407 408 1929 1931 1932 
3 
1929 1930 1932 
3 
1929 1930 1931 
8 
120 695 696 1934 1935 1936 1941 1942 
9 
119 120 695 761 764 1933 1935 1936 1942 
6 
764 1933 1934 1936 1942 1943 
7 
1933 1934 1935 1941 1942 1943 1944 
5 
1013 1014 1938 1939 1940 
4 
1014 1937 1939 1940 
6 
682 1014 1015 1937 1938 1940 
9 
681 682 1013 1014 1015 1016 1937 1938 1939 
6 
696 1933 1936 1942 1943 1944 
11 
695 696 761 764 1933 1934 1935 1936 1941 1943 1944 
6 
764 1935 1936 1941 1942 1944 
4 
1936 1941 1942 1943 
5 
177 180 1946 1947 1948 
10 
177 178 179 180 1325 1913 1916 1945 1947 1948 
9 
179 180 1325 1328 1377 1916 1945 1946 1948 
4 
180 1945 1946 1947 
4 
880 1950 1951 1952 
5 
879 880 1949 1951 1952 
3 
1949 1950 1952 
4 
1850 1949 1950 1951 
3 
1954 1955 1956 
3 
1953 1955 1956 
3 
1953 1954 1956 
4 
1894 1953 1954 1955 
3 
1958 1959 1960 
3 
1957 1959 1960 
6 
549 550 677 1957 1958 1960 
4 
549 1957 1958 1959 
3 
1962 1963 1964 
4 
732 1961 1963 1964 
3 
1961 1962 1964 
3 
1961 1962 1963 
3 
1966 1967 1968 
3 
1965 1967 1968 
3 
1965 1966 1968 
3 
1965 1966 1967 
4 
1627 1970 1971 1972 
3 
1969 1971 1972 
3 
1969 1970 1972 
3 
1969 1970 1971 
10 
56 277 302 303 914 915 1974 1975 1976 1991 
7 
55 56 277 278 1973 1975 1976 
7 
277 278 279 280 1973 1974 1976 
8 
277 280 303 915 1682 1973 1974 1975 
4 
494 1978 1979 1980 
3 
1977 1979 1980 
4 
1414 1977 1978 1980 
8 
118 494 495 1413 1414 1977 1978 1979 
4 
760 1982 1983 1984 
5 
759 760 1981 1983 1984 
3 
1981 1982 1984 
5 
178 1914 1981 1982 1983 
5 
6 7 1986 1987 1988 
3 
1985 1987 1988 
4 
186 1985 1986 1988 
6 
7 185 186 1985 1986 1987 
8 
301 302 913 1514 1515 1990 1991 1992 
6 
302 913 914 1989 1991 1992 
10 
302 303 913 914 915 916 1973 1989 1990 1992 
10 
301 302 303 304 913 916 1515 1989 1990 1991 
7 
209 212 523 524 1994 1995 1996 
8 
209 210 211 212 523 1993 1995 1996 
5 
211 212 1993 1994 1996 
4 
212 1993 1994 1995 
5 
927 1258 1998 1999 2000 
5 
385 388 1997 1999 2000 
4 
388 1997 1998 2000 
5 
362 1259 1997 1998 1999 