
500 
4 
3 
2 3 4 
4 
1 3 4 121 
7 
1 2 4 121 124 1553 1554 
4 
1 2 3 1553 
4 
6 7 8 1887 
5 
5 7 8 521 524 
6 
5 6 8 524 1977 1978 
4 
5 6 7 1977 
4 
10 11 12 1369 
5 
9 11 12 1369 1370 
8 
9 10 12 678 1369 1370 1371 1372 
7 
9 10 11 677 678 1369 1372 
5 
14 15 16 1517 1518 
6 
13 15 16 1449 1452 1518 
6 
13 14 16 1452 1518 1519 
7 
13 14 15 1517 1518 1519 1520 
8 
18 19 20 1217 1218 1763 1830 1831 
4 
17 19 20 1218 
5 
17 18 20 1218 1219 
8 
17 18 19 1217 1218 1219 1220 1831 
9 
22 23 24 646 1441 1442 1443 1444 1818 
5 
21 23 24 1442 1443 
5 
21 22 24 1443 1633 
9 
21 22 23 646 647 1443 1444 1818 1819 
15 
26 27 28 313 314 853 854 877 878 879 880 1619 1620 1871 1872 
10 
25 27 28 314 854 878 879 1220 1619 1871 
7 
25 26 28 314 315 855 879 
11 
25 26 27 313 314 315 316 855 856 879 880 
6 
30 31 32 137 697 698 
6 
29 31 32 137 138 698 
9 
29 30 32 137 138 139 140 698 699 
9 
29 30 31 137 140 697 698 699 700 
3 
34 35 36 
3 
33 35 36 
3 
33 34 36 
3 
33 34 35 
5 
38 39 40 891 892 
4 
37 39 40 891 
4 
37 38 40 1150 
5 
37 38 39 1149 1150 
5 
42 43 44 70 71 
4 
41 43 44 1272 
4 
41 42 44 209 
6 
41 42 43 71 1362 1522 
3 
46 47 48 
4 
45 47 48 909 
6 
45 46 48 674 909 912 
5 
45 46 47 673 674 
4 
50 51 52 1285 
5 
49 51 52 1285 1286 
7 
49 50 52 1285 1286 1287 1288 
5 
49 50 51 1285 1288 
3 
54 55 56 
3 
53 55 56 
6 
53 54 56 837 838 1825 
5 
53 54 55 730 837 
3 
58 59 60 
3 
57 59 60 
3 
57 58 60 
4 
57 58 59 1178 
3 
62 63 64 
5 
61 63 64 669 672 
5 
61 62 64 672 1725 
3 
61 62 63 
8 
66 67 68 1385 1613 1614 1615 1616 
9 
65 67 68 1385 1386 1614 1615 1785 1788 
7 
65 66 68 1387 1388 1615 1788 
6 
65 66 67 1388 1615 1616 
3 
70 71 72 
4 
41 69 71 72 
5 
41 44 69 70 72 
3 
69 70 71 
5 
74 75 76 1662 1663 
5 
73 75 76 1141 1992 
5 
73 74 76 1141 1144 
4 
73 74 75 1663 
3 
78 79 80 
5 
77 79 80 225 228 
4 
77 78 80 228 
3 
77 78 79 
3 
82 83 84 
3 
81 83 84 
4 
81 82 84 422 
5 
81 82 83 421 422 
8 
86 87 88 103 359 360 1684 1860 
8 
85 87 88 359 1683 1684 1859 1860 
7 
85 86 88 126 330 937 938 
8 
85 86 87 125 126 329 330 937 
4 
90 91 92 387 
3 
89 91 92 
3 
89 90 92 
3 
89 90 91 
3 
94 95 96 
3 
93 95 96 
3 
93 94 96 
3 
93 94 95 
7 
98 99 100 161 162 1506 1676 
6 
97 99 100 162 1675 1676 
5 
97 98 100 162 163 
8 
97 98 99 161 162 163 164 1507 
5 
102 103 104 901 902 
7 
101 103 104 357 902 1681 1857 
12 
85 101 102 104 357 360 902 903 1681 1684 1857 1860 
7 
101 102 103 901 902 903 904 
8 
106 107 108 1070 1345 1346 1347 1348 
7 
105 107 108 1346 1347 1929 1932 
5 
105 106 108 1347 1932 
7 
105 106 107 1070 1071 1347 1348 
6 
110 111 112 123 711 712 
4 
109 111 112 711 
3 
109 110 112 
3 
109 110 111 
11 
114 115 116 713 1093 1096 1629 1630 1631 1632 1920 
14 
113 115 116 713 714 1093 1094 1095 1096 1630 1631 1701 1919 1920 
12 
113 114 116 713 714 715 716 1095 1096 1631 1701 1704 
8 
113 114 115 713 716 1096 1631 1632 
5 
118 119 120 785 788 
7 
117 119 120 785 786 787 788 
5 
117 118 120 787 788 
4 
117 118 119 788 
6 
2 3 122 123 124 1554 
5 
121 123 124 709 712 
5 
109 121 122 124 712 
7 
3 121 122 123 1554 1555 1862 
5 
88 126 127 128 329 
8 
87 88 125 127 128 329 330 937 
9 
125 126 128 329 330 331 332 937 940 
5 
125 126 127 329 332 
5 
130 131 132 1215 1569 
5 
129 131 132 1569 1570 
8 
129 130 132 753 1569 1570 1571 1572 
5 
129 130 131 1569 1572 
5 
134 135 136 812 1089 
7 
133 135 136 811 812 1089 1090 
11 
133 134 136 557 558 1089 1090 1091 1092 1717 1718 
7 
133 134 135 557 1089 1092 1717 
9 
29 30 31 32 138 139 140 698 699 
7 
30 31 137 139 140 417 1861 
8 
31 137 138 140 417 420 1861 1864 
7 
31 32 137 138 139 699 1038 
3 
142 143 144 
3 
141 143 144 
3 
141 142 144 
3 
141 142 143 
5 
146 147 148 1795 1796 
5 
145 147 148 1468 1795 
3 
145 146 148 
3 
145 146 147 
5 
150 151 152 1110 1111 
3 
149 151 152 
3 
149 150 152 
4 
149 150 151 1111 
5 
154 155 156 1102 1778 
3 
153 155 156 
4 
153 154 156 1266 
9 
153 154 155 1102 1103 1265 1266 1778 1779 
5 
158 159 160 414 817 
5 
157 159 160 817 818 
7 
157 158 160 817 818 819 820 
8 
157 158 159 414 415 817 820 1850 
10 
97 100 162 163 164 1505 1506 1507 1508 1676 
11 
97 98 99 100 161 163 164 1506 1507 1675 1676 
6 
99 100 161 162 164 1507 
6 
100 161 162 163 1507 1508 
6 
166 167 168 1424 1589 1590 
6 
165 167 168 1423 1424 1590 
5 
165 166 168 1590 1591 
7 
165 166 167 1589 1590 1591 1592 
3 
170 171 172 
3 
169 171 172 
4 
169 170 172 1969 
3 
169 170 171 
6 
174 175 176 1907 1966 1967 
3 
173 175 176 
3 
173 174 176 
4 
173 174 175 1967 
4 
178 179 180 457 
7 
177 179 180 457 458 1277 1909 
12 
177 178 180 457 458 459 460 490 1277 1280 1909 1912 
7 
177 178 179 457 460 489 490 
5 
182 183 184 333 336 
7 
181 183 184 333 334 335 336 
5 
181 182 184 335 336 
4 
181 182 183 336 
3 
186 187 188 
3 
185 187 188 
5 
185 186 188 793 794 
4 
185 186 187 793 
5 
190 191 192 1706 1739 
5 
189 191 192 1029 1032 
5 
189 190 192 1032 1241 
6 
189 190 191 470 1706 1707 
6 
194 195 196 284 321 322 
6 
193 195 196 283 284 322 
5 
193 194 196 322 323 
8 
193 194 195 258 321 322 323 324 
7 
198 199 200 1375 1376 1543 1544 
5 
197 199 200 1375 1543 
6 
197 198 200 1161 1162 1890 
6 
197 198 199 1161 1889 1890 
7 
202 203 204 497 498 499 500 
5 
201 203 204 498 499 
5 
201 202 204 499 821 
5 
201 202 203 499 500 
5 
206 207 208 1686 1687 
3 
205 207 208 
3 
205 206 208 
4 
205 206 207 1687 
7 
43 210 211 212 689 1733 1736 
9 
209 211 212 689 690 1733 1734 1735 1736 
7 
209 210 212 691 692 1735 1736 
6 
209 210 211 692 1736 1954 
5 
214 215 216 245 248 
10 
213 215 216 245 246 247 248 496 1625 1628 
7 
213 214 216 247 248 498 1628 
6 
213 214 215 248 497 498 
12 
218 219 220 401 402 886 989 990 991 992 1290 1291 
6 
217 219 220 402 990 991 
6 
217 218 220 402 403 991 
12 
217 218 219 401 402 403 404 886 887 991 992 1291 
6 
222 223 224 895 1229 1232 
9 
221 223 224 657 1229 1230 1231 1232 1716 
6 
221 222 224 660 1231 1232 
4 
221 222 223 1232 
6 
78 226 227 228 391 392 
4 
225 227 228 391 
5 
225 226 228 1673 1674 
6 
78 79 225 226 227 1673 
5 
230 231 232 332 1801 
8 
229 231 232 331 332 940 1801 1802 
8 
229 230 232 1801 1802 1803 1804 1934 
7 
229 230 231 1801 1804 1933 1934 
8 
234 235 236 674 675 912 1301 1304 
8 
233 235 236 911 1301 1302 1303 1304 
6 
233 234 236 906 1303 1304 
7 
233 234 235 675 905 906 1304 
4 
238 239 240 648 
6 
237 239 240 647 648 1820 
3 
237 238 240 
3 
237 238 239 
4 
242 243 244 1888 
5 
241 243 244 1887 1888 
4 
241 242 244 1234 
5 
241 242 243 1233 1234 
5 
213 214 246 247 248 
7 
214 245 247 248 496 1625 1628 
6 
214 215 245 246 248 1628 
7 
213 214 215 216 245 246 247 
6 
250 251 252 265 268 773 
9 
249 251 252 265 266 267 268 773 774 
9 
249 250 252 267 268 773 774 775 776 
6 
249 250 251 268 773 776 
3 
254 255 256 
3 
253 255 256 
3 
253 254 256 
3 
253 254 255 
3 
258 259 260 
6 
196 257 259 260 321 324 
4 
257 258 260 324 
3 
257 258 259 
5 
262 263 264 1401 1404 
7 
261 263 264 1401 1402 1403 1404 
6 
261 262 264 1166 1403 1404 
6 
261 262 263 1165 1166 1404 
6 
249 250 266 267 268 1927 
4 
250 265 267 268 
7 
250 251 265 266 268 773 774 
8 
249 250 251 252 265 266 267 773 
7 
270 271 272 1841 1842 1843 1844 
5 
269 271 272 1842 1843 
4 
269 270 272 1843 
5 
269 270 271 1843 1844 
8 
274 275 276 926 1177 1178 1179 1180 
5 
273 275 276 1178 1179 
7 
273 274 276 597 953 954 1179 
8 
273 274 275 926 927 953 1179 1180 
3 
278 279 280 
3 
277 279 280 
3 
277 278 280 
3 
277 278 279 
3 
282 283 284 
3 
281 283 284 
4 
194 281 282 284 
6 
193 194 281 282 283 322 
3 
286 287 288 
4 
285 287 288 1653 
6 
285 286 288 1653 1656 1973 
3 
285 286 287 
9 
290 291 292 409 410 411 412 963 964 
6 
289 291 292 410 411 963 
5 
289 290 292 411 1450 
7 
289 290 291 411 412 1449 1450 
3 
294 295 296 
4 
293 295 296 1264 
3 
293 294 296 
3 
293 294 295 
3 
298 299 300 
3 
297 299 300 
3 
297 298 300 
3 
297 298 299 
7 
302 303 304 868 1008 1417 1420 
12 
301 303 304 388 867 868 1007 1008 1417 1418 1419 1420 
6 
301 302 304 802 1419 1420 
6 
301 302 303 801 802 1420 
5 
306 307 308 1899 1900 
4 
305 307 308 1899 
3 
305 306 308 
3 
305 306 307 
3 
310 311 312 
3 
309 311 312 
3 
309 310 312 
3 
309 310 311 
11 
25 28 314 315 316 853 854 855 856 879 880 
10 
25 26 27 28 313 315 316 854 855 879 
7 
27 28 313 314 316 855 1853 
6 
28 313 314 315 855 856 
3 
318 319 320 
4 
317 319 320 1933 
5 
317 318 320 1933 1936 
3 
317 318 319 
6 
193 196 258 322 323 324 
8 
193 194 195 196 284 321 323 324 
5 
195 196 321 322 324 
6 
196 258 259 321 322 323 
3 
326 327 328 
3 
325 327 328 
4 
325 326 328 1325 
3 
325 326 327 
8 
88 125 126 127 128 330 331 332 
8 
87 88 126 127 329 331 332 937 
7 
127 230 329 330 332 937 940 
7 
127 128 229 230 329 330 331 
5 
181 182 334 335 336 
5 
182 333 335 336 585 
7 
182 183 333 334 336 585 588 
7 
181 182 183 184 333 334 335 
3 
338 339 340 
4 
337 339 340 736 
3 
337 338 340 
3 
337 338 339 
3 
342 343 344 
3 
341 343 344 
4 
341 342 344 1882 
5 
341 342 343 1881 1882 
14 
346 347 348 694 1473 1474 1475 1476 1645 1646 1647 1648 1938 1939 
7 
345 347 348 1474 1475 1646 1647 
5 
345 346 348 1475 1647 
10 
345 346 347 694 695 1475 1476 1647 1648 1939 
3 
350 351 352 
3 
349 351 352 
4 
349 350 352 1589 
3 
349 350 351 
12 
354 355 356 577 578 579 580 1341 1342 1551 1552 1964 
10 
353 355 356 578 579 1064 1342 1551 1963 1964 
6 
353 354 356 579 1342 1343 
9 
353 354 355 579 580 1341 1342 1343 1344 
10 
102 103 358 359 360 902 903 1681 1684 1857 
9 
357 359 360 1681 1682 1683 1684 1857 1858 
9 
85 86 357 358 360 1683 1684 1859 1860 
8 
85 103 357 358 359 903 1684 1860 
3 
362 363 364 
3 
361 363 364 
3 
361 362 364 
3 
361 362 363 
6 
366 367 368 757 1493 1496 
9 
365 367 368 757 758 1493 1494 1495 1496 
9 
365 366 368 757 758 759 760 1495 1496 
6 
365 366 367 757 760 1496 
4 
370 371 372 661 
5 
369 371 372 661 662 
7 
369 370 372 661 662 663 664 
5 
369 370 371 661 664 
5 
374 375 376 543 544 
4 
373 375 376 543 
3 
373 374 376 
3 
373 374 375 
5 
378 379 380 666 667 
3 
377 379 380 
3 
377 378 380 
4 
377 378 379 667 
7 
382 383 384 1725 1726 1727 1728 
5 
381 383 384 1726 1727 
4 
381 382 384 1727 
5 
381 382 383 1727 1728 
11 
386 387 388 866 1006 1049 1052 1513 1514 1515 1516 
9 
385 387 388 1049 1050 1051 1052 1514 1515 
7 
89 385 386 388 1051 1052 1515 
11 
302 385 386 387 867 1006 1007 1052 1418 1515 1516 
7 
390 391 392 977 978 979 980 
5 
389 391 392 978 979 
6 
225 226 389 390 392 979 
6 
225 389 390 391 979 980 
5 
394 395 396 625 626 
4 
393 395 396 626 
5 
393 394 396 626 627 
7 
393 394 395 625 626 627 628 
4 
398 399 400 1604 
7 
397 399 400 805 808 1603 1604 
4 
397 398 400 808 
3 
397 398 399 
10 
217 220 402 403 404 885 886 991 992 1291 
9 
217 218 219 220 401 403 404 886 991 
7 
219 220 401 402 404 886 887 
8 
220 401 402 403 885 886 887 888 
5 
406 407 408 1383 1596 
5 
405 407 408 1595 1596 
3 
405 406 408 
3 
405 406 407 
5 
289 410 411 412 964 
7 
289 290 409 411 412 963 964 
7 
289 290 291 292 409 410 412 
5 
289 292 409 410 411 
3 
414 415 416 
6 
157 160 413 415 416 817 
7 
160 413 414 416 820 1849 1850 
4 
413 414 415 1849 
10 
138 139 418 419 420 1556 1861 1862 1863 1864 
7 
417 419 420 1555 1556 1862 1863 
4 
417 418 420 1863 
6 
139 417 418 419 1863 1864 
4 
84 422 423 424 
5 
83 84 421 423 424 
3 
421 422 424 
3 
421 422 423 
4 
426 427 428 1416 
5 
425 427 428 1415 1416 
4 
425 426 428 1485 
3 
425 426 427 
5 
430 431 432 771 772 
4 
429 431 432 771 
4 
429 430 432 517 
3 
429 430 431 
4 
434 435 436 1762 
5 
433 435 436 1693 1696 
5 
433 434 436 1696 1830 
7 
433 434 435 1762 1763 1829 1830 
5 
438 439 440 1125 1126 
4 
437 439 440 1126 
6 
437 438 440 1126 1127 1282 
9 
437 438 439 1125 1126 1127 1128 1281 1282 
7 
442 443 444 1433 1434 1435 1436 
7 
441 443 444 1373 1434 1435 1460 
8 
441 442 444 1373 1376 1435 1541 1542 
6 
441 442 443 1435 1436 1541 
5 
446 447 448 638 639 
3 
445 447 448 
3 
445 446 448 
4 
445 446 447 639 
5 
450 451 452 1757 1758 
5 
449 451 452 1609 1758 
7 
449 450 452 841 1612 1758 1759 
7 
449 450 451 1757 1758 1759 1760 
3 
454 455 456 
4 
453 455 456 737 
5 
453 454 456 737 740 
3 
453 454 455 
9 
177 178 179 180 458 459 460 1277 1909 
9 
178 179 457 459 460 1277 1278 1909 1910 
12 
179 457 458 460 1277 1278 1279 1280 1909 1910 1911 1912 
10 
179 180 457 458 459 490 1277 1280 1909 1912 
3 
462 463 464 
3 
461 463 464 
3 
461 462 464 
3 
461 462 463 
3 
466 467 468 
3 
465 467 468 
3 
465 466 468 
3 
465 466 467 
4 
470 471 472 1708 
6 
192 469 471 472 1707 1708 
3 
469 470 472 
3 
469 470 471 
7 
474 475 476 581 1226 1877 1878 
7 
473 475 476 581 582 1352 1878 
9 
473 474 476 581 582 583 584 1878 1879 
11 
473 474 475 581 584 1226 1227 1877 1878 1879 1880 
7 
478 479 480 1269 1270 1271 1272 
5 
477 479 480 1270 1271 
5 
477 478 480 1271 1734 
7 
477 478 479 1271 1272 1733 1734 
5 
482 483 484 653 654 
6 
481 483 484 654 1205 1208 
8 
481 482 484 545 546 654 655 1208 
8 
481 482 483 545 653 654 655 656 
3 
486 487 488 
3 
485 487 488 
4 
485 486 488 525 
3 
485 486 487 
4 
180 490 491 492 
6 
179 180 460 489 491 492 
4 
489 490 492 1594 
5 
489 490 491 1593 1594 
3 
494 495 496 
3 
493 495 496 
5 
493 494 496 1625 1626 
6 
214 246 493 494 495 1625 
5 
201 216 498 499 500 
7 
201 202 215 216 497 499 500 
7 
201 202 203 204 497 498 500 
5 
201 204 497 498 499 
4 
502 503 504 1697 
5 
501 503 504 1697 1698 
7 
501 502 504 1697 1698 1699 1700 
5 
501 502 503 1697 1700 
7 
506 507 508 829 830 1677 1680 
8 
505 507 508 830 1677 1678 1679 1680 
7 
505 506 508 830 831 1679 1680 
8 
505 506 507 829 830 831 832 1680 
3 
510 511 512 
3 
509 511 512 
3 
509 510 512 
4 
509 510 511 1114 
6 
514 515 516 781 784 936 
9 
513 515 516 781 782 783 784 935 936 
5 
513 514 516 783 784 
4 
513 514 515 784 
4 
431 518 519 520 
3 
517 519 520 
5 
517 518 520 637 638 
5 
517 518 519 637 1866 
6 
6 522 523 524 957 960 
9 
521 523 524 957 958 959 960 1581 1584 
6 
521 522 524 959 960 1584 
7 
6 7 521 522 523 960 1978 
5 
487 526 527 528 1724 
5 
525 527 528 1723 1724 
3 
525 526 528 
4 
525 526 527 1922 
3 
530 531 532 
3 
529 531 532 
3 
529 530 532 
3 
529 530 531 
3 
534 535 536 
3 
533 535 536 
3 
533 534 536 
3 
533 534 535 
4 
538 539 540 1833 
5 
537 539 540 1833 1834 
9 
537 538 540 1405 1406 1833 1834 1835 1836 
6 
537 538 539 1405 1833 1836 
5 
542 543 544 1599 1600 
4 
541 543 544 1599 
5 
373 374 541 542 544 
4 
373 541 542 543 
8 
483 484 546 547 548 654 655 1208 
6 
483 545 547 548 1207 1208 
3 
545 546 548 
4 
545 546 547 655 
3 
550 551 552 
3 
549 551 552 
3 
549 550 552 
3 
549 550 551 
3 
554 555 556 
3 
553 555 556 
3 
553 554 556 
3 
553 554 555 
8 
135 136 558 559 560 1091 1092 1717 
7 
135 557 559 560 1091 1717 1718 
7 
557 558 560 1717 1718 1719 1720 
5 
557 558 559 1717 1720 
3 
562 563 564 
3 
561 563 564 
3 
561 562 564 
4 
561 562 563 1294 
4 
566 567 568 1154 
3 
565 567 568 
4 
565 566 568 1317 
5 
565 566 567 1154 1155 
5 
570 571 572 1410 1411 
3 
569 571 572 
3 
569 570 572 
4 
569 570 571 1411 
3 
574 575 576 
3 
573 575 576 
4 
573 574 576 1662 
5 
573 574 575 1661 1838 
10 
353 578 579 580 1549 1550 1551 1552 1961 1964 
11 
353 354 577 579 580 1550 1551 1961 1962 1963 1964 
11 
353 354 355 356 577 578 580 1342 1551 1963 1964 
10 
353 356 577 578 579 1341 1342 1551 1552 1964 
9 
473 474 475 476 582 583 584 1878 1879 
5 
474 475 581 583 584 
4 
475 581 582 584 
6 
475 476 581 582 583 1879 
5 
334 335 586 587 588 
3 
585 587 588 
4 
585 586 588 1957 
4 
335 585 586 587 
4 
590 591 592 1155 
6 
589 591 592 1317 1320 1669 
7 
589 590 592 1269 1270 1320 1672 
4 
589 590 591 1269 
4 
594 595 596 1990 
3 
593 595 596 
3 
593 594 596 
4 
593 594 595 1991 
7 
275 598 599 600 953 954 1179 
4 
597 599 600 954 
4 
597 598 600 955 
5 
597 598 599 955 956 
3 
602 603 604 
3 
601 603 604 
4 
601 602 604 1898 
5 
601 602 603 1897 1898 
4 
606 607 608 1999 
4 
605 607 608 1780 
3 
605 606 608 
3 
605 606 607 
5 
610 611 612 1638 1639 
3 
609 611 612 
3 
609 610 612 
4 
609 610 611 1639 
5 
614 615 616 1135 1136 
6 
613 615 616 908 993 1135 
6 
613 614 616 993 996 1998 
5 
613 614 615 1997 1998 
5 
618 619 620 941 944 
7 
617 619 620 941 942 943 944 
6 
617 618 620 701 943 944 
4 
617 618 619 944 
4 
622 623 624 1115 
3 
621 623 624 
3 
621 622 624 
3 
621 622 623 
5 
393 396 626 627 628 
7 
393 394 395 396 625 627 628 
5 
395 396 625 626 628 
4 
396 625 626 627 
5 
630 631 632 1033 1036 
7 
629 631 632 1033 1034 1035 1036 
5 
629 630 632 1035 1036 
4 
629 630 631 1036 
3 
634 635 636 
3 
633 635 636 
3 
633 634 636 
3 
633 634 635 
6 
519 520 638 639 640 1866 
5 
445 519 637 639 640 
5 
445 448 637 638 640 
8 
637 638 639 862 1146 1562 1866 1867 
6 
642 643 644 1191 1192 1666 
4 
641 643 644 1191 
3 
641 642 644 
5 
641 642 643 1666 1667 
4 
646 647 648 1817 
8 
21 24 645 647 648 1444 1817 1818 
9 
24 238 645 646 648 1817 1818 1819 1820 
7 
237 238 645 646 647 1817 1820 
4 
650 651 652 776 
6 
649 651 652 677 775 776 
5 
649 650 652 677 680 
3 
649 650 651 
6 
481 484 654 655 656 710 
9 
481 482 483 484 545 653 655 656 1208 
7 
483 484 545 548 653 654 656 
6 
484 653 654 655 710 711 
8 
222 658 659 660 1230 1231 1715 1716 
4 
657 659 660 1715 
3 
657 658 660 
5 
223 657 658 659 1231 
7 
369 370 371 372 662 663 664 
5 
370 371 661 663 664 
4 
371 661 662 664 
5 
371 372 661 662 663 
3 
666 667 668 
4 
377 665 667 668 
5 
377 380 665 666 668 
3 
665 666 667 
6 
62 670 671 672 1445 1448 
7 
669 671 672 1445 1446 1447 1448 
5 
669 670 672 1447 1448 
6 
62 63 669 670 671 1448 
4 
48 674 675 676 
8 
47 48 233 673 675 676 909 912 
8 
233 236 673 674 676 905 912 1134 
5 
673 674 675 1133 1134 
6 
12 650 651 678 679 680 
7 
11 12 677 679 680 1369 1372 
7 
677 678 680 989 990 1290 1372 
7 
651 677 678 679 989 1289 1290 
4 
682 683 684 1524 
6 
681 683 684 1364 1523 1524 
3 
681 682 684 
3 
681 682 683 
3 
686 687 688 
4 
685 687 688 1293 
5 
685 686 688 1293 1296 
3 
685 686 687 
9 
209 210 690 691 692 1733 1734 1735 1736 
6 
210 689 691 692 1734 1735 
5 
211 689 690 692 1735 
8 
211 212 689 690 691 1735 1736 1954 
6 
694 695 696 1648 1939 1940 
9 
345 348 693 695 696 1476 1647 1648 1939 
4 
348 693 694 696 
4 
693 694 695 1190 
5 
29 32 698 699 700 
8 
29 30 31 32 137 697 699 700 
8 
31 32 137 140 697 698 700 1038 
6 
32 697 698 699 1037 1038 
6 
619 702 703 704 943 944 
4 
701 703 704 943 
3 
701 702 704 
3 
701 702 703 
3 
706 707 708 
3 
705 707 708 
3 
705 706 708 
3 
705 706 707 
4 
122 710 711 712 
5 
653 656 709 711 712 
6 
109 110 656 709 710 712 
6 
109 122 123 709 710 711 
11 
113 114 115 116 714 715 716 1093 1096 1630 1631 
11 
114 115 713 715 716 1093 1094 1095 1096 1701 1704 
7 
115 713 714 716 1095 1096 1704 
7 
115 116 713 714 715 1096 1631 
3 
718 719 720 
4 
717 719 720 1728 
3 
717 718 720 
4 
717 718 719 950 
11 
722 723 724 729 730 731 732 917 918 919 920 
7 
721 723 724 730 731 918 919 
5 
721 722 724 731 919 
7 
721 722 723 731 732 919 920 
4 
726 727 728 1996 
5 
725 727 728 1995 1996 
4 
725 726 728 1926 
5 
725 726 727 1925 1926 
6 
721 730 731 732 917 918 
7 
56 721 722 729 731 732 918 
9 
721 722 723 724 729 730 732 918 919 
9 
721 724 729 730 731 917 918 919 920 
3 
734 735 736 
3 
733 735 736 
3 
733 734 736 
4 
338 733 734 735 
5 
454 455 738 739 740 
3 
737 739 740 
3 
737 738 740 
5 
455 737 738 739 1322 
3 
742 743 744 
3 
741 743 744 
3 
741 742 744 
3 
741 742 743 
4 
746 747 748 1481 
5 
745 747 748 1481 1482 
8 
745 746 748 1002 1481 1482 1483 1484 
7 
745 746 747 1001 1002 1481 1484 
4 
750 751 752 1453 
5 
749 751 752 1453 1454 
7 
749 750 752 1453 1454 1455 1456 
5 
749 750 751 1453 1456 
5 
131 754 755 756 1571 
3 
753 755 756 
3 
753 754 756 
3 
753 754 755 
8 
365 366 367 368 758 759 760 1496 
7 
366 367 757 759 760 1495 1496 
4 
367 757 758 760 
5 
367 368 757 758 759 
3 
762 763 764 
3 
761 763 764 
3 
761 762 764 
3 
761 762 763 
3 
766 767 768 
3 
765 767 768 
3 
765 766 768 
3 
765 766 767 
3 
770 771 772 
3 
769 771 772 
5 
429 430 769 770 772 
4 
429 769 770 771 
9 
249 250 251 252 267 268 774 775 776 
6 
250 251 267 773 775 776 
5 
251 650 773 774 776 
7 
251 252 649 650 773 774 775 
3 
778 779 780 
3 
777 779 780 
4 
777 778 780 1989 
3 
777 778 779 
9 
513 514 782 783 784 933 934 935 936 
6 
514 781 783 784 934 935 
7 
514 515 781 782 784 849 935 
9 
513 514 515 516 781 782 783 935 936 
5 
117 118 786 787 788 
4 
118 785 787 788 
5 
118 119 785 786 788 
7 
117 118 119 120 785 786 787 
4 
790 791 792 1703 
3 
789 791 792 
4 
789 790 792 1334 
5 
789 790 791 1333 1334 
5 
187 188 794 795 796 
5 
187 793 795 796 1225 
5 
793 794 796 1225 1228 
3 
793 794 795 
7 
798 799 800 1103 1104 1265 1779 
6 
797 799 800 1103 1265 1266 
8 
797 798 800 1197 1267 1268 1893 1894 
5 
797 798 799 1268 1893 
5 
304 802 803 804 1420 
7 
303 304 801 803 804 1419 1420 
4 
801 802 804 825 
3 
801 802 803 
6 
398 806 807 808 1603 1604 
5 
805 807 808 1100 1603 
3 
805 806 808 
5 
398 399 805 806 807 
5 
810 811 812 1234 1235 
3 
809 811 812 
5 
134 809 810 812 1090 
8 
133 134 809 810 811 1089 1090 1235 
3 
814 815 816 
4 
813 815 816 901 
5 
813 814 816 901 904 
3 
813 814 815 
8 
157 158 159 160 414 818 819 820 
5 
158 159 817 819 820 
4 
159 817 818 820 
7 
159 160 415 817 818 819 1850 
8 
203 822 823 824 876 1021 1024 1689 
12 
821 823 824 875 876 1021 1022 1023 1024 1116 1689 1690 
9 
821 822 824 1023 1024 1689 1690 1691 1692 
6 
821 822 823 1024 1689 1692 
6 
803 826 827 828 1409 1412 
7 
825 827 828 1409 1410 1411 1412 
5 
825 826 828 1411 1412 
4 
825 826 827 1412 
5 
505 508 830 831 832 
8 
505 506 507 508 829 831 832 1680 
5 
507 508 829 830 832 
4 
508 829 830 831 
3 
834 835 836 
3 
833 835 836 
3 
833 834 836 
3 
833 834 835 
6 
55 56 838 839 840 1825 
7 
55 837 839 840 1153 1825 1826 
9 
837 838 840 1153 1156 1825 1826 1827 1828 
5 
837 838 839 1825 1828 
6 
451 842 843 844 1612 1793 
7 
841 843 844 1611 1612 1793 1794 
7 
841 842 844 1793 1794 1795 1796 
5 
841 842 843 1793 1796 
5 
846 847 848 1077 1080 
9 
845 847 848 1077 1078 1079 1080 1845 1948 
7 
845 846 848 1079 1080 1845 1848 
4 
845 846 847 1080 
4 
783 850 851 852 
3 
849 851 852 
4 
849 850 852 1261 
3 
849 850 851 
9 
25 313 854 855 856 877 880 1620 1872 
15 
25 26 313 314 853 855 856 877 878 879 880 1619 1620 1871 1872 
11 
27 28 313 314 315 316 853 854 856 879 880 
7 
28 313 316 853 854 855 880 
5 
858 859 860 1273 1274 
4 
857 859 860 1274 
5 
857 858 860 1274 1275 
7 
857 858 859 1273 1274 1275 1276 
13 
862 863 864 1145 1146 1561 1562 1563 1564 1865 1866 1867 1868 
9 
640 861 863 864 1146 1562 1563 1866 1867 
7 
861 862 864 1146 1147 1563 1867 
11 
861 862 863 1145 1146 1147 1148 1563 1564 1867 1868 
6 
866 867 868 1005 1513 1516 
12 
385 865 867 868 1005 1006 1049 1052 1513 1514 1515 1516 
13 
302 388 865 866 868 1005 1006 1007 1008 1052 1418 1515 1516 
9 
301 302 865 866 867 1005 1008 1417 1516 
7 
870 871 872 913 914 1535 1536 
7 
869 871 872 914 973 1520 1535 
7 
869 870 872 914 915 973 976 
7 
869 870 871 913 914 915 916 
3 
874 875 876 
4 
873 875 876 1113 
8 
822 873 874 876 1021 1022 1113 1116 
6 
821 822 873 874 875 1021 
11 
25 853 854 878 879 880 1579 1619 1620 1871 1872 
9 
25 26 854 877 879 880 1619 1832 1871 
11 
25 26 27 28 313 314 854 855 877 878 880 
10 
25 28 313 853 854 855 856 877 878 879 
7 
882 883 884 969 970 1642 1643 
4 
881 883 884 970 
5 
881 882 884 970 971 
8 
881 882 883 969 970 971 972 1643 
8 
401 404 886 887 888 992 1291 1292 
12 
217 220 401 402 403 404 885 887 888 991 992 1291 
6 
220 403 404 885 886 888 
4 
404 885 886 887 
3 
890 891 892 
3 
889 891 892 
5 
37 38 889 890 892 
4 
37 889 890 891 
3 
894 895 896 
3 
893 895 896 
4 
221 893 894 896 
3 
893 894 895 
3 
898 899 900 
4 
897 899 900 1917 
5 
897 898 900 1917 1920 
3 
897 898 899 
7 
101 104 814 815 902 903 904 
8 
101 102 103 104 357 901 903 904 
7 
103 104 357 360 901 902 904 
5 
104 815 901 902 903 
6 
236 675 906 907 908 1304 
7 
235 236 905 907 908 1303 1304 
3 
905 906 908 
4 
614 905 906 907 
6 
46 47 674 910 911 912 
3 
909 911 912 
6 
234 909 910 912 1301 1302 
8 
47 233 674 675 909 910 911 1301 
7 
869 872 914 915 916 1535 1536 
10 
869 870 871 872 913 915 916 973 1520 1535 
6 
871 872 913 914 916 976 
4 
872 913 914 915 
6 
721 729 732 918 919 920 
9 
721 722 729 730 731 732 917 919 920 
9 
721 722 723 724 731 732 917 918 920 
6 
721 724 732 917 918 919 
7 
922 923 924 1981 1982 1983 1984 
5 
921 923 924 1982 1983 
4 
921 922 924 1983 
5 
921 922 923 1983 1984 
4 
926 927 928 1180 
8 
273 276 925 927 928 953 1179 1180 
6 
276 925 926 928 953 956 
3 
925 926 927 
6 
930 931 932 1407 1408 1650 
4 
929 931 932 1407 
3 
929 930 932 
5 
929 930 931 1650 1651 
4 
781 934 935 936 
5 
781 782 933 935 936 
8 
514 781 782 783 784 933 934 936 
7 
513 514 781 784 933 934 935 
9 
87 88 126 127 330 331 938 939 940 
4 
87 937 939 940 
5 
937 938 940 1545 1546 
8 
127 230 331 937 938 939 1545 1802 
5 
617 618 942 943 944 
4 
618 941 943 944 
7 
618 619 701 702 941 942 944 
8 
617 618 619 620 701 941 942 943 
6 
946 947 948 1249 1250 1806 
4 
945 947 948 1250 
5 
945 946 948 1250 1251 
9 
945 946 947 1249 1250 1251 1252 1806 1807 
5 
950 951 952 1058 1059 
4 
720 949 951 952 
4 
949 950 952 1622 
6 
949 950 951 1059 1621 1622 
10 
275 276 597 926 927 954 955 956 1179 1180 
7 
275 597 598 953 955 956 1179 
5 
599 600 953 954 956 
5 
600 927 953 954 955 
7 
521 522 958 959 960 1581 1584 
8 
522 957 959 960 1581 1582 1583 1584 
7 
522 523 957 958 960 1583 1584 
8 
521 522 523 524 957 958 959 1584 
3 
962 963 964 
3 
961 963 964 
6 
289 290 410 961 962 964 
6 
289 409 410 961 962 963 
3 
966 967 968 
3 
965 967 968 
3 
965 966 968 
3 
965 966 967 
9 
881 884 970 971 972 1641 1642 1643 1644 
9 
881 882 883 884 969 971 972 1642 1643 
6 
883 884 969 970 972 1643 
6 
884 969 970 971 1643 1644 
7 
870 871 914 974 975 976 1520 
4 
973 975 976 1519 
5 
973 974 976 1605 1606 
6 
871 915 973 974 975 1605 
6 
389 978 979 980 1275 1504 
7 
389 390 977 979 980 1503 1504 
7 
389 390 391 392 977 978 980 
5 
389 392 977 978 979 
3 
982 983 984 
3 
981 983 984 
3 
981 982 984 
3 
981 982 983 
3 
986 987 988 
3 
985 987 988 
3 
985 986 988 
3 
985 986 987 
8 
217 679 680 990 991 992 1290 1291 
6 
217 218 679 989 991 992 
10 
217 218 219 220 401 402 886 989 990 992 
9 
217 220 401 885 886 989 990 991 1291 
6 
614 615 994 995 996 1998 
5 
993 995 996 1101 1777 
7 
993 994 996 1101 1104 1777 1780 
6 
615 993 994 995 1998 1999 
8 
998 999 1000 1164 1889 1890 1891 1892 
7 
997 999 1000 1163 1164 1890 1891 
4 
997 998 1000 1891 
5 
997 998 999 1891 1892 
5 
748 1002 1003 1004 1484 
7 
747 748 1001 1003 1004 1483 1484 
3 
1001 1002 1004 
3 
1001 1002 1003 
9 
865 866 867 868 1006 1007 1008 1513 1516 
13 
385 388 866 867 1005 1007 1008 1049 1052 1513 1514 1515 1516 
10 
302 388 867 1005 1006 1008 1052 1418 1515 1516 
10 
301 302 867 868 1005 1006 1007 1417 1418 1516 
5 
1010 1011 1012 1821 1824 
7 
1009 1011 1012 1821 1822 1823 1824 
7 
1009 1010 1012 1769 1770 1823 1824 
5 
1009 1010 1011 1769 1824 
3 
1014 1015 1016 
4 
1013 1015 1016 1316 
3 
1013 1014 1016 
3 
1013 1014 1015 
5 
1018 1019 1020 1054 1055 
3 
1017 1019 1020 
3 
1017 1018 1020 
4 
1017 1018 1019 1055 
7 
821 822 875 876 1022 1023 1024 
6 
822 875 1021 1023 1024 1116 
6 
822 823 1021 1022 1024 1690 
9 
821 822 823 824 1021 1022 1023 1689 1690 
5 
1026 1027 1028 1355 1356 
4 
1025 1027 1028 1355 
4 
1025 1026 1028 1510 
5 
1025 1026 1027 1509 1510 
4 
190 1030 1031 1032 
3 
1029 1031 1032 
4 
1029 1030 1032 1242 
7 
190 191 1029 1030 1031 1241 1242 
5 
629 630 1034 1035 1036 
4 
630 1033 1035 1036 
6 
630 631 1033 1034 1036 1913 
7 
629 630 631 632 1033 1034 1035 
4 
700 1038 1039 1040 
6 
140 699 700 1037 1039 1040 
3 
1037 1038 1040 
3 
1037 1038 1039 
3 
1042 1043 1044 
3 
1041 1043 1044 
3 
1041 1042 1044 
3 
1041 1042 1043 
3 
1046 1047 1048 
3 
1045 1047 1048 
3 
1045 1046 1048 
3 
1045 1046 1047 
11 
385 386 866 1006 1050 1051 1052 1513 1514 1659 1660 
6 
386 1049 1051 1052 1514 1659 
6 
386 387 1049 1050 1052 1515 
13 
385 386 387 388 866 867 1006 1007 1049 1050 1051 1515 1516 
3 
1054 1055 1056 
4 
1017 1053 1055 1056 
5 
1017 1020 1053 1054 1056 
4 
1053 1054 1055 1182 
7 
1058 1059 1060 1365 1366 1367 1368 
6 
949 1057 1059 1060 1366 1367 
6 
949 952 1057 1058 1060 1367 
5 
1057 1058 1059 1367 1368 
5 
1062 1063 1064 1962 1963 
5 
1061 1063 1064 1637 1640 
4 
1061 1062 1064 1640 
5 
354 1061 1062 1063 1963 
3 
1066 1067 1068 
4 
1065 1067 1068 1313 
5 
1065 1066 1068 1313 1316 
3 
1065 1066 1067 
6 
1070 1071 1072 1258 1348 1750 
7 
105 108 1069 1071 1072 1347 1348 
4 
108 1069 1070 1072 
7 
1069 1070 1071 1258 1259 1750 1751 
3 
1074 1075 1076 
4 
1073 1075 1076 1532 
3 
1073 1074 1076 
3 
1073 1074 1075 
7 
845 846 1078 1079 1080 1845 1948 
8 
846 1077 1079 1080 1845 1846 1947 1948 
9 
846 847 1077 1078 1080 1845 1846 1847 1848 
9 
845 846 847 848 1077 1078 1079 1845 1848 
4 
1082 1083 1084 1358 
3 
1081 1083 1084 
3 
1081 1082 1084 
4 
1081 1082 1083 1359 
3 
1086 1087 1088 
3 
1085 1087 1088 
3 
1085 1086 1088 
3 
1085 1086 1087 
8 
133 134 135 136 812 1090 1091 1092 
7 
134 135 811 812 1089 1091 1092 
8 
135 557 558 1089 1090 1092 1717 1718 
7 
135 136 557 1089 1090 1091 1717 
10 
113 114 713 714 1094 1095 1096 1630 1919 1920 
7 
114 714 1093 1095 1096 1701 1919 
9 
114 115 714 715 1093 1094 1096 1701 1704 
13 
113 114 115 116 713 714 715 716 1093 1094 1095 1630 1631 
5 
1098 1099 1100 1587 1588 
4 
1097 1099 1100 1587 
3 
1097 1098 1100 
4 
806 1097 1098 1099 
9 
994 995 1102 1103 1104 1777 1778 1779 1780 
7 
153 156 1101 1103 1104 1778 1779 
8 
156 797 798 1101 1102 1104 1265 1779 
7 
797 995 1101 1102 1103 1779 1780 
4 
1106 1107 1108 1855 
3 
1105 1107 1108 
3 
1105 1106 1108 
3 
1105 1106 1107 
5 
1110 1111 1112 1770 1771 
4 
149 1109 1111 1112 
5 
149 152 1109 1110 1112 
4 
1109 1110 1111 1771 
5 
874 875 1114 1115 1116 
4 
512 1113 1115 1116 
4 
621 1113 1114 1116 
6 
822 875 1022 1113 1114 1115 
5 
1118 1119 1120 1789 1790 
4 
1117 1119 1120 1790 
5 
1117 1118 1120 1790 1791 
7 
1117 1118 1119 1789 1790 1791 1792 
3 
1122 1123 1124 
4 
1121 1123 1124 1776 
3 
1121 1122 1124 
3 
1121 1122 1123 
5 
437 440 1126 1127 1128 
7 
437 438 439 440 1125 1127 1128 
6 
439 440 1125 1126 1128 1282 
6 
440 1125 1126 1127 1281 1282 
6 
1130 1131 1132 1221 1222 1995 
4 
1129 1131 1132 1222 
7 
1129 1130 1132 1222 1223 1709 1710 
8 
1129 1130 1131 1221 1222 1223 1224 1709 
4 
676 1134 1135 1136 
5 
675 676 1133 1135 1136 
5 
613 614 1133 1134 1136 
4 
613 1133 1134 1135 
3 
1138 1139 1140 
5 
1137 1139 1140 1949 1952 
4 
1137 1138 1140 1952 
3 
1137 1138 1139 
5 
74 75 1142 1143 1144 
3 
1141 1143 1144 
3 
1141 1142 1144 
4 
75 1141 1142 1143 
9 
861 864 1146 1147 1148 1561 1564 1867 1868 
13 
640 861 862 863 864 1145 1147 1148 1561 1562 1563 1564 1867 
7 
863 864 1145 1146 1148 1563 1564 
5 
864 1145 1146 1147 1564 
4 
40 1150 1151 1152 
5 
39 40 1149 1151 1152 
3 
1149 1150 1152 
3 
1149 1150 1151 
7 
838 839 1154 1155 1156 1825 1826 
6 
565 568 1153 1155 1156 1826 
7 
568 589 1153 1154 1156 1826 1827 
8 
839 1153 1154 1155 1825 1826 1827 1828 
3 
1158 1159 1160 
3 
1157 1159 1160 
3 
1157 1158 1160 
3 
1157 1158 1159 
7 
199 200 1162 1163 1164 1889 1890 
5 
199 1161 1163 1164 1890 
6 
998 1161 1162 1164 1890 1891 
9 
997 998 1161 1162 1163 1889 1890 1891 1892 
5 
264 1166 1167 1168 1404 
7 
263 264 1165 1167 1168 1403 1404 
3 
1165 1166 1168 
3 
1165 1166 1167 
3 
1170 1171 1172 
3 
1169 1171 1172 
3 
1169 1170 1172 
3 
1169 1170 1171 
7 
1174 1175 1176 1605 1606 1607 1608 
7 
1173 1175 1176 1425 1428 1606 1607 
5 
1173 1174 1176 1428 1607 
5 
1173 1174 1175 1607 1608 
4 
273 1178 1179 1180 
6 
60 273 274 1177 1179 1180 
11 
273 274 275 276 597 926 953 954 1177 1178 1180 
8 
273 276 925 926 953 1177 1178 1179 
8 
1182 1183 1184 1395 1396 1737 1755 1756 
8 
1056 1181 1183 1184 1395 1737 1738 1755 
7 
1181 1182 1184 1737 1738 1739 1740 
5 
1181 1182 1183 1737 1740 
8 
1186 1187 1188 1497 1498 1499 1500 1525 
7 
1185 1187 1188 1498 1499 1525 1526 
8 
1185 1186 1188 1499 1525 1526 1527 1528 
7 
1185 1186 1187 1499 1500 1525 1528 
4 
1190 1191 1192 1210 
4 
696 1189 1191 1192 
5 
641 642 1189 1190 1192 
7 
641 1189 1190 1191 1210 1211 1666 
3 
1194 1195 1196 
3 
1193 1195 1196 
3 
1193 1194 1196 
3 
1193 1194 1195 
8 
799 1198 1199 1200 1267 1268 1893 1894 
5 
1197 1199 1200 1267 1894 
5 
1197 1198 1200 1894 1895 
7 
1197 1198 1199 1893 1894 1895 1896 
5 
1202 1203 1204 1798 1799 
3 
1201 1203 1204 
3 
1201 1202 1204 
4 
1201 1202 1203 1799 
4 
482 1206 1207 1208 
3 
1205 1207 1208 
4 
546 1205 1206 1208 
8 
482 483 545 546 654 1205 1206 1207 
5 
1210 1211 1212 1903 1904 
6 
1189 1192 1209 1211 1212 1903 
6 
1192 1209 1210 1212 1665 1666 
4 
1209 1210 1211 1665 
3 
1214 1215 1216 
3 
1213 1215 1216 
4 
129 1213 1214 1216 
3 
1213 1214 1215 
7 
17 20 1218 1219 1220 1831 1832 
8 
17 18 19 20 1217 1219 1220 1831 
5 
19 20 1217 1218 1220 
5 
20 26 1217 1218 1219 
6 
1129 1132 1222 1223 1224 1995 
8 
1129 1130 1131 1132 1221 1223 1224 1709 
7 
1131 1132 1221 1222 1224 1709 1712 
4 
1132 1221 1222 1223 
5 
794 795 1226 1227 1228 
6 
473 476 1225 1227 1228 1877 
6 
476 1225 1226 1228 1877 1880 
4 
795 1225 1226 1227 
5 
221 222 1230 1231 1232 
6 
222 657 1229 1231 1232 1716 
7 
222 223 657 660 1229 1230 1232 
7 
221 222 223 224 1229 1230 1231 
4 
244 1234 1235 1236 
6 
243 244 809 1233 1235 1236 
5 
809 812 1233 1234 1236 
3 
1233 1234 1235 
3 
1238 1239 1240 
3 
1237 1239 1240 
4 
1237 1238 1240 1901 
3 
1237 1238 1239 
5 
191 1032 1242 1243 1244 
5 
1031 1032 1241 1243 1244 
3 
1241 1242 1244 
3 
1241 1242 1243 
5 
1246 1247 1248 1302 1303 
3 
1245 1247 1248 
3 
1245 1246 1248 
4 
1245 1246 1247 1303 
7 
945 948 1250 1251 1252 1805 1806 
8 
945 946 947 948 1249 1251 1252 1806 
8 
947 948 1249 1250 1252 1585 1806 1807 
8 
948 1249 1250 1251 1805 1806 1807 1808 
5 
1254 1255 1256 1622 1623 
3 
1253 1255 1256 
3 
1253 1254 1256 
4 
1253 1254 1255 1623 
5 
1258 1259 1260 1749 1752 
10 
1069 1072 1257 1259 1260 1348 1749 1750 1751 1752 
6 
1072 1257 1258 1260 1751 1752 
4 
1257 1258 1259 1752 
4 
851 1262 1263 1264 
3 
1261 1263 1264 
3 
1261 1262 1264 
4 
294 1261 1262 1263 
8 
156 797 798 1103 1266 1267 1268 1779 
6 
155 156 798 1265 1267 1268 
8 
799 1197 1198 1265 1266 1268 1893 1894 
7 
799 800 1197 1265 1266 1267 1893 
8 
477 591 592 1270 1271 1272 1320 1672 
10 
477 478 591 1269 1271 1272 1319 1320 1671 1672 
9 
477 478 479 480 1269 1270 1272 1733 1734 
7 
42 477 480 1269 1270 1271 1733 
5 
857 860 1274 1275 1276 
7 
857 858 859 860 1273 1275 1276 
6 
859 860 977 1273 1274 1276 
4 
860 1273 1274 1275 
11 
178 179 457 458 459 460 1278 1279 1280 1909 1910 
6 
458 459 1277 1279 1280 1910 
7 
459 1277 1278 1280 1905 1910 1911 
10 
179 459 460 1277 1278 1279 1909 1910 1911 1912 
5 
440 1128 1282 1283 1284 
7 
439 440 1127 1128 1281 1283 1284 
3 
1281 1282 1284 
3 
1281 1282 1283 
7 
49 50 51 52 1286 1287 1288 
5 
50 51 1285 1287 1288 
4 
51 1285 1286 1288 
5 
51 52 1285 1286 1287 
4 
680 1290 1291 1292 
7 
217 679 680 989 1289 1291 1292 
10 
217 220 401 885 886 989 992 1289 1290 1292 
4 
885 1289 1290 1291 
5 
686 687 1294 1295 1296 
4 
564 1293 1295 1296 
3 
1293 1294 1296 
4 
687 1293 1294 1295 
7 
1298 1299 1300 1477 1809 1810 1943 
6 
1297 1299 1300 1477 1478 1810 
9 
1297 1298 1300 1477 1478 1479 1480 1810 1811 
9 
1297 1298 1299 1477 1480 1809 1810 1811 1812 
7 
233 234 911 912 1302 1303 1304 
6 
234 911 1245 1301 1303 1304 
8 
234 235 906 1245 1248 1301 1302 1304 
9 
233 234 235 236 905 906 1301 1302 1303 
7 
1306 1307 1308 1741 1742 1813 1816 
9 
1305 1307 1308 1461 1742 1813 1814 1815 1816 
9 
1305 1306 1308 1461 1464 1742 1743 1815 1816 
8 
1305 1306 1307 1741 1742 1743 1744 1816 
3 
1310 1311 1312 
3 
1309 1311 1312 
3 
1309 1310 1312 
3 
1309 1310 1311 
5 
1066 1067 1314 1315 1316 
3 
1313 1315 1316 
3 
1313 1314 1316 
5 
1014 1067 1313 1314 1315 
7 
567 590 1318 1319 1320 1669 1670 
4 
1317 1319 1320 1670 
6 
1270 1317 1318 1320 1670 1671 
11 
590 591 1269 1270 1317 1318 1319 1669 1670 1671 1672 
5 
1322 1323 1324 1609 1610 
5 
740 1321 1323 1324 1610 
5 
1321 1322 1324 1610 1611 
7 
1321 1322 1323 1609 1610 1611 1612 
4 
327 1326 1327 1328 
3 
1325 1327 1328 
4 
1325 1326 1328 1437 
3 
1325 1326 1327 
3 
1330 1331 1332 
3 
1329 1331 1332 
3 
1329 1330 1332 
3 
1329 1330 1331 
4 
792 1334 1335 1336 
5 
791 792 1333 1335 1336 
3 
1333 1334 1336 
3 
1333 1334 1335 
3 
1338 1339 1340 
3 
1337 1339 1340 
3 
1337 1338 1340 
3 
1337 1338 1339 
8 
353 356 580 1342 1343 1344 1551 1552 
10 
353 354 355 356 579 580 1341 1343 1344 1551 
5 
355 356 1341 1342 1344 
5 
356 1341 1342 1343 1586 
4 
105 1346 1347 1348 
6 
105 106 1345 1347 1348 1929 
10 
105 106 107 108 1070 1345 1346 1348 1929 1932 
9 
105 108 1069 1070 1258 1345 1346 1347 1750 
3 
1350 1351 1352 
3 
1349 1351 1352 
4 
1349 1350 1352 1429 
4 
474 1349 1350 1351 
3 
1354 1355 1356 
3 
1353 1355 1356 
5 
1025 1026 1353 1354 1356 
4 
1025 1353 1354 1355 
3 
1358 1359 1360 
4 
1081 1357 1359 1360 
4 
1084 1357 1358 1360 
3 
1357 1358 1359 
5 
1362 1363 1364 1521 1522 
5 
44 1361 1363 1364 1522 
6 
1361 1362 1364 1522 1523 1953 
8 
682 1361 1362 1363 1521 1522 1523 1524 
4 
1057 1366 1367 1368 
5 
1057 1058 1365 1367 1368 
7 
1057 1058 1059 1060 1365 1366 1368 
5 
1057 1060 1365 1366 1367 
8 
9 10 11 12 678 1370 1371 1372 
5 
10 11 1369 1371 1372 
4 
11 1369 1370 1372 
7 
11 12 678 679 1369 1370 1371 
8 
442 443 1374 1375 1376 1435 1541 1542 
4 
1373 1375 1376 1542 
7 
197 198 1373 1374 1376 1542 1543 
9 
197 443 1373 1374 1375 1541 1542 1543 1544 
3 
1378 1379 1380 
4 
1377 1379 1380 1568 
4 
1377 1378 1380 1986 
6 
1377 1378 1379 1766 1985 1986 
3 
1382 1383 1384 
5 
1381 1383 1384 1593 1596 
5 
405 1381 1382 1384 1596 
3 
1381 1382 1383 
11 
65 66 1386 1387 1388 1613 1614 1615 1616 1785 1788 
10 
66 1385 1387 1388 1614 1615 1785 1786 1787 1788 
7 
67 1385 1386 1388 1615 1787 1788 
8 
67 68 1385 1386 1387 1615 1616 1788 
3 
1390 1391 1392 
3 
1389 1391 1392 
3 
1389 1390 1392 
3 
1389 1390 1391 
11 
1394 1395 1396 1537 1538 1539 1540 1753 1754 1755 1756 
7 
1393 1395 1396 1538 1539 1754 1755 
7 
1181 1182 1393 1394 1396 1539 1755 
8 
1181 1393 1394 1395 1539 1540 1755 1756 
3 
1398 1399 1400 
3 
1397 1399 1400 
4 
1397 1398 1400 1874 
5 
1397 1398 1399 1873 1874 
5 
261 262 1402 1403 1404 
5 
262 1401 1403 1404 1616 
6 
262 263 1166 1401 1402 1404 
9 
261 262 263 264 1165 1166 1401 1402 1403 
6 
539 540 1406 1407 1408 1836 
6 
539 1405 1407 1408 1835 1836 
5 
929 930 1405 1406 1408 
5 
929 1405 1406 1407 1650 
5 
825 826 1410 1411 1412 
5 
569 826 1409 1411 1412 
7 
569 572 826 827 1409 1410 1412 
7 
825 826 827 828 1409 1410 1411 
3 
1414 1415 1416 
3 
1413 1415 1416 
4 
426 1413 1414 1416 
5 
425 426 1413 1414 1415 
7 
301 302 868 1008 1418 1419 1420 
8 
302 388 867 1007 1008 1417 1419 1420 
6 
302 303 802 1417 1418 1420 
9 
301 302 303 304 801 802 1417 1418 1419 
3 
1422 1423 1424 
3 
1421 1423 1424 
4 
166 1421 1422 1424 
6 
165 166 1421 1422 1423 1590 
4 
1174 1426 1427 1428 
3 
1425 1427 1428 
3 
1425 1426 1428 
5 
1174 1175 1425 1426 1427 
4 
1351 1430 1431 1432 
3 
1429 1431 1432 
3 
1429 1430 1432 
3 
1429 1430 1431 
4 
441 1434 1435 1436 
6 
441 442 1433 1435 1436 1460 
9 
441 442 443 444 1373 1433 1434 1436 1541 
5 
441 444 1433 1434 1435 
4 
1327 1438 1439 1440 
3 
1437 1439 1440 
3 
1437 1438 1440 
3 
1437 1438 1439 
5 
21 1442 1443 1444 1528 
7 
21 22 1441 1443 1444 1527 1528 
7 
21 22 23 24 1441 1442 1444 
7 
21 24 646 1441 1442 1443 1818 
5 
669 670 1446 1447 1448 
4 
670 1445 1447 1448 
5 
670 671 1445 1446 1448 
7 
669 670 671 672 1445 1446 1447 
5 
14 292 1450 1451 1452 
5 
291 292 1449 1451 1452 
3 
1449 1450 1452 
5 
14 15 1449 1450 1451 
7 
749 750 751 752 1454 1455 1456 
5 
750 751 1453 1455 1456 
6 
751 1453 1454 1456 1961 1962 
6 
751 752 1453 1454 1455 1961 
4 
1458 1459 1460 1956 
5 
1457 1459 1460 1955 1956 
3 
1457 1458 1460 
5 
442 1434 1457 1458 1459 
11 
1306 1307 1462 1463 1464 1577 1742 1813 1814 1815 1816 
9 
1461 1463 1464 1577 1578 1617 1814 1815 1869 
10 
1461 1462 1464 1579 1580 1617 1620 1815 1869 1872 
8 
1307 1461 1462 1463 1580 1743 1815 1816 
3 
1466 1467 1468 
3 
1465 1467 1468 
3 
1465 1466 1468 
4 
146 1465 1466 1467 
5 
1470 1471 1472 1501 1502 
4 
1469 1471 1472 1502 
5 
1469 1470 1472 1502 1503 
7 
1469 1470 1471 1501 1502 1503 1504 
10 
345 1474 1475 1476 1645 1646 1647 1648 1938 1939 
7 
345 346 1473 1475 1476 1646 1647 
8 
345 346 347 348 1473 1474 1476 1647 
9 
345 348 694 1473 1474 1475 1647 1648 1939 
9 
1297 1298 1299 1300 1478 1479 1480 1810 1811 
5 
1298 1299 1477 1479 1480 
4 
1299 1477 1478 1480 
6 
1299 1300 1477 1478 1479 1811 
7 
745 746 747 748 1482 1483 1484 
5 
746 747 1481 1483 1484 
5 
747 1002 1481 1482 1484 
7 
747 748 1001 1002 1481 1482 1483 
4 
427 1486 1487 1488 
3 
1485 1487 1488 
3 
1485 1486 1488 
3 
1485 1486 1487 
3 
1490 1491 1492 
3 
1489 1491 1492 
3 
1489 1490 1492 
3 
1489 1490 1491 
5 
365 366 1494 1495 1496 
4 
366 1493 1495 1496 
6 
366 367 758 1493 1494 1496 
9 
365 366 367 368 757 758 1493 1494 1495 
5 
1185 1498 1499 1500 1560 
7 
1185 1186 1497 1499 1500 1559 1560 
9 
1185 1186 1187 1188 1497 1498 1500 1525 1526 
6 
1185 1188 1497 1498 1499 1525 
5 
1469 1472 1502 1503 1504 
7 
1469 1470 1471 1472 1501 1503 1504 
6 
978 1471 1472 1501 1502 1504 
6 
977 978 1472 1501 1502 1503 
4 
161 1506 1507 1508 
7 
97 161 162 1505 1507 1508 1676 
8 
100 161 162 163 164 1505 1506 1508 
5 
161 164 1505 1506 1507 
4 
1028 1510 1511 1512 
5 
1027 1028 1509 1511 1512 
3 
1509 1510 1512 
3 
1509 1510 1511 
10 
385 865 866 1005 1006 1049 1514 1515 1516 1660 
11 
385 386 866 1006 1049 1050 1513 1515 1516 1659 1660 
13 
385 386 387 388 866 867 1006 1007 1051 1052 1513 1514 1516 
14 
385 388 865 866 867 868 1005 1006 1007 1008 1052 1513 1514 1515 
5 
13 16 1518 1519 1520 
7 
13 14 15 16 1517 1519 1520 
6 
15 16 974 1517 1518 1520 
7 
16 870 914 973 1517 1518 1519 
5 
1361 1364 1522 1523 1524 
8 
44 1361 1362 1363 1364 1521 1523 1524 
6 
682 1363 1364 1521 1522 1524 
6 
681 682 1364 1521 1522 1523 
9 
1185 1186 1187 1188 1499 1500 1526 1527 1528 
6 
1186 1187 1499 1525 1527 1528 
5 
1187 1442 1525 1526 1528 
7 
1187 1188 1441 1442 1525 1526 1527 
3 
1530 1531 1532 
3 
1529 1531 1532 
3 
1529 1530 1532 
4 
1074 1529 1530 1531 
3 
1534 1535 1536 
3 
1533 1535 1536 
7 
869 870 913 914 1533 1534 1536 
5 
869 913 1533 1534 1535 
7 
1393 1538 1539 1540 1753 1987 1988 
8 
1393 1394 1537 1539 1540 1753 1754 1987 
11 
1393 1394 1395 1396 1537 1538 1540 1753 1754 1755 1756 
7 
1393 1396 1537 1538 1539 1753 1756 
8 
443 444 1373 1376 1435 1542 1543 1544 
8 
443 1373 1374 1375 1376 1541 1543 1544 
7 
197 198 1375 1376 1541 1542 1544 
5 
197 1376 1541 1542 1543 
5 
939 940 1546 1547 1548 
4 
939 1545 1547 1548 
3 
1545 1546 1548 
3 
1545 1546 1547 
4 
577 1550 1551 1552 
7 
577 578 1549 1551 1552 1961 1964 
12 
353 354 577 578 579 580 1341 1342 1549 1550 1552 1964 
7 
353 577 580 1341 1549 1550 1551 
5 
3 4 1554 1555 1556 
6 
3 121 124 1553 1555 1556 
6 
124 418 1553 1554 1556 1862 
7 
417 418 1553 1554 1555 1861 1862 
3 
1558 1559 1560 
3 
1557 1559 1560 
4 
1498 1557 1558 1560 
5 
1497 1498 1557 1558 1559 
10 
861 1145 1146 1562 1563 1564 1865 1866 1867 1868 
9 
640 861 862 1146 1561 1563 1564 1866 1867 
10 
861 862 863 864 1146 1147 1561 1562 1564 1867 
11 
861 864 1145 1146 1147 1148 1561 1562 1563 1867 1868 
3 
1566 1567 1568 
3 
1565 1567 1568 
3 
1565 1566 1568 
4 
1378 1565 1566 1567 
7 
129 130 131 132 1570 1571 1572 
5 
130 131 1569 1571 1572 
5 
131 753 1569 1570 1572 
5 
131 132 1569 1570 1571 
3 
1574 1575 1576 
3 
1573 1575 1576 
3 
1573 1574 1576 
3 
1573 1574 1575 
9 
1461 1462 1578 1579 1580 1617 1814 1815 1869 
9 
1462 1577 1579 1580 1617 1618 1869 1870 1976 
13 
877 1463 1577 1578 1580 1617 1618 1619 1620 1869 1870 1871 1872 
10 
1463 1464 1577 1578 1579 1617 1620 1815 1869 1872 
6 
522 957 958 1582 1583 1584 
4 
958 1581 1583 1584 
5 
958 959 1581 1582 1584 
9 
522 523 957 958 959 960 1581 1582 1583 
4 
1251 1586 1587 1588 
4 
1344 1585 1587 1588 
5 
1097 1098 1585 1586 1588 
5 
1097 1585 1586 1587 1602 
6 
165 168 351 1590 1591 1592 
8 
165 166 167 168 1424 1589 1591 1592 
5 
167 168 1589 1590 1592 
4 
168 1589 1590 1591 
5 
492 1382 1594 1595 1596 
5 
491 492 1593 1595 1596 
4 
406 1593 1594 1596 
7 
405 406 1382 1383 1593 1594 1595 
3 
1598 1599 1600 
3 
1597 1599 1600 
5 
541 542 1597 1598 1600 
4 
541 1597 1598 1599 
3 
1602 1603 1604 
4 
1588 1601 1603 1604 
6 
398 805 806 1601 1602 1604 
6 
397 398 805 1601 1602 1603 
6 
975 976 1173 1606 1607 1608 
6 
975 1173 1174 1605 1607 1608 
7 
1173 1174 1175 1176 1605 1606 1608 
5 
1173 1176 1605 1606 1607 
6 
450 1321 1324 1610 1611 1612 
7 
1321 1322 1323 1324 1609 1611 1612 
6 
842 1323 1324 1609 1610 1612 
7 
451 841 842 1324 1609 1610 1611 
5 
65 1385 1614 1615 1616 
8 
65 66 1385 1386 1613 1615 1616 1785 
12 
65 66 67 68 1385 1386 1387 1388 1613 1614 1616 1788 
8 
65 68 1385 1388 1402 1613 1614 1615 
11 
1462 1463 1577 1578 1579 1580 1618 1619 1620 1869 1872 
12 
1578 1579 1617 1619 1620 1764 1829 1832 1869 1870 1871 1872 
12 
25 26 854 877 878 1579 1617 1618 1620 1832 1871 1872 
11 
25 853 854 877 1463 1579 1580 1617 1618 1619 1872 
4 
952 1622 1623 1624 
6 
951 952 1253 1621 1623 1624 
5 
1253 1256 1621 1622 1624 
3 
1621 1622 1623 
7 
214 246 495 496 1626 1627 1628 
4 
495 1625 1627 1628 
3 
1625 1626 1628 
7 
214 215 246 247 1625 1626 1627 
4 
113 1630 1631 1632 
9 
113 114 713 1093 1096 1629 1631 1632 1920 
10 
113 114 115 116 713 716 1096 1629 1630 1632 
5 
113 116 1629 1630 1631 
6 
23 1634 1635 1636 1649 1652 
7 
1633 1635 1636 1649 1650 1651 1652 
6 
1633 1634 1636 1651 1652 1946 
6 
1633 1634 1635 1652 1945 1946 
4 
1062 1638 1639 1640 
4 
609 1637 1639 1640 
5 
609 612 1637 1638 1640 
5 
1062 1063 1637 1638 1639 
4 
969 1642 1643 1644 
6 
881 969 970 1641 1643 1644 
9 
881 884 969 970 971 972 1641 1642 1644 
5 
969 972 1641 1642 1643 
6 
345 1473 1646 1647 1648 1938 
7 
345 346 1473 1474 1645 1647 1648 
12 
345 346 347 348 694 1473 1474 1475 1476 1645 1646 1648 
10 
345 348 693 694 1473 1476 1645 1646 1647 1939 
5 
1633 1634 1650 1651 1652 
7 
929 932 1408 1634 1649 1651 1652 
6 
932 1634 1635 1649 1650 1652 
7 
1633 1634 1635 1636 1649 1650 1651 
5 
286 287 1654 1655 1656 
3 
1653 1655 1656 
5 
1653 1654 1656 1761 1974 
6 
287 1653 1654 1655 1973 1974 
3 
1658 1659 1660 
3 
1657 1659 1660 
6 
1049 1050 1514 1657 1658 1660 
6 
1049 1513 1514 1657 1658 1659 
5 
576 1662 1663 1664 1838 
5 
73 575 1661 1663 1664 
5 
73 76 1661 1662 1664 
5 
1661 1662 1663 1838 1839 
5 
1211 1212 1666 1667 1668 
7 
641 644 1192 1211 1665 1667 1668 
4 
644 1665 1666 1668 
3 
1665 1666 1667 
6 
590 1317 1320 1670 1671 1672 
7 
1317 1318 1319 1320 1669 1671 1672 
6 
1270 1319 1320 1669 1670 1672 
7 
591 1269 1270 1320 1669 1670 1671 
5 
227 228 1674 1675 1676 
4 
227 1673 1675 1676 
5 
98 162 1673 1674 1676 
8 
97 98 161 162 1506 1673 1674 1675 
5 
505 506 1678 1679 1680 
4 
506 1677 1679 1680 
5 
506 507 1677 1678 1680 
8 
505 506 507 508 830 1677 1678 1679 
8 
102 103 357 358 1682 1683 1684 1857 
6 
358 1681 1683 1684 1857 1858 
10 
86 358 359 1681 1682 1684 1857 1858 1859 1860 
12 
85 86 103 357 358 359 360 1681 1682 1683 1857 1860 
3 
1686 1687 1688 
4 
205 1685 1687 1688 
5 
205 208 1685 1686 1688 
3 
1685 1686 1687 
8 
821 822 823 824 1024 1690 1691 1692 
7 
822 823 1023 1024 1689 1691 1692 
4 
823 1689 1690 1692 
5 
823 824 1689 1690 1691 
4 
434 1694 1695 1696 
3 
1693 1695 1696 
3 
1693 1694 1696 
5 
434 435 1693 1694 1695 
7 
501 502 503 504 1698 1699 1700 
5 
502 503 1697 1699 1700 
4 
503 1697 1698 1700 
5 
503 504 1697 1698 1699 
8 
114 115 714 1094 1095 1702 1703 1704 
3 
1701 1703 1704 
4 
789 1701 1702 1704 
7 
115 714 715 1095 1701 1702 1703 
3 
1706 1707 1708 
5 
189 192 1705 1707 1708 
5 
192 470 1705 1706 1708 
5 
469 470 1705 1706 1707 
7 
1131 1132 1222 1223 1710 1711 1712 
4 
1131 1709 1711 1712 
3 
1709 1710 1712 
4 
1223 1709 1710 1711 
3 
1714 1715 1716 
3 
1713 1715 1716 
5 
657 658 1713 1714 1716 
6 
222 657 1230 1713 1714 1715 
11 
135 136 557 558 559 560 1091 1092 1718 1719 1720 
7 
135 558 559 1091 1717 1719 1720 
4 
559 1717 1718 1720 
5 
559 560 1717 1718 1719 
3 
1722 1723 1724 
3 
1721 1723 1724 
4 
526 1721 1722 1724 
5 
525 526 1721 1722 1723 
5 
63 381 1726 1727 1728 
5 
381 382 1725 1727 1728 
7 
381 382 383 384 1725 1726 1728 
6 
381 384 718 1725 1726 1727 
3 
1730 1731 1732 
3 
1729 1731 1732 
4 
1729 1730 1732 1942 
5 
1729 1730 1731 1941 1942 
9 
209 210 480 689 1271 1272 1734 1735 1736 
9 
210 479 480 689 690 1271 1733 1735 1736 
9 
210 211 689 690 691 692 1733 1734 1736 
10 
209 210 211 212 689 692 1733 1734 1735 1954 
7 
1181 1182 1183 1184 1738 1739 1740 
5 
1182 1183 1737 1739 1740 
5 
189 1183 1737 1738 1740 
5 
1183 1184 1737 1738 1739 
5 
1305 1308 1742 1743 1744 
10 
1305 1306 1307 1308 1461 1741 1743 1744 1813 1816 
7 
1307 1308 1464 1741 1742 1744 1816 
4 
1308 1741 1742 1743 
3 
1746 1747 1748 
3 
1745 1747 1748 
3 
1745 1746 1748 
3 
1745 1746 1747 
5 
1257 1258 1750 1751 1752 
7 
1069 1072 1258 1348 1749 1751 1752 
6 
1072 1258 1259 1749 1750 1752 
7 
1257 1258 1259 1260 1749 1750 1751 
8 
1393 1537 1538 1539 1540 1754 1755 1756 
7 
1393 1394 1538 1539 1753 1755 1756 
10 
1181 1182 1393 1394 1395 1396 1539 1753 1754 1756 
8 
1181 1393 1396 1539 1540 1753 1754 1755 
5 
449 452 1758 1759 1760 
7 
449 450 451 452 1757 1759 1760 
5 
451 452 1757 1758 1760 
4 
452 1757 1758 1759 
7 
1655 1762 1763 1764 1829 1974 1975 
7 
433 436 1761 1763 1764 1829 1830 
9 
17 436 1761 1762 1764 1829 1830 1831 1832 
8 
1618 1761 1762 1763 1829 1832 1870 1975 
3 
1766 1767 1768 
5 
1380 1765 1767 1768 1985 
5 
1765 1766 1768 1985 1988 
3 
1765 1766 1767 
5 
1011 1012 1770 1771 1772 
5 
1011 1109 1769 1771 1772 
5 
1109 1112 1769 1770 1772 
3 
1769 1770 1771 
4 
1774 1775 1776 1931 
3 
1773 1775 1776 
3 
1773 1774 1776 
4 
1122 1773 1774 1775 
6 
994 995 1101 1778 1779 1780 
7 
153 156 1101 1102 1777 1779 1780 
10 
156 797 1101 1102 1103 1104 1265 1777 1778 1780 
7 
606 995 1101 1104 1777 1778 1779 
3 
1782 1783 1784 
3 
1781 1783 1784 
3 
1781 1782 1784 
3 
1781 1782 1783 
7 
66 1385 1386 1614 1786 1787 1788 
4 
1386 1785 1787 1788 
5 
1386 1387 1785 1786 1788 
10 
66 67 1385 1386 1387 1388 1615 1785 1786 1787 
5 
1117 1120 1790 1791 1792 
7 
1117 1118 1119 1120 1789 1791 1792 
5 
1119 1120 1789 1790 1792 
4 
1120 1789 1790 1791 
7 
841 842 843 844 1794 1795 1796 
5 
842 843 1793 1795 1796 
6 
145 146 843 1793 1794 1796 
6 
145 843 844 1793 1794 1795 
3 
1798 1799 1800 
4 
1201 1797 1799 1800 
5 
1201 1204 1797 1798 1800 
3 
1797 1798 1799 
7 
229 230 231 232 1802 1803 1804 
6 
230 231 940 1801 1803 1804 
4 
231 1801 1802 1804 
6 
231 232 1801 1802 1803 1934 
5 
1249 1252 1806 1807 1808 
9 
945 948 1249 1250 1251 1252 1805 1807 1808 
6 
948 1251 1252 1805 1806 1808 
4 
1252 1805 1806 1807 
6 
1297 1300 1810 1811 1812 1943 
8 
1297 1298 1299 1300 1477 1809 1811 1812 
7 
1299 1300 1477 1480 1809 1810 1812 
4 
1300 1809 1810 1811 
7 
1305 1306 1461 1742 1814 1815 1816 
7 
1306 1461 1462 1577 1813 1815 1816 
11 
1306 1307 1461 1462 1463 1464 1577 1580 1813 1814 1816 
11 
1305 1306 1307 1308 1461 1464 1742 1743 1813 1814 1815 
7 
645 646 647 648 1818 1819 1820 
8 
21 24 646 647 1444 1817 1819 1820 
5 
24 647 1817 1818 1820 
6 
238 647 648 1817 1818 1819 
5 
1009 1010 1822 1823 1824 
4 
1010 1821 1823 1824 
5 
1010 1011 1821 1822 1824 
7 
1009 1010 1011 1012 1821 1822 1823 
10 
55 837 838 839 840 1153 1156 1826 1827 1828 
9 
838 839 1153 1154 1155 1156 1825 1827 1828 
6 
839 1155 1156 1825 1826 1828 
6 
839 840 1156 1825 1826 1827 
11 
436 1618 1761 1762 1763 1764 1830 1831 1832 1870 1975 
8 
17 435 436 1762 1763 1829 1831 1832 
8 
17 20 1217 1218 1763 1829 1830 1832 
11 
878 1217 1618 1619 1763 1764 1829 1830 1831 1870 1871 
7 
537 538 539 540 1834 1835 1836 
5 
538 539 1833 1835 1836 
5 
539 1406 1833 1834 1836 
7 
539 540 1405 1406 1833 1834 1835 
3 
1838 1839 1840 
6 
576 1661 1664 1837 1839 1840 
4 
1664 1837 1838 1840 
3 
1837 1838 1839 
4 
269 1842 1843 1844 
5 
269 270 1841 1843 1844 
7 
269 270 271 272 1841 1842 1844 
5 
269 272 1841 1842 1843 
10 
846 847 1077 1078 1079 1080 1846 1847 1848 1948 
7 
1078 1079 1845 1847 1848 1947 1948 
4 
1079 1845 1846 1848 
6 
847 1079 1080 1845 1846 1847 
5 
415 416 1850 1851 1852 
6 
160 415 820 1849 1851 1852 
3 
1849 1850 1852 
3 
1849 1850 1851 
4 
315 1854 1855 1856 
3 
1853 1855 1856 
4 
1105 1853 1854 1856 
3 
1853 1854 1855 
11 
102 103 357 358 1681 1682 1683 1684 1858 1859 1860 
6 
358 1682 1683 1857 1859 1860 
6 
86 359 1683 1857 1858 1860 
10 
85 86 103 359 360 1683 1684 1857 1858 1859 
7 
138 139 417 1556 1862 1863 1864 
8 
124 417 418 1555 1556 1861 1863 1864 
7 
417 418 419 420 1861 1862 1864 
6 
139 417 420 1861 1862 1863 
5 
861 1561 1866 1867 1868 
10 
520 637 640 861 862 1561 1562 1865 1867 1868 
14 
640 861 862 863 864 1145 1146 1561 1562 1563 1564 1865 1866 1868 
8 
861 864 1145 1561 1564 1865 1866 1867 
11 
1462 1463 1577 1578 1579 1580 1617 1618 1870 1871 1872 
9 
1578 1579 1618 1764 1829 1832 1869 1871 1872 
12 
25 26 854 877 878 1579 1618 1619 1832 1869 1870 1872 
14 
25 853 854 877 1463 1579 1580 1617 1618 1619 1620 1869 1870 1871 
4 
1400 1874 1875 1876 
5 
1399 1400 1873 1875 1876 
3 
1873 1874 1876 
3 
1873 1874 1875 
7 
473 476 1226 1227 1878 1879 1880 
8 
473 474 475 476 581 1877 1879 1880 
7 
475 476 581 584 1877 1878 1880 
5 
476 1227 1877 1878 1879 
4 
344 1882 1883 1884 
5 
343 344 1881 1883 1884 
3 
1881 1882 1884 
3 
1881 1882 1883 
3 
1886 1887 1888 
3 
1885 1887 1888 
5 
5 242 1885 1886 1888 
5 
241 242 1885 1886 1887 
7 
200 997 1161 1164 1890 1891 1892 
11 
199 200 997 998 1161 1162 1163 1164 1889 1891 1892 
9 
997 998 999 1000 1163 1164 1889 1890 1892 
6 
997 1000 1164 1889 1890 1891 
9 
799 800 1197 1200 1267 1268 1894 1895 1896 
9 
799 1197 1198 1199 1200 1267 1893 1895 1896 
5 
1199 1200 1893 1894 1896 
4 
1200 1893 1894 1895 
4 
604 1898 1899 1900 
5 
603 604 1897 1899 1900 
5 
305 306 1897 1898 1900 
4 
305 1897 1898 1899 
4 
1239 1902 1903 1904 
3 
1901 1903 1904 
5 
1209 1210 1901 1902 1904 
4 
1209 1901 1902 1903 
7 
1279 1906 1907 1908 1911 1965 1966 
4 
1905 1907 1908 1966 
6 
173 1905 1906 1908 1966 1967 
7 
1905 1906 1907 1965 1966 1967 1968 
11 
178 179 457 458 459 460 1277 1280 1910 1911 1912 
9 
458 459 1277 1278 1279 1280 1909 1911 1912 
8 
459 1279 1280 1905 1909 1910 1912 1965 
7 
179 459 460 1280 1909 1910 1911 
4 
1035 1914 1915 1916 
3 
1913 1915 1916 
3 
1913 1914 1916 
3 
1913 1914 1915 
5 
898 899 1918 1919 1920 
3 
1917 1919 1920 
6 
114 1093 1094 1917 1918 1920 
8 
113 114 899 1093 1630 1917 1918 1919 
3 
1922 1923 1924 
4 
528 1921 1923 1924 
3 
1921 1922 1924 
3 
1921 1922 1923 
4 
728 1926 1927 1928 
5 
727 728 1925 1927 1928 
4 
265 1925 1926 1928 
3 
1925 1926 1927 
6 
106 1346 1347 1930 1931 1932 
3 
1929 1931 1932 
4 
1773 1929 1930 1932 
6 
106 107 1347 1929 1930 1931 
6 
232 318 319 1934 1935 1936 
6 
231 232 1804 1933 1935 1936 
3 
1933 1934 1936 
4 
319 1933 1934 1935 
3 
1938 1939 1940 
6 
345 1473 1645 1937 1939 1940 
10 
345 348 693 694 1473 1476 1648 1937 1938 1940 
4 
693 1937 1938 1939 
4 
1732 1942 1943 1944 
5 
1731 1732 1941 1943 1944 
5 
1297 1809 1941 1942 1944 
3 
1941 1942 1943 
4 
1636 1946 1947 1948 
5 
1635 1636 1945 1947 1948 
5 
1078 1846 1945 1946 1948 
8 
846 1077 1078 1845 1846 1945 1946 1947 
4 
1138 1950 1951 1952 
3 
1949 1951 1952 
3 
1949 1950 1952 
5 
1138 1139 1949 1950 1951 
4 
1363 1954 1955 1956 
6 
212 692 1736 1953 1955 1956 
4 
1458 1953 1954 1956 
5 
1457 1458 1953 1954 1955 
4 
587 1958 1959 1960 
3 
1957 1959 1960 
3 
1957 1958 1960 
3 
1957 1958 1959 
8 
577 578 1455 1456 1550 1962 1963 1964 
6 
578 1061 1455 1961 1963 1964 
8 
354 578 579 1061 1064 1961 1962 1964 
11 
353 354 577 578 579 580 1550 1551 1961 1962 1963 
6 
1905 1908 1911 1966 1967 1968 
8 
173 1905 1906 1907 1908 1965 1967 1968 
7 
173 176 1907 1908 1965 1966 1968 
4 
1908 1965 1966 1967 
4 
171 1970 1971 1972 
3 
1969 1971 1972 
3 
1969 1970 1972 
3 
1969 1970 1971 
5 
287 1656 1974 1975 1976 
6 
1655 1656 1761 1973 1975 1976 
6 
1761 1764 1829 1973 1974 1976 
4 
1578 1973 1974 1975 
5 
7 8 1978 1979 1980 
5 
7 524 1977 1979 1980 
3 
1977 1978 1980 
3 
1977 1978 1979 
4 
921 1982 1983 1984 
5 
921 922 1981 1983 1984 
7 
921 922 923 924 1981 1982 1984 
5 
921 924 1981 1982 1983 
6 
1380 1766 1767 1986 1987 1988 
5 
1379 1380 1985 1987 1988 
5 
1537 1538 1985 1986 1988 
5 
1537 1767 1985 1986 1987 
4 
779 1990 1991 1992 
4 
593 1989 1991 1992 
4 
596 1989 1990 1992 
4 
74 1989 1990 1991 
3 
1994 1995 1996 
3 
1993 1995 1996 
6 
726 1129 1221 1993 1994 1996 
5 
725 726 1993 1994 1995 
4 
616 1998 1999 2000 
7 
615 616 993 996 1997 1999 2000 
5 
605 996 1997 1998 2000 
3 
1997 1998 1999 