
500 
4 
3 
2 3 4 
3 
1 3 4 
3 
1 2 4 
3 
1 2 3 
6 
6 7 8 397 467 1504 
7 
5 7 8 397 398 1503 1504 
7 
5 6 8 399 400 1613 1614 
6 
5 6 7 400 1058 1613 
3 
10 11 12 
4 
9 11 12 968 
3 
9 10 12 
3 
9 10 11 
5 
14 15 16 306 1914 
3 
13 15 16 
3 
13 14 16 
7 
13 14 15 306 307 1914 1915 
5 
18 19 20 1362 1363 
3 
17 19 20 
4 
17 18 20 473 
7 
17 18 19 1363 1550 1690 1886 
4 
22 23 24 1648 
7 
21 23 24 445 448 1647 1648 
4 
21 22 24 448 
3 
21 22 23 
9 
26 27 28 117 118 629 630 1001 1002 
6 
25 27 28 118 630 1002 
9 
25 26 28 118 119 630 631 1002 1003 
15 
25 26 27 117 118 119 120 629 630 631 632 1001 1002 1003 1004 
5 
30 31 32 787 788 
6 
29 31 32 787 1197 1200 
4 
29 30 32 1200 
3 
29 30 31 
6 
34 35 36 269 272 802 
7 
33 35 36 269 270 271 272 
5 
33 34 36 271 272 
5 
33 34 35 272 803 
9 
38 39 40 345 346 1095 1096 1234 1235 
5 
37 39 40 346 1095 
7 
37 38 40 346 347 1257 1258 
9 
37 38 39 345 346 347 348 1235 1257 
6 
42 43 44 357 358 556 
6 
41 43 44 358 555 556 
6 
41 42 44 358 359 1621 
7 
41 42 43 357 358 359 360 
7 
46 47 48 877 878 1785 1786 
6 
45 47 48 878 1352 1786 
7 
45 46 48 878 879 1786 1787 
11 
45 46 47 877 878 879 880 1785 1786 1787 1788 
3 
50 51 52 
4 
49 51 52 1116 
3 
49 50 52 
3 
49 50 51 
6 
54 55 56 1685 1721 1722 
6 
53 55 56 1685 1686 1722 
10 
53 54 56 957 958 1685 1686 1687 1688 1723 
8 
53 54 55 957 1685 1688 1723 1724 
3 
58 59 60 
3 
57 59 60 
6 
57 58 60 1962 1989 1990 
6 
57 58 59 1961 1962 1989 
3 
62 63 64 
3 
61 63 64 
3 
61 62 64 
3 
61 62 63 
5 
66 67 68 713 714 
4 
65 67 68 714 
5 
65 66 68 714 715 
7 
65 66 67 713 714 715 716 
3 
70 71 72 
3 
69 71 72 
5 
69 70 72 1569 1570 
4 
69 70 71 1569 
4 
74 75 76 133 
5 
73 75 76 133 134 
7 
73 74 76 133 134 135 136 
5 
73 74 75 133 136 
4 
78 79 80 1869 
5 
77 79 80 1869 1870 
8 
77 78 80 1385 1869 1870 1871 1872 
5 
77 78 79 1869 1872 
4 
82 83 84 1317 
7 
81 83 84 465 468 1317 1318 
8 
81 82 84 468 1317 1318 1319 1320 
5 
81 82 83 1317 1320 
6 
86 87 88 514 515 675 
3 
85 87 88 
3 
85 86 88 
4 
85 86 87 515 
5 
90 91 92 533 534 
5 
89 91 92 534 1248 
7 
89 90 92 489 535 977 978 
6 
89 90 91 535 536 977 
7 
94 95 96 282 906 907 1930 
3 
93 95 96 
3 
93 94 96 
8 
93 94 95 282 283 907 1930 1931 
3 
98 99 100 
5 
97 99 100 1569 1572 
4 
97 98 100 1572 
3 
97 98 99 
3 
102 103 104 
3 
101 103 104 
3 
101 102 104 
3 
101 102 103 
10 
106 107 108 986 1209 1210 1211 1212 1378 1379 
6 
105 107 108 1210 1211 1253 
7 
105 106 108 417 1211 1253 1256 
7 
105 106 107 987 1211 1212 1379 
5 
110 111 112 1821 1824 
7 
109 111 112 1821 1822 1823 1824 
5 
109 110 112 1823 1824 
4 
109 110 111 1824 
5 
114 115 116 182 1883 
5 
113 115 116 1673 1676 
4 
113 114 116 1676 
5 
113 114 115 182 183 
8 
25 28 118 119 120 629 1001 1002 
10 
25 26 27 28 117 119 120 629 630 1002 
11 
27 28 117 118 120 629 630 631 632 1002 1003 
10 
28 117 118 119 629 632 1001 1002 1003 1004 
7 
122 123 124 689 692 1917 1920 
11 
121 123 124 689 690 691 692 1917 1918 1919 1920 
7 
121 122 124 691 692 1919 1920 
5 
121 122 123 692 1920 
7 
126 127 128 882 883 1557 1558 
4 
125 127 128 1558 
4 
125 126 128 1559 
6 
125 126 127 883 1559 1560 
3 
130 131 132 
3 
129 131 132 
4 
129 130 132 1130 
5 
129 130 131 1129 1130 
7 
73 74 75 76 134 135 136 
5 
74 75 133 135 136 
4 
75 133 134 136 
5 
75 76 133 134 135 
3 
138 139 140 
4 
137 139 140 1909 
5 
137 138 140 1909 1912 
3 
137 138 139 
5 
142 143 144 1302 1303 
5 
141 143 144 169 1237 
9 
141 142 144 169 172 1237 1240 1425 1486 
6 
141 142 143 1303 1485 1486 
7 
146 147 148 958 959 1437 1440 
7 
145 147 148 1437 1438 1439 1440 
6 
145 146 148 1346 1439 1440 
7 
145 146 147 959 1345 1346 1440 
3 
150 151 152 
3 
149 151 152 
3 
149 150 152 
3 
149 150 151 
8 
154 155 156 297 638 639 1683 1839 
5 
153 155 156 297 298 
5 
153 154 156 299 300 
5 
153 154 155 300 639 
10 
158 159 160 1207 1398 1399 1445 1446 1447 1448 
5 
157 159 160 1446 1447 
4 
157 158 160 1447 
6 
157 158 159 1399 1447 1448 
5 
162 163 164 1386 1387 
3 
161 163 164 
3 
161 162 164 
4 
161 162 163 1387 
3 
166 167 168 
4 
165 167 168 1273 
4 
165 166 168 1276 
3 
165 166 167 
9 
142 143 170 171 172 1237 1238 1425 1426 
6 
169 171 172 1238 1426 1433 
11 
169 170 172 1238 1239 1426 1427 1433 1436 1641 1642 
13 
143 169 170 171 1237 1238 1239 1240 1425 1426 1427 1428 1641 
5 
174 175 176 1101 1102 
5 
173 175 176 1102 1964 
5 
173 174 176 1102 1103 
7 
173 174 175 1101 1102 1103 1104 
3 
178 179 180 
4 
177 179 180 1112 
4 
177 178 180 974 
5 
177 178 179 973 974 
3 
182 183 184 
5 
113 116 181 183 184 
5 
116 181 182 184 678 
5 
181 182 183 677 678 
7 
186 187 188 429 955 1119 1120 
7 
185 187 188 429 430 1119 1241 
9 
185 186 188 429 430 431 432 1241 1244 
5 
185 186 187 429 432 
3 
190 191 192 
3 
189 191 192 
3 
189 190 192 
3 
189 190 191 
3 
194 195 196 
4 
193 195 196 1968 
3 
193 194 196 
3 
193 194 195 
7 
198 199 200 829 832 1189 1192 
11 
197 199 200 829 830 831 832 1189 1190 1191 1192 
7 
197 198 200 831 832 1191 1192 
5 
197 198 199 832 1192 
4 
202 203 204 1366 
3 
201 203 204 
3 
201 202 204 
5 
201 202 203 1366 1367 
4 
206 207 208 569 
5 
205 207 208 569 570 
8 
205 206 208 537 569 570 571 572 
5 
205 206 207 569 572 
3 
210 211 212 
3 
209 211 212 
3 
209 210 212 
3 
209 210 211 
7 
214 215 216 653 654 715 1710 
4 
213 215 216 654 
5 
213 214 216 654 655 
9 
213 214 215 653 654 655 656 1710 1711 
3 
218 219 220 
3 
217 219 220 
4 
217 218 220 1221 
3 
217 218 219 
5 
222 223 224 491 1402 
3 
221 223 224 
5 
221 222 224 1297 1298 
6 
221 222 223 1297 1402 1403 
3 
226 227 228 
3 
225 227 228 
4 
225 226 228 805 
3 
225 226 227 
6 
230 231 232 855 1373 1376 
9 
229 231 232 605 1373 1374 1375 1376 1488 
7 
229 230 232 605 608 1375 1376 
4 
229 230 231 1376 
6 
234 235 236 551 887 1864 
5 
233 235 236 1863 1864 
3 
233 234 236 
3 
233 234 235 
5 
238 239 240 733 736 
7 
237 239 240 733 734 735 736 
7 
237 238 240 673 674 735 736 
5 
237 238 239 673 736 
5 
242 243 244 1735 1736 
4 
241 243 244 1735 
3 
241 242 244 
3 
241 242 243 
10 
246 247 248 647 648 814 815 1042 1159 1160 
5 
245 247 248 647 1159 
3 
245 246 248 
6 
245 246 247 815 1042 1043 
3 
250 251 252 
3 
249 251 252 
3 
249 250 252 
3 
249 250 251 
7 
254 255 256 361 930 931 1347 
5 
253 255 256 361 362 
7 
253 254 256 361 362 363 364 
6 
253 254 255 361 364 931 
4 
258 259 260 1037 
5 
257 259 260 1037 1038 
7 
257 258 260 1037 1038 1039 1040 
5 
257 258 259 1037 1040 
8 
262 263 264 925 926 927 928 1217 
7 
261 263 264 926 927 1217 1218 
8 
261 262 264 927 1217 1218 1219 1220 
7 
261 262 263 927 928 1217 1220 
3 
266 267 268 
3 
265 267 268 
3 
265 266 268 
3 
265 266 267 
5 
33 34 270 271 272 
5 
34 269 271 272 452 
5 
34 35 269 270 272 
7 
33 34 35 36 269 270 271 
5 
274 275 276 1092 1264 
12 
273 275 276 565 741 744 1091 1092 1263 1264 1605 1608 
6 
273 274 276 568 744 1608 
3 
273 274 275 
3 
278 279 280 
3 
277 279 280 
3 
277 278 280 
3 
277 278 279 
7 
282 283 284 783 908 1929 1932 
11 
93 96 281 283 284 907 908 1929 1930 1931 1932 
6 
96 281 282 284 1931 1932 
4 
281 282 283 1932 
12 
286 287 288 366 823 824 858 859 1384 1763 1764 1816 
11 
285 287 288 823 1049 1052 1383 1384 1763 1815 1816 
5 
285 286 288 850 1052 
8 
285 286 287 366 367 849 850 859 
4 
290 291 292 1168 
4 
289 291 292 1167 
5 
289 290 292 998 1473 
5 
289 290 291 997 998 
4 
294 295 296 586 
3 
293 295 296 
5 
293 294 296 1637 1638 
6 
293 294 295 586 587 1637 
5 
153 154 298 299 300 
4 
154 297 299 300 
4 
155 297 298 300 
5 
155 156 297 298 299 
5 
302 303 304 946 947 
3 
301 303 304 
3 
301 302 304 
5 
301 302 303 414 947 
5 
306 307 308 1131 1913 
7 
13 16 305 307 308 1913 1914 
9 
16 305 306 308 1178 1913 1914 1915 1916 
7 
305 306 307 1177 1178 1913 1916 
5 
310 311 312 1045 1046 
4 
309 311 312 1046 
6 
309 310 312 1046 1047 1341 
7 
309 310 311 1045 1046 1047 1048 
4 
314 315 316 712 
5 
313 315 316 711 712 
5 
313 314 316 1309 1310 
4 
313 314 315 1309 
3 
318 319 320 
5 
317 319 320 545 1357 
7 
317 318 320 545 548 1357 1360 
3 
317 318 319 
3 
322 323 324 
3 
321 323 324 
3 
321 322 324 
3 
321 322 323 
4 
326 327 328 1370 
4 
325 327 328 717 
5 
325 326 328 717 720 
5 
325 326 327 1370 1371 
3 
330 331 332 
3 
329 331 332 
3 
329 330 332 
3 
329 330 331 
3 
334 335 336 
3 
333 335 336 
3 
333 334 336 
3 
333 334 335 
3 
338 339 340 
4 
337 339 340 1628 
3 
337 338 340 
5 
337 338 339 634 1470 
12 
342 343 344 381 765 766 767 768 1065 1066 1067 1068 
9 
341 343 344 381 382 766 767 1066 1067 
10 
341 342 344 381 382 383 384 767 825 1067 
9 
341 342 343 381 384 767 768 1067 1068 
6 
37 40 346 347 348 1235 
7 
37 38 39 40 345 347 348 
7 
39 40 345 346 348 1257 1258 
5 
40 345 346 347 1257 
6 
350 351 352 377 380 1975 
7 
349 351 352 377 378 379 380 
5 
349 350 352 379 380 
4 
349 350 351 380 
3 
354 355 356 
3 
353 355 356 
4 
353 354 356 1890 
5 
353 354 355 1889 1890 
5 
41 44 358 359 360 
7 
41 42 43 44 357 359 360 
5 
43 44 357 358 360 
5 
44 357 358 359 374 
7 
253 254 255 256 362 363 364 
5 
254 255 361 363 364 
4 
255 361 362 364 
5 
255 256 361 362 363 
4 
366 367 368 860 
7 
285 288 365 367 368 859 860 
5 
288 365 366 368 849 
3 
365 366 367 
3 
370 371 372 
5 
369 371 372 1392 1660 
3 
369 370 372 
3 
369 370 371 
3 
374 375 376 
4 
360 373 375 376 
3 
373 374 376 
3 
373 374 375 
6 
349 350 378 379 380 1412 
6 
350 377 379 380 1411 1412 
5 
350 351 377 378 380 
7 
349 350 351 352 377 378 379 
10 
341 342 343 344 382 383 384 767 768 1067 
7 
342 343 381 383 384 767 825 
6 
343 381 382 384 825 828 
5 
343 344 381 382 383 
3 
386 387 388 
3 
385 387 388 
3 
385 386 388 
3 
385 386 387 
3 
390 391 392 
3 
389 391 392 
3 
389 390 392 
3 
389 390 391 
3 
394 395 396 
3 
393 395 396 
3 
393 394 396 
3 
393 394 395 
6 
5 6 398 399 400 1504 
6 
6 397 399 400 1503 1504 
6 
7 397 398 400 1581 1614 
7 
7 8 397 398 399 1613 1614 
3 
402 403 404 
3 
401 403 404 
3 
401 402 404 
3 
401 402 403 
3 
406 407 408 
4 
405 407 408 1008 
3 
405 406 408 
3 
405 406 407 
6 
410 411 412 898 1529 1532 
8 
409 411 412 1289 1529 1530 1531 1532 
7 
409 410 412 1289 1292 1531 1532 
6 
409 410 411 898 899 1532 
3 
414 415 416 
4 
304 413 415 416 
6 
413 414 416 1509 1857 1858 
4 
413 414 415 1857 
5 
107 418 419 420 1256 
8 
417 419 420 1255 1256 1693 1772 1848 
6 
417 418 420 774 1693 1696 
5 
417 418 419 773 774 
3 
422 423 424 
3 
421 423 424 
3 
421 422 424 
4 
421 422 423 1790 
3 
426 427 428 
3 
425 427 428 
3 
425 426 428 
3 
425 426 427 
9 
185 186 187 188 430 431 432 1119 1120 
7 
186 187 429 431 432 1119 1241 
6 
187 429 430 432 1241 1244 
5 
187 188 429 430 431 
8 
434 435 436 981 982 983 984 1267 
5 
433 435 436 982 983 
4 
433 434 436 983 
5 
433 434 435 983 984 
3 
438 439 440 
3 
437 439 440 
4 
437 438 440 1149 
3 
437 438 439 
3 
442 443 444 
3 
441 443 444 
4 
441 442 444 1074 
5 
441 442 443 1073 1074 
9 
22 446 447 448 624 1645 1646 1647 1648 
7 
445 447 448 623 624 1646 1647 
4 
445 446 448 1647 
7 
22 23 445 446 447 1647 1648 
5 
450 451 452 513 516 
8 
449 451 452 513 514 515 516 676 
5 
449 450 452 515 516 
5 
270 449 450 451 516 
6 
454 455 456 1505 1729 1732 
9 
453 455 456 1505 1506 1729 1730 1731 1732 
9 
453 454 456 1505 1506 1507 1508 1731 1732 
6 
453 454 455 1505 1508 1732 
4 
458 459 460 614 
5 
457 459 460 488 1013 
6 
457 458 460 1013 1016 1949 
5 
457 458 459 614 615 
5 
462 463 464 725 726 
4 
461 463 464 726 
5 
461 462 464 726 727 
7 
461 462 463 725 726 727 728 
5 
82 466 467 468 1318 
3 
465 467 468 
4 
5 465 466 468 
7 
82 83 465 466 467 1318 1319 
4 
470 471 472 738 
3 
469 471 472 
3 
469 470 472 
5 
469 470 471 738 739 
4 
19 474 475 476 
3 
473 475 476 
4 
473 474 476 1817 
3 
473 474 475 
7 
478 479 480 1593 1596 1597 1600 
11 
477 479 480 1593 1594 1595 1596 1597 1598 1599 1600 
7 
477 478 480 1595 1596 1599 1600 
5 
477 478 479 1596 1600 
7 
482 483 484 1801 1802 1803 1804 
8 
481 483 484 573 576 1457 1802 1803 
7 
481 482 484 576 1457 1460 1803 
5 
481 482 483 1803 1804 
3 
486 487 488 
3 
485 487 488 
5 
485 486 488 1013 1014 
5 
458 485 486 487 1013 
6 
91 490 491 492 535 978 
3 
489 491 492 
6 
221 489 490 492 1401 1402 
6 
489 490 491 978 979 1401 
8 
494 495 496 1449 1450 1451 1452 1456 
7 
493 495 496 1450 1451 1455 1456 
4 
493 494 496 1451 
5 
493 494 495 1451 1452 
4 
498 499 500 989 
6 
497 499 500 989 990 1061 
11 
497 498 500 806 942 989 990 991 992 1061 1064 
9 
497 498 499 805 806 941 942 989 992 
4 
502 503 504 1935 
3 
501 503 504 
3 
501 502 504 
3 
501 502 503 
6 
506 507 508 1703 1969 1972 
8 
505 507 508 1405 1969 1970 1971 1972 
8 
505 506 508 682 1405 1408 1971 1972 
7 
505 506 507 681 682 1290 1972 
3 
510 511 512 
3 
509 511 512 
3 
509 510 512 
3 
509 510 511 
7 
449 450 514 515 516 673 676 
9 
85 450 513 515 516 673 674 675 676 
9 
85 88 450 451 513 514 516 675 676 
8 
449 450 451 452 513 514 515 676 
3 
518 519 520 
3 
517 519 520 
3 
517 518 520 
3 
517 518 519 
3 
522 523 524 
3 
521 523 524 
3 
521 522 524 
3 
521 522 523 
5 
526 527 528 808 1169 
8 
525 527 528 807 808 944 1169 1170 
7 
525 526 528 1169 1170 1171 1172 
5 
525 526 527 1169 1172 
3 
530 531 532 
3 
529 531 532 
4 
529 530 532 1781 
3 
529 530 531 
4 
89 534 535 536 
6 
89 90 533 535 536 1248 
8 
91 92 489 533 534 536 977 978 
5 
92 533 534 535 977 
8 
207 538 539 540 569 570 571 572 
7 
537 539 540 570 571 1077 1080 
5 
537 538 540 571 1080 
5 
537 538 539 571 572 
8 
542 543 544 821 822 1142 1143 1761 
7 
541 543 544 822 1761 1762 1813 
13 
541 542 544 822 823 858 1381 1761 1762 1763 1764 1813 1816 
12 
541 542 543 821 822 823 824 857 858 1143 1761 1764 
7 
318 319 546 547 548 1357 1358 
4 
545 547 548 1358 
5 
545 546 548 1358 1359 
8 
319 545 546 547 1357 1358 1359 1360 
4 
550 551 552 885 
7 
549 551 552 885 886 1861 1864 
9 
233 549 550 552 885 886 887 888 1864 
5 
549 550 551 885 888 
5 
554 555 556 1817 1820 
7 
553 555 556 1817 1818 1819 1820 
6 
42 553 554 556 1819 1820 
6 
41 42 553 554 555 1820 
5 
558 559 560 1226 1227 
3 
557 559 560 
3 
557 558 560 
4 
557 558 559 1227 
4 
562 563 564 809 
5 
561 563 564 809 810 
7 
561 562 564 809 810 811 812 
5 
561 562 563 809 812 
15 
274 566 567 568 741 742 743 744 1091 1092 1263 1605 1606 1607 1608 
8 
565 567 568 742 743 1091 1606 1607 
5 
565 566 568 743 1607 
8 
275 565 566 567 743 744 1607 1608 
8 
205 206 207 208 537 570 571 572 
7 
206 207 537 538 569 571 572 
8 
207 537 538 539 540 569 570 572 
7 
207 208 537 540 569 570 571 
7 
482 574 575 576 1457 1458 1649 
7 
573 575 576 1458 1520 1649 1650 
10 
573 574 576 1413 1458 1459 1649 1650 1651 1652 
11 
482 483 573 574 575 1457 1458 1459 1460 1649 1652 
5 
578 579 580 1017 1034 
5 
577 579 580 1017 1018 
9 
577 578 580 1017 1018 1019 1020 1701 1702 
8 
577 578 579 1017 1020 1034 1035 1701 
4 
582 583 584 1430 
5 
581 583 584 665 1285 
7 
581 582 584 665 668 1285 1288 
5 
581 582 583 1430 1431 
3 
586 587 588 
6 
293 296 585 587 588 1637 
6 
296 585 586 588 1637 1640 
3 
585 586 587 
3 
590 591 592 
3 
589 591 592 
3 
589 590 592 
3 
589 590 591 
5 
594 595 596 865 866 
4 
593 595 596 866 
5 
593 594 596 866 867 
7 
593 594 595 865 866 867 868 
3 
598 599 600 
3 
597 599 600 
3 
597 598 600 
3 
597 598 599 
3 
602 603 604 
3 
601 603 604 
3 
601 602 604 
3 
601 602 603 
10 
230 231 606 607 608 729 1374 1375 1487 1488 
6 
605 607 608 729 730 1487 
7 
605 606 608 729 730 731 732 
7 
231 605 606 607 729 732 1375 
7 
610 611 612 1195 1270 1691 1692 
4 
609 611 612 1691 
3 
609 610 612 
7 
609 610 611 742 1270 1271 1606 
5 
614 615 616 703 704 
6 
457 460 613 615 616 703 
4 
460 613 614 616 
3 
613 614 615 
8 
618 619 620 833 834 1353 1356 1620 
10 
617 619 620 834 1353 1354 1355 1356 1619 1620 
8 
617 618 620 834 835 1355 1356 1461 
8 
617 618 619 833 834 835 836 1356 
7 
622 623 624 634 635 1471 1472 
4 
621 623 624 1471 
4 
446 621 622 624 
7 
445 446 621 622 623 635 1646 
7 
626 627 628 1565 1566 1567 1568 
5 
625 627 628 1566 1567 
4 
625 626 628 1567 
5 
625 626 627 1567 1568 
13 
25 28 117 118 119 120 630 631 632 1001 1002 1003 1004 
11 
25 26 27 28 118 119 629 631 632 1002 1003 
7 
27 28 119 629 630 632 1003 
8 
28 119 120 629 630 631 1003 1004 
6 
634 635 636 1469 1472 1779 
9 
340 621 633 635 636 1469 1470 1471 1472 
9 
621 624 633 634 636 1471 1472 1645 1646 
5 
633 634 635 1472 1645 
10 
638 639 640 1683 1684 1839 1840 1867 1942 1943 
6 
153 637 639 640 1683 1839 
5 
153 156 637 638 640 
4 
637 638 639 1943 
5 
642 643 644 1781 1782 
4 
641 643 644 1782 
5 
641 642 644 1782 1783 
7 
641 642 643 1781 1782 1783 1784 
7 
646 647 648 813 814 1157 1160 
8 
645 647 648 814 1157 1158 1159 1160 
10 
245 246 645 646 648 814 815 1042 1159 1160 
11 
245 645 646 647 813 814 815 816 1041 1042 1160 
6 
650 651 652 961 964 1478 
9 
649 651 652 961 962 963 964 1369 1372 
6 
649 650 652 963 964 1372 
6 
649 650 651 964 1478 1479 
7 
213 216 654 655 656 1709 1710 
8 
213 214 215 216 653 655 656 1710 
7 
215 216 653 654 656 1710 1711 
8 
216 653 654 655 1709 1710 1711 1712 
5 
658 659 660 1765 1768 
8 
657 659 660 1765 1766 1767 1768 1940 
5 
657 658 660 1767 1768 
4 
657 658 659 1768 
3 
662 663 664 
3 
661 663 664 
3 
661 662 664 
4 
661 662 663 1114 
6 
582 583 666 667 668 1285 
5 
665 667 668 1285 1286 
7 
665 666 668 1285 1286 1287 1288 
6 
583 665 666 667 1285 1288 
5 
670 671 672 1979 1980 
4 
669 671 672 1979 
3 
669 670 672 
3 
669 670 671 
8 
239 240 513 514 674 675 676 736 
7 
239 514 673 675 676 735 736 
6 
85 514 515 673 674 676 
8 
450 513 514 515 516 673 674 675 
4 
184 678 679 680 
5 
183 184 677 679 680 
3 
677 678 680 
3 
677 678 679 
7 
508 682 683 684 1289 1290 1972 
8 
507 508 681 683 684 1290 1971 1972 
8 
681 682 684 913 1290 1291 1865 1866 
8 
681 682 683 1289 1290 1291 1292 1865 
3 
686 687 688 
3 
685 687 688 
3 
685 686 688 
3 
685 686 687 
9 
121 122 690 691 692 1917 1918 1919 1920 
7 
122 689 691 692 1868 1918 1919 
6 
122 123 689 690 692 1919 
9 
121 122 123 124 689 690 691 1919 1920 
3 
694 695 696 
4 
693 695 696 1912 
3 
693 694 696 
3 
693 694 695 
7 
698 699 700 1133 1134 1135 1136 
6 
697 699 700 1134 1135 1481 
7 
697 698 700 1135 1481 1484 1706 
7 
697 698 699 1135 1136 1705 1706 
3 
702 703 704 
3 
701 703 704 
5 
613 614 701 702 704 
4 
613 701 702 703 
3 
706 707 708 
3 
705 707 708 
3 
705 706 708 
3 
705 706 707 
3 
710 711 712 
3 
709 711 712 
4 
314 709 710 712 
5 
313 314 709 710 711 
7 
65 68 714 715 716 1198 1199 
7 
65 66 67 68 713 715 716 
6 
67 68 213 713 714 716 
5 
68 713 714 715 1199 
5 
326 327 718 719 720 
3 
717 719 720 
3 
717 718 720 
4 
327 717 718 719 
5 
722 723 724 1953 1954 
4 
721 723 724 1954 
5 
721 722 724 1954 1955 
7 
721 722 723 1953 1954 1955 1956 
5 
461 464 726 727 728 
7 
461 462 463 464 725 727 728 
5 
463 464 725 726 728 
4 
464 725 726 727 
7 
605 606 607 608 730 731 732 
8 
606 607 729 731 732 1428 1641 1644 
5 
607 729 730 732 1644 
5 
607 608 729 730 731 
5 
237 238 734 735 736 
4 
238 733 735 736 
6 
238 239 674 733 734 736 
9 
237 238 239 240 673 674 733 734 735 
3 
738 739 740 
5 
469 472 737 739 740 
5 
472 737 738 740 1842 
5 
737 738 739 1841 1842 
14 
274 565 742 743 744 1089 1090 1091 1092 1263 1264 1272 1605 1606 
12 
565 566 612 741 743 744 1090 1091 1263 1271 1272 1606 
10 
565 566 567 568 741 742 744 1091 1606 1607 
13 
274 275 565 568 741 742 743 1091 1092 1605 1606 1607 1608 
4 
746 747 748 1991 
3 
745 747 748 
3 
745 746 748 
3 
745 746 747 
3 
750 751 752 
3 
749 751 752 
3 
749 750 752 
3 
749 750 751 
3 
754 755 756 
3 
753 755 756 
3 
753 754 756 
3 
753 754 755 
5 
758 759 760 1753 1754 
5 
757 759 760 784 1754 
5 
757 758 760 1754 1755 
7 
757 758 759 1753 1754 1755 1756 
3 
762 763 764 
3 
761 763 764 
3 
761 762 764 
3 
761 762 763 
8 
341 766 767 768 1065 1066 1067 1068 
7 
341 342 765 767 768 1066 1067 
11 
341 342 343 344 381 382 765 766 768 825 1067 
8 
341 344 381 765 766 767 1067 1068 
5 
770 771 772 1074 1075 
3 
769 771 772 
3 
769 770 772 
4 
769 770 771 1075 
4 
420 774 775 776 
5 
419 420 773 775 776 
3 
773 774 776 
3 
773 774 775 
7 
778 779 780 933 934 935 936 
5 
777 779 780 934 935 
4 
777 778 780 935 
5 
777 778 779 935 936 
3 
782 783 784 
4 
781 783 784 905 
7 
281 781 782 784 905 908 1929 
4 
758 781 782 783 
6 
786 787 788 972 1959 1960 
7 
785 787 788 971 972 1197 1959 
7 
29 30 785 786 788 1197 1200 
4 
29 785 786 787 
5 
790 791 792 1561 1562 
7 
789 791 792 937 940 953 1562 
7 
789 790 792 940 953 956 1563 
5 
789 790 791 1563 1564 
7 
794 795 796 869 870 871 872 
6 
793 795 796 870 871 1853 
6 
793 794 796 871 1853 1856 
5 
793 794 795 871 872 
5 
798 799 800 1341 1344 
7 
797 799 800 1341 1342 1343 1344 
5 
797 798 800 1343 1344 
4 
797 798 799 1344 
3 
802 803 804 
4 
33 801 803 804 
5 
36 801 802 804 1082 
5 
801 802 803 1081 1082 
6 
227 500 806 807 808 941 
8 
499 500 805 807 808 941 942 992 
8 
526 805 806 808 941 942 943 944 
7 
525 526 805 806 807 941 944 
7 
561 562 563 564 810 811 812 
5 
562 563 809 811 812 
4 
563 809 810 812 
5 
563 564 809 810 811 
7 
645 648 814 815 816 1157 1160 
12 
245 645 646 647 648 813 815 816 1157 1158 1159 1160 
10 
245 248 647 648 813 814 816 1042 1159 1160 
7 
648 813 814 815 1041 1042 1160 
5 
818 819 820 1829 1832 
7 
817 819 820 1829 1830 1831 1832 
5 
817 818 820 1831 1832 
4 
817 818 819 1832 
8 
541 544 822 823 824 1142 1143 1761 
11 
541 542 543 544 821 823 824 1381 1761 1762 1813 
17 
285 286 543 544 821 822 824 858 1049 1381 1384 1761 1762 1763 1764 1813 1816 
10 
285 544 821 822 823 857 858 1143 1761 1764 
7 
343 382 383 767 826 827 828 
3 
825 827 828 
3 
825 826 828 
4 
383 825 826 827 
7 
197 198 830 831 832 1189 1192 
8 
198 829 831 832 1189 1190 1191 1192 
7 
198 199 829 830 832 1191 1192 
8 
197 198 199 200 829 830 831 1192 
5 
617 620 834 835 836 
10 
617 618 619 620 833 835 836 1353 1356 1620 
6 
619 620 833 834 836 1356 
4 
620 833 834 835 
5 
838 839 840 1955 1956 
4 
837 839 840 1955 
6 
837 838 840 1465 1466 1809 
4 
837 838 839 1465 
7 
842 843 844 1187 1188 1717 1718 
6 
841 843 844 1187 1718 1728 
5 
841 842 844 1718 1719 
7 
841 842 843 1717 1718 1719 1720 
7 
846 847 848 1661 1662 1663 1664 
5 
845 847 848 1662 1663 
5 
845 846 848 1663 1882 
7 
845 846 847 1663 1664 1881 1882 
5 
288 367 850 851 852 
6 
287 288 849 851 852 1052 
4 
849 850 852 1998 
5 
849 850 851 1997 1998 
3 
854 855 856 
4 
853 855 856 1373 
6 
229 853 854 856 1373 1376 
4 
853 854 855 1362 
8 
544 824 858 859 860 1143 1144 1764 
15 
285 543 544 823 824 857 859 860 1143 1381 1384 1763 1764 1813 1816 
8 
285 288 366 857 858 860 1384 1816 
5 
365 366 857 858 859 
3 
862 863 864 
3 
861 863 864 
3 
861 862 864 
3 
861 862 863 
5 
593 596 866 867 868 
7 
593 594 595 596 865 867 868 
6 
595 596 865 866 868 1585 
4 
596 865 866 867 
4 
793 870 871 872 
5 
793 794 869 871 872 
8 
793 794 795 796 869 870 872 1853 
5 
793 796 869 870 871 
3 
874 875 876 
3 
873 875 876 
3 
873 874 876 
3 
873 874 875 
6 
45 48 878 879 880 1785 
8 
45 46 47 48 877 879 880 1786 
7 
47 48 877 878 880 1786 1787 
6 
48 877 878 879 1785 1788 
7 
882 883 884 1557 1623 1630 1631 
6 
125 881 883 884 1557 1558 
9 
125 128 881 882 884 1557 1558 1559 1560 
6 
881 882 883 1557 1560 1631 
7 
549 550 551 552 886 887 888 
7 
550 551 885 887 888 1861 1864 
6 
233 551 885 886 888 1864 
5 
551 552 885 886 887 
3 
890 891 892 
3 
889 891 892 
3 
889 890 892 
3 
889 890 891 
3 
894 895 896 
3 
893 895 896 
3 
893 894 896 
4 
893 894 895 1538 
3 
898 899 900 
6 
409 412 897 899 900 1532 
4 
412 897 898 900 
3 
897 898 899 
5 
902 903 904 1874 1875 
3 
901 903 904 
3 
901 902 904 
4 
901 902 903 1875 
7 
782 783 906 907 908 1929 1930 
5 
93 905 907 908 1930 
8 
93 96 282 905 906 908 1930 1931 
10 
281 282 783 905 906 907 1929 1930 1931 1932 
3 
910 911 912 
3 
909 911 912 
5 
909 910 912 1030 1334 
8 
909 910 911 1029 1030 1174 1333 1334 
7 
683 914 915 916 1681 1865 1866 
6 
913 915 916 1681 1682 1866 
12 
913 914 916 1681 1682 1683 1684 1837 1838 1866 1867 1942 
12 
913 914 915 1681 1684 1837 1865 1866 1867 1868 1941 1942 
5 
918 919 920 949 952 
7 
917 919 920 949 950 951 952 
7 
917 918 920 951 952 1254 1770 
7 
917 918 919 952 1253 1254 1769 
4 
922 923 924 1601 
5 
921 923 924 1601 1602 
7 
921 922 924 1601 1602 1603 1604 
5 
921 922 923 1601 1604 
4 
261 926 927 928 
6 
261 262 925 927 928 1217 
9 
261 262 263 264 925 926 928 1217 1220 
5 
261 264 925 926 927 
4 
930 931 932 1348 
6 
253 929 931 932 1347 1348 
6 
253 256 929 930 932 1938 
5 
929 930 931 1937 1938 
4 
777 934 935 936 
5 
777 778 933 935 936 
7 
777 778 779 780 933 934 936 
5 
777 780 933 934 935 
6 
790 938 939 940 953 1562 
5 
937 939 940 953 954 
9 
937 938 940 953 954 955 956 1117 1118 
10 
790 791 937 938 939 953 956 1117 1562 1563 
9 
500 805 806 807 808 942 943 944 992 
9 
499 500 806 807 941 943 944 991 992 
5 
807 941 942 944 1170 
8 
526 807 808 941 942 943 1169 1170 
3 
946 947 948 
4 
301 945 947 948 
5 
301 304 945 946 948 
3 
945 946 947 
5 
917 918 950 951 952 
4 
918 949 951 952 
5 
918 919 949 950 952 
7 
917 918 919 920 949 950 951 
10 
790 791 937 938 939 940 954 955 956 1117 
7 
938 939 953 955 956 1117 1118 
9 
185 939 953 954 956 1117 1118 1119 1120 
8 
791 939 940 953 954 955 1117 1120 
9 
55 56 958 959 960 1687 1688 1723 1724 
8 
55 145 957 959 960 1437 1687 1723 
7 
145 148 957 958 960 1437 1440 
3 
957 958 959 
5 
649 650 962 963 964 
6 
650 961 963 964 1369 1372 
6 
650 651 961 962 964 1372 
7 
649 650 651 652 961 962 963 
3 
966 967 968 
3 
965 967 968 
3 
965 966 968 
4 
10 965 966 967 
4 
970 971 972 1958 
3 
969 971 972 
4 
786 969 970 972 
6 
785 786 969 970 971 1959 
4 
180 974 975 976 
5 
179 180 973 975 976 
3 
973 974 976 
3 
973 974 975 
7 
91 92 535 536 978 979 980 
7 
91 489 492 535 977 979 980 
5 
492 977 978 980 1401 
3 
977 978 979 
9 
433 982 983 984 1265 1266 1267 1268 1672 
9 
433 434 981 983 984 1266 1267 1671 1672 
8 
433 434 435 436 981 982 984 1267 
7 
433 436 981 982 983 1267 1268 
7 
986 987 988 1209 1212 1377 1380 
12 
105 985 987 988 1209 1210 1211 1212 1377 1378 1379 1380 
8 
108 985 986 988 1211 1212 1379 1380 
5 
985 986 987 1212 1380 
7 
497 498 499 500 990 991 992 
6 
498 499 989 991 992 1061 
7 
499 942 989 990 992 1061 1064 
8 
499 500 806 941 942 989 990 991 
3 
994 995 996 
3 
993 995 996 
3 
993 994 996 
3 
993 994 995 
4 
292 998 999 1000 
6 
291 292 997 999 1000 1473 
6 
997 998 1000 1473 1476 1798 
5 
997 998 999 1797 1798 
8 
25 28 117 120 629 1002 1003 1004 
13 
25 26 27 28 117 118 119 120 629 630 1001 1003 1004 
11 
27 28 119 120 629 630 631 632 1001 1002 1004 
7 
28 120 629 632 1001 1002 1003 
3 
1006 1007 1008 
3 
1005 1007 1008 
3 
1005 1006 1008 
4 
406 1005 1006 1007 
4 
1010 1011 1012 1993 
5 
1009 1011 1012 1993 1994 
7 
1009 1010 1012 1993 1994 1995 1996 
5 
1009 1010 1011 1993 1996 
9 
458 459 487 488 1014 1015 1016 1949 1950 
5 
487 1013 1015 1016 1950 
5 
1013 1014 1016 1950 1951 
8 
459 1013 1014 1015 1949 1950 1951 1952 
9 
577 578 579 580 1018 1019 1020 1034 1701 
7 
578 579 1017 1019 1020 1701 1702 
9 
579 1017 1018 1020 1701 1702 1703 1704 1969 
9 
579 580 1017 1018 1019 1034 1035 1701 1704 
4 
1022 1023 1024 1208 
7 
1021 1023 1024 1207 1208 1397 1400 
4 
1021 1022 1024 1400 
3 
1021 1022 1023 
6 
1026 1027 1028 1697 1700 1854 
8 
1025 1027 1028 1164 1697 1698 1699 1700 
5 
1025 1026 1028 1699 1700 
6 
1025 1026 1027 1700 1854 1855 
7 
912 1030 1031 1032 1174 1333 1334 
6 
911 912 1029 1031 1032 1334 
4 
1029 1030 1032 1335 
7 
1029 1030 1031 1174 1175 1335 1336 
3 
1034 1035 1036 
8 
577 580 1017 1020 1033 1035 1036 1701 
9 
580 1020 1033 1034 1036 1529 1530 1701 1704 
4 
1033 1034 1035 1529 
7 
257 258 259 260 1038 1039 1040 
5 
258 259 1037 1039 1040 
4 
259 1037 1038 1040 
5 
259 260 1037 1038 1039 
5 
648 816 1042 1043 1044 
10 
245 248 647 648 815 816 1041 1043 1044 1160 
4 
248 1041 1042 1044 
3 
1041 1042 1043 
5 
309 312 1046 1047 1048 
7 
309 310 311 312 1045 1047 1048 
6 
311 312 1045 1046 1048 1341 
4 
312 1045 1046 1047 
10 
286 823 1050 1051 1052 1383 1384 1763 1815 1816 
6 
1049 1051 1052 1383 1636 1815 
3 
1049 1050 1052 
6 
286 287 850 1049 1050 1051 
3 
1054 1055 1056 
4 
1053 1055 1056 1925 
5 
1053 1054 1056 1925 1928 
3 
1053 1054 1055 
3 
1058 1059 1060 
6 
8 1057 1059 1060 1613 1616 
4 
1057 1058 1060 1616 
3 
1057 1058 1059 
7 
498 499 990 991 1062 1063 1064 
5 
1061 1063 1064 1073 1076 
4 
1061 1062 1064 1076 
5 
499 991 1061 1062 1063 
5 
341 765 1066 1067 1068 
7 
341 342 765 766 1065 1067 1068 
12 
341 342 343 344 381 765 766 767 768 1065 1066 1068 
7 
341 344 765 768 1065 1066 1067 
7 
1070 1071 1072 1085 1086 1087 1088 
5 
1069 1071 1072 1086 1087 
4 
1069 1070 1072 1087 
5 
1069 1070 1071 1087 1088 
5 
444 1062 1074 1075 1076 
6 
443 444 769 1073 1075 1076 
5 
769 772 1073 1074 1076 
5 
1062 1063 1073 1074 1075 
4 
538 1078 1079 1080 
3 
1077 1079 1080 
3 
1077 1078 1080 
5 
538 539 1077 1078 1079 
5 
804 1082 1083 1084 1421 
7 
803 804 1081 1083 1084 1421 1422 
7 
1081 1082 1084 1421 1422 1423 1424 
5 
1081 1082 1083 1421 1424 
4 
1069 1086 1087 1088 
5 
1069 1070 1085 1087 1088 
7 
1069 1070 1071 1072 1085 1086 1088 
5 
1069 1072 1085 1086 1087 
12 
741 1090 1091 1092 1123 1261 1262 1263 1264 1269 1272 1605 
13 
741 742 1089 1091 1092 1262 1263 1269 1270 1271 1272 1605 1606 
17 
274 565 566 741 742 743 744 1089 1090 1092 1263 1271 1272 1605 1606 1607 1608 
13 
273 274 565 741 744 1089 1090 1091 1263 1264 1272 1605 1608 
3 
1094 1095 1096 
3 
1093 1095 1096 
5 
37 38 1093 1094 1096 
5 
37 1093 1094 1095 1234 
4 
1098 1099 1100 1677 
6 
1097 1099 1100 1313 1678 1872 
6 
1097 1098 1100 1313 1316 1679 
4 
1097 1098 1099 1680 
5 
173 176 1102 1103 1104 
8 
173 174 175 176 1101 1103 1104 1964 
5 
175 176 1101 1102 1104 
4 
176 1101 1102 1103 
5 
1106 1107 1108 1594 1595 
3 
1105 1107 1108 
3 
1105 1106 1108 
4 
1105 1106 1107 1595 
3 
1110 1111 1112 
3 
1109 1111 1112 
3 
1109 1110 1112 
4 
178 1109 1110 1111 
3 
1114 1115 1116 
4 
664 1113 1115 1116 
3 
1113 1114 1116 
4 
50 1113 1114 1115 
9 
939 940 953 954 955 956 1118 1119 1120 
6 
939 954 955 1117 1119 1120 
8 
185 186 429 430 955 1117 1118 1120 
7 
185 429 955 956 1117 1118 1119 
5 
1122 1123 1124 1998 1999 
4 
1121 1123 1124 1196 
6 
1089 1121 1122 1124 1261 1262 
5 
1121 1122 1123 1261 1999 
4 
1126 1127 1128 1510 
3 
1125 1127 1128 
4 
1125 1126 1128 1733 
4 
1125 1126 1127 1511 
4 
132 1130 1131 1132 
5 
131 132 1129 1131 1132 
5 
305 1129 1130 1132 1913 
3 
1129 1130 1131 
4 
697 1134 1135 1136 
5 
697 698 1133 1135 1136 
8 
697 698 699 700 1133 1134 1136 1481 
5 
697 700 1133 1134 1135 
4 
1138 1139 1140 1846 
3 
1137 1139 1140 
3 
1137 1138 1140 
5 
1137 1138 1139 1846 1847 
3 
1142 1143 1144 
6 
541 821 1141 1143 1144 1761 
11 
541 544 821 824 857 858 1141 1142 1144 1761 1764 
4 
857 1141 1142 1143 
13 
1146 1147 1148 1521 1522 1745 1746 1747 1748 1834 1835 1899 1900 
7 
1145 1147 1148 1522 1746 1747 1899 
6 
1145 1146 1148 1522 1523 1747 
10 
1145 1146 1147 1521 1522 1523 1524 1747 1748 1835 
4 
439 1150 1151 1152 
3 
1149 1151 1152 
3 
1149 1150 1152 
3 
1149 1150 1151 
3 
1154 1155 1156 
3 
1153 1155 1156 
3 
1153 1154 1156 
3 
1153 1154 1155 
7 
645 646 813 814 1158 1159 1160 
5 
646 814 1157 1159 1160 
9 
245 246 646 647 814 815 1157 1158 1160 
13 
245 645 646 647 648 813 814 815 816 1042 1157 1158 1159 
3 
1162 1163 1164 
3 
1161 1163 1164 
4 
1161 1162 1164 1698 
6 
1026 1161 1162 1163 1697 1698 
3 
1166 1167 1168 
3 
1165 1167 1168 
4 
290 1165 1166 1168 
4 
289 1165 1166 1167 
8 
525 526 527 528 944 1170 1171 1172 
7 
526 527 943 944 1169 1171 1172 
4 
527 1169 1170 1172 
5 
527 528 1169 1170 1171 
3 
1174 1175 1176 
8 
912 1029 1032 1173 1175 1176 1333 1336 
5 
1032 1173 1174 1176 1336 
3 
1173 1174 1175 
5 
308 1178 1179 1180 1916 
7 
307 308 1177 1179 1180 1915 1916 
3 
1177 1178 1180 
3 
1177 1178 1179 
7 
1182 1183 1184 1337 1338 1339 1340 
9 
1181 1183 1184 1338 1339 1521 1833 1897 1900 
9 
1181 1182 1184 1339 1521 1524 1833 1836 1900 
5 
1181 1182 1183 1339 1340 
3 
1186 1187 1188 
4 
1185 1187 1188 1725 
8 
841 842 1185 1186 1188 1718 1725 1728 
6 
841 1185 1186 1187 1717 1718 
7 
197 198 829 830 1190 1191 1192 
5 
198 830 1189 1191 1192 
7 
198 199 830 831 1189 1190 1192 
11 
197 198 199 200 829 830 831 832 1189 1190 1191 
5 
1194 1195 1196 1549 1552 
11 
1193 1195 1196 1549 1550 1551 1552 1689 1692 1885 1888 
10 
609 1193 1194 1196 1269 1270 1551 1552 1692 1888 
6 
1122 1193 1194 1195 1269 1552 
6 
30 786 787 1198 1199 1200 
4 
713 1197 1199 1200 
5 
713 716 1197 1198 1200 
6 
30 31 787 1197 1198 1199 
3 
1202 1203 1204 
3 
1201 1203 1204 
4 
1201 1202 1204 1966 
5 
1201 1202 1203 1965 1966 
5 
1206 1207 1208 1926 1927 
3 
1205 1207 1208 
8 
157 1022 1205 1206 1208 1397 1398 1445 
7 
1021 1022 1205 1206 1207 1397 1927 
8 
105 985 986 1210 1211 1212 1377 1378 
7 
105 106 986 1209 1211 1212 1378 
10 
105 106 107 108 986 987 1209 1210 1212 1379 
11 
105 108 985 986 987 988 1209 1210 1211 1379 1380 
3 
1214 1215 1216 
4 
1213 1215 1216 1976 
3 
1213 1214 1216 
3 
1213 1214 1215 
9 
261 262 263 264 926 927 1218 1219 1220 
5 
262 263 1217 1219 1220 
4 
263 1217 1218 1220 
6 
263 264 927 1217 1218 1219 
4 
219 1222 1223 1224 
3 
1221 1223 1224 
3 
1221 1222 1224 
3 
1221 1222 1223 
3 
1226 1227 1228 
5 
557 1225 1227 1228 1300 
5 
557 560 1225 1226 1228 
3 
1225 1226 1227 
3 
1230 1231 1232 
3 
1229 1231 1232 
3 
1229 1230 1232 
3 
1229 1230 1231 
3 
1234 1235 1236 
5 
37 1096 1233 1235 1236 
6 
37 40 345 1233 1234 1236 
3 
1233 1234 1235 
9 
142 143 169 172 1238 1239 1240 1425 1486 
9 
169 170 171 172 1237 1239 1240 1425 1426 
11 
171 172 1237 1238 1240 1425 1426 1427 1428 1641 1642 
10 
143 172 1237 1238 1239 1425 1428 1486 1487 1641 
7 
186 187 430 431 1242 1243 1244 
3 
1241 1243 1244 
3 
1241 1242 1244 
5 
187 431 1241 1242 1243 
3 
1246 1247 1248 
3 
1245 1247 1248 
3 
1245 1246 1248 
5 
90 534 1245 1246 1247 
3 
1250 1251 1252 
5 
1249 1251 1252 1933 1936 
4 
1249 1250 1252 1936 
3 
1249 1250 1251 
8 
106 107 920 1254 1255 1256 1769 1845 
9 
919 920 1253 1255 1256 1769 1770 1845 1846 
12 
418 1253 1254 1256 1769 1770 1771 1772 1845 1846 1847 1848 
10 
107 417 418 1253 1254 1255 1769 1772 1845 1848 
7 
39 40 347 348 1258 1259 1260 
5 
39 347 1257 1259 1260 
3 
1257 1258 1260 
3 
1257 1258 1259 
6 
1089 1123 1124 1262 1263 1264 
8 
1089 1090 1123 1261 1263 1264 1269 1272 
14 
274 565 741 742 1089 1090 1091 1092 1261 1262 1264 1272 1605 1606 
9 
273 274 741 1089 1092 1261 1262 1263 1605 
6 
981 1266 1267 1268 1669 1672 
9 
981 982 1265 1267 1268 1669 1670 1671 1672 
10 
433 981 982 983 984 1265 1266 1268 1671 1672 
6 
981 984 1265 1266 1267 1672 
8 
1089 1090 1195 1196 1262 1270 1271 1272 
7 
609 612 1090 1195 1269 1271 1272 
8 
612 742 1090 1091 1269 1270 1272 1606 
13 
741 742 1089 1090 1091 1092 1262 1263 1269 1270 1271 1605 1606 
5 
166 1274 1275 1276 1553 
5 
1273 1275 1276 1553 1554 
7 
1273 1274 1276 1553 1554 1555 1556 
6 
167 1273 1274 1275 1553 1556 
5 
1278 1279 1280 1414 1519 
3 
1277 1279 1280 
3 
1277 1278 1280 
5 
1277 1278 1279 1414 1415 
6 
1282 1283 1284 1826 1945 1946 
4 
1281 1283 1284 1946 
5 
1281 1282 1284 1946 1947 
9 
1281 1282 1283 1826 1827 1945 1946 1947 1948 
9 
582 583 665 666 667 668 1286 1287 1288 
5 
666 667 1285 1287 1288 
4 
667 1285 1286 1288 
6 
583 667 668 1285 1286 1287 
8 
410 411 681 684 1290 1291 1292 1531 
8 
508 681 682 683 684 1289 1291 1292 
6 
683 684 1289 1290 1292 1865 
5 
411 684 1289 1290 1291 
3 
1294 1295 1296 
3 
1293 1295 1296 
3 
1293 1294 1296 
3 
1293 1294 1295 
7 
223 224 1298 1299 1300 1402 1403 
4 
223 1297 1299 1300 
3 
1297 1298 1300 
5 
1226 1297 1298 1299 1403 
3 
1302 1303 1304 
4 
141 1301 1303 1304 
7 
141 144 1301 1302 1304 1485 1486 
4 
1301 1302 1303 1485 
3 
1306 1307 1308 
3 
1305 1307 1308 
3 
1305 1306 1308 
5 
1305 1306 1307 1442 1758 
5 
315 316 1310 1311 1312 
4 
315 1309 1311 1312 
3 
1309 1310 1312 
3 
1309 1310 1311 
7 
1098 1099 1314 1315 1316 1678 1679 
4 
1313 1315 1316 1388 
3 
1313 1314 1316 
5 
1099 1313 1314 1315 1679 
7 
81 82 83 84 1318 1319 1320 
7 
82 83 465 468 1317 1319 1320 
5 
83 468 1317 1318 1320 
5 
83 84 1317 1318 1319 
3 
1322 1323 1324 
3 
1321 1323 1324 
3 
1321 1322 1324 
3 
1321 1322 1323 
5 
1326 1327 1328 1611 1612 
4 
1325 1327 1328 1611 
3 
1325 1326 1328 
3 
1325 1326 1327 
3 
1330 1331 1332 
3 
1329 1331 1332 
3 
1329 1330 1332 
3 
1329 1330 1331 
6 
912 1029 1174 1334 1335 1336 
7 
911 912 1029 1030 1333 1335 1336 
5 
1031 1032 1333 1334 1336 
6 
1032 1174 1175 1333 1334 1335 
6 
1181 1338 1339 1340 1406 1407 
6 
1181 1182 1337 1339 1340 1833 
9 
1181 1182 1183 1184 1337 1338 1340 1833 1836 
6 
1181 1184 1337 1338 1339 1407 
7 
311 797 798 1047 1342 1343 1344 
6 
798 1341 1343 1344 1537 1540 
6 
798 799 1341 1342 1344 1540 
7 
797 798 799 800 1341 1342 1343 
4 
148 1346 1347 1348 
5 
147 148 1345 1347 1348 
5 
253 930 1345 1346 1348 
5 
929 930 1345 1346 1347 
3 
1350 1351 1352 
3 
1349 1351 1352 
3 
1349 1350 1352 
4 
46 1349 1350 1351 
8 
617 618 834 1354 1355 1356 1619 1620 
5 
618 1353 1355 1356 1619 
7 
618 619 1353 1354 1356 1461 1462 
10 
617 618 619 620 834 835 1353 1354 1355 1461 
7 
318 319 545 548 1358 1359 1360 
7 
545 546 547 548 1357 1359 1360 
5 
547 548 1357 1358 1360 
5 
319 548 1357 1358 1359 
4 
1362 1363 1364 1635 
5 
17 856 1361 1363 1364 
5 
17 20 1361 1362 1364 
3 
1361 1362 1363 
3 
1366 1367 1368 
5 
201 204 1365 1367 1368 
4 
204 1365 1366 1368 
3 
1365 1366 1367 
5 
650 962 1370 1371 1372 
5 
325 328 1369 1371 1372 
4 
328 1369 1370 1372 
7 
650 651 962 963 1369 1370 1371 
7 
229 230 854 855 1374 1375 1376 
7 
230 605 1373 1375 1376 1485 1488 
8 
230 231 605 608 1373 1374 1376 1488 
8 
229 230 231 232 855 1373 1374 1375 
6 
985 986 1209 1378 1379 1380 
7 
105 986 1209 1210 1377 1379 1380 
9 
105 108 986 987 1211 1212 1377 1378 1380 
8 
985 986 987 988 1212 1377 1378 1379 
11 
543 822 823 858 1382 1383 1384 1762 1763 1813 1816 
10 
1381 1383 1384 1633 1636 1813 1814 1815 1816 1844 
9 
286 1049 1050 1381 1382 1384 1636 1815 1816 
11 
285 286 823 858 859 1049 1381 1382 1383 1763 1816 
8 
79 1386 1387 1388 1869 1870 1871 1872 
6 
161 1385 1387 1388 1870 1871 
6 
161 164 1385 1386 1388 1871 
6 
1314 1385 1386 1387 1871 1872 
4 
1390 1391 1392 1657 
4 
1389 1391 1392 1658 
5 
1389 1390 1392 1658 1659 
6 
370 1389 1390 1391 1657 1660 
3 
1394 1395 1396 
3 
1393 1395 1396 
3 
1393 1394 1396 
3 
1393 1394 1395 
6 
1022 1207 1208 1398 1399 1400 
7 
157 1207 1397 1399 1400 1445 1448 
6 
157 160 1397 1398 1400 1448 
5 
1022 1023 1397 1398 1399 
6 
491 492 979 1402 1403 1404 
7 
221 224 491 1297 1401 1403 1404 
6 
224 1297 1300 1401 1402 1404 
3 
1401 1402 1403 
7 
506 507 1406 1407 1408 1970 1971 
4 
1337 1405 1407 1408 
5 
1337 1340 1405 1406 1408 
5 
507 1405 1406 1407 1971 
3 
1410 1411 1412 
3 
1409 1411 1412 
4 
378 1409 1410 1412 
5 
377 378 1409 1410 1411 
10 
575 1414 1415 1416 1458 1459 1649 1650 1651 1652 
7 
1277 1280 1413 1415 1416 1650 1651 
5 
1280 1413 1414 1416 1651 
6 
1413 1414 1415 1459 1651 1652 
3 
1418 1419 1420 
4 
1417 1419 1420 1492 
3 
1417 1418 1420 
3 
1417 1418 1419 
7 
1081 1082 1083 1084 1422 1423 1424 
5 
1082 1083 1421 1423 1424 
4 
1083 1421 1422 1424 
5 
1083 1084 1421 1422 1423 
11 
143 169 172 1237 1238 1239 1240 1426 1427 1428 1641 
13 
169 170 171 172 1238 1239 1425 1427 1428 1433 1436 1641 1642 
11 
171 172 1239 1425 1426 1428 1436 1641 1642 1643 1644 
9 
172 730 1239 1240 1425 1426 1427 1641 1644 
3 
1430 1431 1432 
5 
581 584 1429 1431 1432 
4 
584 1429 1430 1432 
3 
1429 1430 1431 
6 
170 171 1426 1434 1435 1436 
3 
1433 1435 1436 
3 
1433 1434 1436 
7 
171 1426 1427 1433 1434 1435 1642 
7 
145 146 958 959 1438 1439 1440 
4 
146 1437 1439 1440 
5 
146 147 1437 1438 1440 
8 
145 146 147 148 959 1437 1438 1439 
5 
1442 1443 1444 1757 1760 
8 
1308 1441 1443 1444 1757 1758 1759 1760 
5 
1441 1442 1444 1759 1760 
4 
1441 1442 1443 1760 
6 
157 1207 1398 1446 1447 1448 
5 
157 158 1445 1447 1448 
7 
157 158 159 160 1445 1446 1448 
7 
157 160 1398 1399 1445 1446 1447 
6 
493 1450 1451 1452 1456 1523 
7 
493 494 1449 1451 1452 1455 1456 
7 
493 494 495 496 1449 1450 1452 
5 
493 496 1449 1450 1451 
3 
1454 1455 1456 
3 
1453 1455 1456 
5 
494 1450 1453 1454 1456 
7 
493 494 1449 1450 1453 1454 1455 
9 
482 483 573 576 1458 1459 1460 1649 1652 
13 
573 574 575 576 1413 1457 1459 1460 1520 1649 1650 1651 1652 
9 
575 576 1413 1416 1457 1458 1460 1651 1652 
6 
483 576 1457 1458 1459 1652 
6 
619 1355 1356 1462 1463 1464 
4 
1355 1461 1463 1464 
3 
1461 1462 1464 
3 
1461 1462 1463 
5 
839 840 1466 1467 1468 
5 
839 1465 1467 1468 1809 
4 
1465 1466 1468 1812 
3 
1465 1466 1467 
5 
633 634 1470 1471 1472 
5 
340 634 1469 1471 1472 
7 
621 622 634 635 1469 1470 1472 
8 
621 633 634 635 636 1469 1470 1471 
6 
291 998 999 1474 1475 1476 
3 
1473 1475 1476 
3 
1473 1474 1476 
4 
999 1473 1474 1475 
3 
1478 1479 1480 
5 
649 652 1477 1479 1480 
4 
652 1477 1478 1480 
3 
1477 1478 1479 
6 
698 699 1135 1482 1483 1484 
3 
1481 1483 1484 
3 
1481 1482 1484 
5 
699 1481 1482 1483 1706 
7 
144 1303 1304 1374 1486 1487 1488 
8 
143 144 1237 1240 1303 1485 1487 1488 
6 
605 606 1240 1485 1486 1488 
7 
230 605 1374 1375 1485 1486 1487 
3 
1490 1491 1492 
3 
1489 1491 1492 
3 
1489 1490 1492 
4 
1418 1489 1490 1491 
3 
1494 1495 1496 
3 
1493 1495 1496 
3 
1493 1494 1496 
3 
1493 1494 1495 
3 
1498 1499 1500 
3 
1497 1499 1500 
3 
1497 1498 1500 
3 
1497 1498 1499 
3 
1502 1503 1504 
3 
1501 1503 1504 
5 
6 398 1501 1502 1504 
7 
5 6 397 398 1501 1502 1503 
8 
453 454 455 456 1506 1507 1508 1732 
7 
454 455 1505 1507 1508 1731 1732 
4 
455 1505 1506 1508 
5 
455 456 1505 1506 1507 
5 
415 1510 1511 1512 1858 
4 
1125 1509 1511 1512 
4 
1128 1509 1510 1512 
5 
1509 1510 1511 1858 1859 
3 
1514 1515 1516 
3 
1513 1515 1516 
3 
1513 1514 1516 
3 
1513 1514 1515 
3 
1518 1519 1520 
3 
1517 1519 1520 
5 
1277 1517 1518 1520 1650 
7 
574 1458 1517 1518 1519 1649 1650 
14 
1145 1148 1182 1183 1522 1523 1524 1748 1833 1834 1835 1836 1899 1900 
12 
1145 1146 1147 1148 1521 1523 1524 1747 1748 1834 1835 1899 
7 
1147 1148 1449 1521 1522 1524 1835 
7 
1148 1183 1521 1522 1523 1835 1836 
3 
1526 1527 1528 
3 
1525 1527 1528 
3 
1525 1526 1528 
4 
1525 1526 1527 1778 
7 
409 410 1035 1036 1530 1531 1532 
6 
410 1035 1529 1531 1532 1704 
6 
410 411 1289 1529 1530 1532 
8 
409 410 411 412 898 1529 1530 1531 
3 
1534 1535 1536 
3 
1533 1535 1536 
3 
1533 1534 1536 
3 
1533 1534 1535 
4 
1342 1538 1539 1540 
4 
896 1537 1539 1540 
3 
1537 1538 1540 
5 
1342 1343 1537 1538 1539 
5 
1542 1543 1544 1773 1776 
5 
1541 1543 1544 1774 1775 
4 
1541 1542 1544 1775 
4 
1541 1542 1543 1776 
3 
1546 1547 1548 
3 
1545 1547 1548 
3 
1545 1546 1548 
3 
1545 1546 1547 
8 
1193 1194 1550 1551 1552 1689 1885 1888 
11 
20 1194 1549 1551 1552 1689 1690 1885 1886 1887 1888 
11 
1194 1195 1549 1550 1552 1689 1690 1691 1692 1887 1888 
10 
1193 1194 1195 1196 1549 1550 1551 1689 1692 1888 
7 
1273 1274 1275 1276 1554 1555 1556 
5 
1274 1275 1553 1555 1556 
4 
1275 1553 1554 1556 
5 
1275 1276 1553 1554 1555 
9 
125 881 882 883 884 1558 1559 1560 1631 
7 
125 126 882 883 1557 1559 1560 
6 
127 128 883 1557 1558 1560 
6 
128 883 884 1557 1558 1559 
4 
789 1562 1563 1564 
7 
789 790 937 940 1561 1563 1564 
6 
791 792 940 1561 1562 1564 
5 
792 1561 1562 1563 1894 
4 
625 1566 1567 1568 
5 
625 626 1565 1567 1568 
7 
625 626 627 628 1565 1566 1568 
5 
625 628 1565 1566 1567 
6 
71 72 98 1570 1571 1572 
4 
71 1569 1571 1572 
3 
1569 1570 1572 
5 
98 99 1569 1570 1571 
3 
1574 1575 1576 
3 
1573 1575 1576 
3 
1573 1574 1576 
3 
1573 1574 1575 
6 
1578 1579 1580 1737 1738 1967 
4 
1577 1579 1580 1738 
4 
1577 1578 1580 1739 
5 
1577 1578 1579 1739 1740 
4 
399 1582 1583 1584 
4 
1581 1583 1584 1804 
3 
1581 1582 1584 
3 
1581 1582 1583 
4 
867 1586 1587 1588 
4 
1585 1587 1588 1893 
5 
1585 1586 1588 1893 1896 
3 
1585 1586 1587 
3 
1590 1591 1592 
3 
1589 1591 1592 
3 
1589 1590 1592 
3 
1589 1590 1591 
7 
477 478 1594 1595 1596 1597 1598 
6 
478 1105 1593 1595 1596 1598 
9 
478 479 1105 1108 1593 1594 1596 1598 1599 
11 
477 478 479 480 1593 1594 1595 1597 1598 1599 1600 
7 
477 478 1593 1596 1598 1599 1600 
8 
478 1593 1594 1595 1596 1597 1599 1600 
7 
478 479 1595 1596 1597 1598 1600 
8 
477 478 479 480 1596 1597 1598 1599 
7 
921 922 923 924 1602 1603 1604 
5 
922 923 1601 1603 1604 
4 
923 1601 1602 1604 
5 
923 924 1601 1602 1603 
14 
274 565 741 744 1089 1090 1091 1092 1263 1264 1272 1606 1607 1608 
15 
565 566 612 741 742 743 744 1090 1091 1263 1271 1272 1605 1607 1608 
10 
565 566 567 568 743 744 1091 1605 1606 1608 
10 
274 275 565 568 744 1091 1092 1605 1606 1607 
5 
1610 1611 1612 1715 1716 
4 
1609 1611 1612 1715 
5 
1325 1326 1609 1610 1612 
4 
1325 1609 1610 1611 
7 
7 8 400 1058 1614 1615 1616 
6 
7 399 400 1613 1615 1616 
3 
1613 1614 1616 
5 
1058 1059 1613 1614 1615 
3 
1618 1619 1620 
3 
1617 1619 1620 
6 
618 1353 1354 1617 1618 1620 
7 
617 618 834 1353 1617 1618 1619 
4 
43 1622 1623 1624 
3 
1621 1623 1624 
6 
881 1621 1622 1624 1629 1630 
4 
1621 1622 1623 1629 
3 
1626 1627 1628 
3 
1625 1627 1628 
3 
1625 1626 1628 
4 
338 1625 1626 1627 
5 
1623 1624 1630 1631 1632 
5 
881 1623 1629 1631 1632 
6 
881 884 1557 1629 1630 1632 
3 
1629 1630 1631 
7 
1382 1634 1635 1636 1814 1843 1844 
4 
1633 1635 1636 1843 
4 
1361 1633 1634 1636 
7 
1050 1382 1383 1633 1634 1635 1815 
7 
295 296 586 587 1638 1639 1640 
4 
295 1637 1639 1640 
3 
1637 1638 1640 
4 
587 1637 1638 1639 
12 
171 172 730 1239 1240 1425 1426 1427 1428 1642 1643 1644 
8 
171 1239 1426 1427 1436 1641 1643 1644 
4 
1427 1641 1642 1644 
7 
730 731 1427 1428 1641 1642 1643 
6 
445 635 636 1646 1647 1648 
7 
445 446 624 635 1645 1647 1648 
8 
22 445 446 447 448 1645 1646 1648 
7 
21 22 445 448 1645 1646 1647 
11 
573 574 575 576 1413 1457 1458 1520 1650 1651 1652 
10 
574 575 1413 1414 1458 1519 1520 1649 1651 1652 
10 
575 1413 1414 1415 1416 1458 1459 1649 1650 1652 
11 
575 576 1413 1416 1457 1458 1459 1460 1649 1650 1651 
7 
1654 1655 1656 1901 1902 1903 1904 
5 
1653 1655 1656 1902 1903 
4 
1653 1654 1656 1903 
5 
1653 1654 1655 1903 1904 
5 
1389 1392 1658 1659 1660 
5 
1390 1391 1657 1659 1660 
4 
1391 1657 1658 1660 
5 
370 1392 1657 1658 1659 
4 
845 1662 1663 1664 
5 
845 846 1661 1663 1664 
7 
845 846 847 848 1661 1662 1664 
5 
845 848 1661 1662 1663 
3 
1666 1667 1668 
3 
1665 1667 1668 
3 
1665 1666 1668 
3 
1665 1666 1667 
5 
1265 1266 1670 1671 1672 
4 
1266 1669 1671 1672 
6 
982 1266 1267 1669 1670 1672 
9 
981 982 1265 1266 1267 1268 1669 1670 1671 
4 
114 1674 1675 1676 
3 
1673 1675 1676 
3 
1673 1674 1676 
5 
114 115 1673 1674 1675 
4 
1097 1678 1679 1680 
6 
1098 1313 1677 1679 1680 1872 
6 
1099 1313 1316 1677 1678 1680 
4 
1100 1677 1678 1679 
11 
913 914 915 916 1682 1683 1684 1837 1838 1866 1942 
6 
914 915 1681 1683 1684 1838 
9 
153 637 638 915 1681 1682 1684 1838 1839 
13 
637 915 916 1681 1682 1683 1837 1838 1839 1840 1867 1942 1943 
11 
53 54 55 56 1686 1687 1688 1721 1722 1723 1724 
7 
54 55 1685 1687 1688 1722 1723 
7 
55 957 958 1685 1686 1688 1723 
8 
55 56 957 1685 1686 1687 1723 1724 
10 
1194 1549 1550 1551 1552 1690 1691 1692 1885 1888 
10 
20 1550 1551 1689 1691 1692 1885 1886 1887 1888 
8 
609 610 1551 1689 1690 1692 1887 1888 
9 
609 1194 1195 1551 1552 1689 1690 1691 1888 
7 
418 419 1694 1695 1696 1847 1848 
4 
1693 1695 1696 1847 
3 
1693 1694 1696 
4 
419 1693 1694 1695 
6 
1025 1026 1164 1698 1699 1700 
6 
1026 1163 1164 1697 1699 1700 
5 
1026 1027 1697 1698 1700 
7 
1025 1026 1027 1028 1697 1698 1699 
11 
579 580 1017 1018 1019 1020 1034 1035 1702 1703 1704 
7 
579 1018 1019 1701 1703 1704 1969 
7 
505 1019 1701 1702 1704 1969 1972 
7 
1019 1020 1035 1530 1701 1702 1703 
4 
700 1706 1707 1708 
6 
699 700 1484 1705 1707 1708 
3 
1705 1706 1708 
3 
1705 1706 1707 
5 
653 656 1710 1711 1712 
9 
213 216 653 654 655 656 1709 1711 1712 
6 
216 655 656 1709 1710 1712 
4 
656 1709 1710 1711 
3 
1714 1715 1716 
3 
1713 1715 1716 
5 
1609 1610 1713 1714 1716 
4 
1609 1713 1714 1715 
6 
841 844 1188 1718 1719 1720 
10 
841 842 843 844 1187 1188 1717 1719 1720 1728 
5 
843 844 1717 1718 1720 
4 
844 1717 1718 1719 
5 
53 1685 1722 1723 1724 
7 
53 54 1685 1686 1721 1723 1724 
11 
55 56 957 958 1685 1686 1687 1688 1721 1722 1724 
7 
56 957 1685 1688 1721 1722 1723 
5 
1186 1187 1726 1727 1728 
3 
1725 1727 1728 
3 
1725 1726 1728 
6 
842 1187 1718 1725 1726 1727 
5 
453 454 1730 1731 1732 
4 
454 1729 1731 1732 
6 
454 455 1506 1729 1730 1732 
9 
453 454 455 456 1505 1506 1729 1730 1731 
4 
1127 1734 1735 1736 
3 
1733 1735 1736 
5 
241 242 1733 1734 1736 
4 
241 1733 1734 1735 
5 
1577 1738 1739 1740 1967 
5 
1577 1578 1737 1739 1740 
5 
1579 1580 1737 1738 1740 
4 
1580 1737 1738 1739 
3 
1742 1743 1744 
3 
1741 1743 1744 
3 
1741 1742 1744 
3 
1741 1742 1743 
10 
1145 1746 1747 1748 1833 1834 1897 1898 1899 1900 
8 
1145 1146 1745 1747 1748 1834 1898 1899 
11 
1145 1146 1147 1148 1522 1745 1746 1748 1834 1835 1899 
13 
1145 1148 1521 1522 1745 1746 1747 1833 1834 1835 1836 1899 1900 
3 
1750 1751 1752 
3 
1749 1751 1752 
3 
1749 1750 1752 
3 
1749 1750 1751 
5 
757 760 1754 1755 1756 
7 
757 758 759 760 1753 1755 1756 
5 
759 760 1753 1754 1756 
4 
760 1753 1754 1755 
5 
1441 1442 1758 1759 1760 
5 
1308 1442 1757 1759 1760 
5 
1442 1443 1757 1758 1760 
7 
1441 1442 1443 1444 1757 1758 1759 
13 
541 542 543 544 821 822 823 824 1142 1143 1762 1763 1764 
9 
542 543 822 823 1381 1761 1763 1764 1813 
13 
285 286 543 823 858 1049 1381 1384 1761 1762 1764 1813 1816 
11 
285 543 544 823 824 857 858 1143 1761 1762 1763 
6 
657 658 1766 1767 1768 1940 
6 
658 1765 1767 1768 1939 1940 
5 
658 659 1765 1766 1768 
7 
657 658 659 660 1765 1766 1767 
9 
920 1253 1254 1255 1256 1770 1771 1772 1845 
8 
919 1254 1255 1769 1771 1772 1845 1846 
8 
1255 1769 1770 1772 1845 1846 1847 1848 
8 
418 1255 1256 1769 1770 1771 1845 1848 
4 
1541 1774 1775 1776 
4 
1542 1773 1775 1776 
5 
1542 1543 1773 1774 1776 
5 
1541 1544 1773 1774 1775 
3 
1778 1779 1780 
4 
1528 1777 1779 1780 
4 
633 1777 1778 1780 
3 
1777 1778 1779 
6 
531 641 644 1782 1783 1784 
7 
641 642 643 644 1781 1783 1784 
5 
643 644 1781 1782 1784 
4 
644 1781 1782 1783 
7 
45 48 877 880 1786 1787 1788 
9 
45 46 47 48 878 879 1785 1787 1788 
6 
47 48 879 1785 1786 1788 
5 
48 880 1785 1786 1787 
4 
1790 1791 1792 1862 
4 
424 1789 1791 1792 
3 
1789 1790 1792 
5 
1789 1790 1791 1862 1863 
3 
1794 1795 1796 
3 
1793 1795 1796 
3 
1793 1794 1796 
3 
1793 1794 1795 
4 
1000 1798 1799 1800 
5 
999 1000 1797 1799 1800 
3 
1797 1798 1800 
3 
1797 1798 1799 
4 
481 1802 1803 1804 
5 
481 482 1801 1803 1804 
7 
481 482 483 484 1801 1802 1804 
6 
481 484 1582 1801 1802 1803 
3 
1806 1807 1808 
3 
1805 1807 1808 
3 
1805 1806 1808 
3 
1805 1806 1807 
5 
839 1466 1810 1811 1812 
3 
1809 1811 1812 
3 
1809 1810 1812 
4 
1467 1809 1810 1811 
13 
542 543 822 823 858 1381 1382 1762 1763 1814 1815 1816 1844 
7 
1382 1633 1813 1815 1816 1843 1844 
9 
286 1049 1050 1382 1383 1636 1813 1814 1816 
15 
285 286 543 823 858 859 1049 1381 1382 1383 1384 1763 1813 1814 1815 
6 
475 553 554 1818 1819 1820 
4 
554 1817 1819 1820 
5 
554 555 1817 1818 1820 
7 
553 554 555 556 1817 1818 1819 
5 
109 110 1822 1823 1824 
4 
110 1821 1823 1824 
5 
110 111 1821 1822 1824 
7 
109 110 111 112 1821 1822 1823 
4 
1826 1827 1828 1945 
7 
1281 1284 1825 1827 1828 1945 1946 
8 
1284 1825 1826 1828 1945 1946 1947 1948 
5 
1825 1826 1827 1945 1948 
5 
817 818 1830 1831 1832 
4 
818 1829 1831 1832 
5 
818 819 1829 1830 1832 
7 
817 818 819 820 1829 1830 1831 
12 
1182 1183 1338 1339 1521 1745 1748 1834 1835 1836 1897 1900 
14 
1145 1521 1522 1745 1746 1747 1748 1833 1835 1836 1897 1898 1899 1900 
13 
1145 1148 1521 1522 1523 1524 1747 1748 1833 1834 1836 1899 1900 
9 
1183 1339 1521 1524 1748 1833 1834 1835 1900 
10 
915 916 1681 1684 1838 1839 1840 1866 1867 1942 
8 
915 1681 1682 1683 1684 1837 1839 1840 
8 
153 637 638 1683 1684 1837 1838 1840 
8 
637 1684 1837 1838 1839 1867 1942 1943 
4 
740 1842 1843 1844 
5 
739 740 1841 1843 1844 
6 
1633 1634 1814 1841 1842 1844 
7 
1382 1633 1813 1814 1841 1842 1843 
11 
1253 1254 1255 1256 1769 1770 1771 1772 1846 1847 1848 
9 
1137 1140 1254 1255 1770 1771 1845 1847 1848 
8 
1140 1255 1693 1694 1771 1845 1846 1848 
9 
418 1255 1256 1693 1771 1772 1845 1846 1847 
3 
1850 1851 1852 
5 
1849 1851 1852 1985 1988 
4 
1849 1850 1852 1988 
3 
1849 1850 1851 
6 
794 795 871 1854 1855 1856 
5 
1025 1028 1853 1855 1856 
5 
1028 1853 1854 1856 1982 
6 
795 1853 1854 1855 1981 1982 
5 
415 416 1858 1859 1860 
6 
415 1509 1512 1857 1859 1860 
4 
1512 1857 1858 1860 
3 
1857 1858 1859 
5 
550 886 1862 1863 1864 
5 
1789 1792 1861 1863 1864 
5 
234 1792 1861 1862 1864 
9 
233 234 550 551 886 887 1861 1862 1863 
9 
683 684 913 916 1291 1866 1867 1868 1941 
12 
683 913 914 915 916 1681 1837 1865 1867 1868 1941 1942 
13 
637 915 916 1684 1837 1840 1865 1866 1868 1941 1942 1943 1944 
8 
690 916 1865 1866 1867 1918 1941 1944 
8 
77 78 79 80 1385 1870 1871 1872 
7 
78 79 1385 1386 1869 1871 1872 
8 
79 1385 1386 1387 1388 1869 1870 1872 
9 
79 80 1098 1385 1388 1678 1869 1870 1871 
3 
1874 1875 1876 
4 
901 1873 1875 1876 
5 
901 904 1873 1874 1876 
3 
1873 1874 1875 
3 
1878 1879 1880 
3 
1877 1879 1880 
3 
1877 1878 1880 
3 
1877 1878 1879 
4 
848 1882 1883 1884 
5 
847 848 1881 1883 1884 
4 
113 1881 1882 1884 
3 
1881 1882 1883 
8 
1194 1549 1550 1689 1690 1886 1887 1888 
6 
20 1550 1690 1885 1887 1888 
7 
1550 1551 1690 1691 1885 1886 1888 
13 
1194 1195 1549 1550 1551 1552 1689 1690 1691 1692 1885 1886 1887 
4 
356 1890 1891 1892 
5 
355 356 1889 1891 1892 
3 
1889 1890 1892 
3 
1889 1890 1891 
5 
1586 1587 1894 1895 1896 
4 
1564 1893 1895 1896 
3 
1893 1894 1896 
4 
1587 1893 1894 1895 
7 
1182 1745 1833 1834 1898 1899 1900 
6 
1745 1746 1834 1897 1899 1900 
13 
1145 1146 1521 1522 1745 1746 1747 1748 1834 1835 1897 1898 1900 
13 
1145 1182 1183 1521 1745 1748 1833 1834 1835 1836 1897 1898 1899 
4 
1653 1902 1903 1904 
5 
1653 1654 1901 1903 1904 
7 
1653 1654 1655 1656 1901 1902 1904 
5 
1653 1656 1901 1902 1903 
3 
1906 1907 1908 
3 
1905 1907 1908 
3 
1905 1906 1908 
3 
1905 1906 1907 
5 
138 139 1910 1911 1912 
3 
1909 1911 1912 
3 
1909 1910 1912 
5 
139 694 1909 1910 1911 
8 
305 306 307 308 1131 1914 1915 1916 
7 
13 16 306 307 1913 1915 1916 
6 
16 307 1178 1913 1914 1916 
7 
307 308 1177 1178 1913 1914 1915 
6 
121 122 689 1918 1919 1920 
7 
122 689 690 1868 1917 1919 1920 
9 
122 123 689 690 691 692 1917 1918 1920 
9 
121 122 123 124 689 692 1917 1918 1919 
3 
1922 1923 1924 
3 
1921 1923 1924 
3 
1921 1922 1924 
3 
1921 1922 1923 
5 
1054 1055 1926 1927 1928 
4 
1205 1925 1927 1928 
5 
1205 1208 1925 1926 1928 
4 
1055 1925 1926 1927 
8 
281 282 783 905 908 1930 1931 1932 
10 
93 96 282 905 906 907 908 1929 1931 1932 
8 
96 282 283 907 908 1929 1930 1932 
8 
281 282 283 284 908 1929 1930 1931 
4 
1250 1934 1935 1936 
3 
1933 1935 1936 
4 
501 1933 1934 1936 
5 
1250 1251 1933 1934 1935 
4 
932 1938 1939 1940 
5 
931 932 1937 1939 1940 
4 
1766 1937 1938 1940 
6 
658 1765 1766 1937 1938 1939 
8 
916 1865 1866 1867 1868 1942 1943 1944 
12 
637 915 916 1681 1684 1837 1840 1866 1867 1941 1943 1944 
8 
637 640 1684 1840 1867 1941 1942 1944 
5 
1867 1868 1941 1942 1943 
9 
1281 1284 1825 1826 1827 1828 1946 1947 1948 
9 
1281 1282 1283 1284 1826 1827 1945 1947 1948 
6 
1283 1284 1827 1945 1946 1948 
6 
1284 1827 1828 1945 1946 1947 
6 
459 1013 1016 1950 1951 1952 
7 
1013 1014 1015 1016 1949 1951 1952 
5 
1015 1016 1949 1950 1952 
4 
1016 1949 1950 1951 
5 
721 724 1954 1955 1956 
7 
721 722 723 724 1953 1955 1956 
7 
723 724 837 838 1953 1954 1956 
5 
724 837 1953 1954 1955 
3 
1958 1959 1960 
4 
969 1957 1959 1960 
6 
785 786 972 1957 1958 1960 
4 
785 1957 1958 1959 
4 
60 1962 1963 1964 
6 
59 60 1961 1963 1964 1989 
5 
1961 1962 1964 1989 1992 
5 
174 1102 1961 1962 1963 
4 
1204 1966 1967 1968 
5 
1203 1204 1965 1967 1968 
5 
1577 1737 1965 1966 1968 
4 
194 1965 1966 1967 
8 
505 506 1019 1702 1703 1970 1971 1972 
5 
506 1405 1969 1971 1972 
8 
506 507 682 1405 1408 1969 1970 1972 
10 
505 506 507 508 681 682 1703 1969 1970 1971 
3 
1974 1975 1976 
3 
1973 1975 1976 
4 
349 1973 1974 1976 
4 
1214 1973 1974 1975 
3 
1978 1979 1980 
3 
1977 1979 1980 
5 
669 670 1977 1978 1980 
4 
669 1977 1978 1979 
4 
1856 1982 1983 1984 
5 
1855 1856 1981 1983 1984 
3 
1981 1982 1984 
3 
1981 1982 1983 
4 
1850 1986 1987 1988 
3 
1985 1987 1988 
3 
1985 1986 1988 
5 
1850 1851 1985 1986 1987 
7 
59 60 1962 1963 1990 1991 1992 
4 
59 1989 1991 1992 
4 
745 1989 1990 1992 
4 
1963 1989 1990 1991 
7 
1009 1010 1011 1012 1994 1995 1996 
5 
1010 1011 1993 1995 1996 
4 
1011 1993 1994 1996 
5 
1011 1012 1993 1994 1995 
4 
852 1998 1999 2000 
6 
851 852 1121 1997 1999 2000 
5 
1121 1124 1997 1998 2000 
3 
1997 1998 1999 