
500 
4 
8 
2 3 4 25 28 1377 1380 1866 
11 
1 3 4 25 26 27 28 1377 1378 1379 1380 
8 
1 2 4 27 28 1379 1380 1926 
9 
1 2 3 28 1380 1866 1867 1925 1926 
3 
6 7 8 
3 
5 7 8 
3 
5 6 8 
3 
5 6 7 
7 
10 11 12 249 250 251 252 
7 
9 11 12 250 251 941 944 
6 
9 10 12 251 944 986 
7 
9 10 11 251 252 985 986 
9 
14 15 16 229 230 1161 1162 1163 1164 
7 
13 15 16 230 829 1162 1163 
8 
13 14 16 230 231 829 832 1163 
9 
13 14 15 229 230 231 232 1163 1164 
7 
18 19 20 789 790 791 792 
5 
17 19 20 790 791 
6 
17 18 20 253 254 791 
6 
17 18 19 253 791 792 
3 
22 23 24 
4 
21 23 24 961 
5 
21 22 24 961 964 
3 
21 22 23 
8 
1 2 26 27 28 1377 1380 1866 
8 
2 25 27 28 1377 1378 1379 1380 
7 
2 3 25 26 28 1379 1380 
10 
1 2 3 4 25 26 27 1380 1866 1867 
5 
30 31 32 437 517 
8 
29 31 32 437 438 517 518 1536 
9 
29 30 32 439 440 517 518 519 520 
6 
29 30 31 440 517 520 
5 
34 35 36 1762 1763 
4 
33 35 36 988 
3 
33 34 36 
4 
33 34 35 1763 
5 
38 39 40 119 427 
3 
37 39 40 
3 
37 38 40 
3 
37 38 39 
5 
42 43 44 57 58 
6 
41 43 44 58 865 1893 
9 
41 42 44 58 59 865 868 1893 1896 
7 
41 42 43 57 58 59 60 
5 
46 47 48 1047 1048 
4 
45 47 48 1047 
5 
45 46 48 1641 1642 
4 
45 46 47 1641 
3 
50 51 52 
3 
49 51 52 
4 
49 50 52 81 
3 
49 50 51 
5 
54 55 56 873 874 
4 
53 55 56 874 
6 
53 54 56 874 875 1777 
7 
53 54 55 873 874 875 876 
5 
41 44 58 59 60 
9 
41 42 43 44 57 59 60 1893 1896 
6 
43 44 57 58 60 1896 
5 
44 57 58 59 434 
3 
62 63 64 
4 
61 63 64 565 
5 
61 62 64 565 568 
3 
61 62 63 
5 
66 67 68 197 200 
7 
65 67 68 197 198 199 200 
5 
65 66 68 199 200 
4 
65 66 67 200 
8 
70 71 72 733 734 735 736 1981 
9 
69 71 72 734 735 1309 1353 1981 1982 
10 
69 70 72 735 1309 1312 1353 1356 1983 1984 
6 
69 70 71 735 736 1984 
3 
74 75 76 
4 
73 75 76 940 
3 
73 74 76 
3 
73 74 75 
3 
78 79 80 
3 
77 79 80 
3 
77 78 80 
3 
77 78 79 
4 
51 82 83 84 
3 
81 83 84 
3 
81 82 84 
3 
81 82 83 
7 
86 87 88 669 670 671 672 
6 
85 87 88 670 671 1477 
7 
85 86 88 671 1205 1477 1480 
5 
85 86 87 671 672 
7 
90 91 92 969 970 971 972 
5 
89 91 92 970 971 
4 
89 90 92 971 
5 
89 90 91 971 972 
5 
94 95 96 285 288 
7 
93 95 96 285 286 287 288 
5 
93 94 96 287 288 
4 
93 94 95 288 
3 
98 99 100 
5 
97 99 100 1829 1832 
4 
97 98 100 1832 
3 
97 98 99 
5 
102 103 104 1127 1582 
3 
101 103 104 
5 
101 102 104 589 590 
6 
101 102 103 589 1582 1583 
12 
106 107 108 392 701 702 1014 1015 1057 1058 1059 1060 
8 
105 107 108 391 392 702 1058 1059 
6 
105 106 108 702 703 1059 
10 
105 106 107 701 702 703 704 1015 1059 1060 
11 
110 111 112 545 546 547 548 1809 1810 1811 1812 
8 
109 111 112 546 547 1810 1811 1880 
5 
109 110 112 547 1811 
7 
109 110 111 547 548 1811 1812 
6 
114 115 116 888 1527 1528 
6 
113 115 116 887 888 1527 
3 
113 114 116 
4 
113 114 115 1594 
9 
118 119 120 425 426 427 428 1207 1570 
5 
117 119 120 426 427 
5 
37 117 118 120 427 
7 
117 118 119 427 428 1570 1571 
14 
122 123 124 241 935 1113 1116 1271 1272 1634 1825 1826 1827 1828 
12 
121 123 124 241 242 1113 1114 1115 1116 1271 1826 1827 
10 
121 122 124 241 242 243 244 1115 1116 1827 
10 
121 122 123 241 244 1116 1634 1635 1827 1828 
4 
126 127 128 168 
6 
125 127 128 167 168 564 
3 
125 126 128 
3 
125 126 127 
4 
130 131 132 1580 
7 
129 131 132 1579 1580 1745 1748 
5 
129 130 132 1748 1898 
5 
129 130 131 1897 1898 
3 
134 135 136 
4 
133 135 136 1853 
7 
133 134 136 1385 1386 1853 1856 
4 
133 134 135 1385 
5 
138 139 140 569 572 
7 
137 139 140 569 570 571 572 
5 
137 138 140 571 572 
4 
137 138 139 572 
5 
142 143 144 1183 1184 
4 
141 143 144 1183 
4 
141 142 144 273 
3 
141 142 143 
5 
146 147 148 1027 1149 
5 
145 147 148 1149 1150 
7 
145 146 148 1149 1150 1151 1152 
5 
145 146 147 1149 1152 
3 
150 151 152 
3 
149 151 152 
5 
149 150 152 225 226 
4 
149 150 151 225 
5 
154 155 156 1070 1071 
3 
153 155 156 
4 
153 154 156 430 
6 
153 154 155 429 430 1071 
4 
158 159 160 1139 
3 
157 159 160 
3 
157 158 160 
3 
157 158 159 
6 
162 163 164 694 1726 1937 
6 
161 163 164 1092 1937 1938 
9 
161 162 164 1861 1862 1937 1938 1939 1940 
10 
161 162 163 694 695 1726 1727 1861 1937 1940 
3 
166 167 168 
5 
165 167 168 561 564 
5 
126 165 166 168 564 
5 
125 126 165 166 167 
7 
170 171 172 582 583 762 763 
4 
169 171 172 1668 
4 
169 170 172 1054 
7 
169 170 171 583 763 1053 1054 
7 
174 175 176 659 660 861 864 
10 
173 175 176 659 861 862 863 864 1481 1484 
6 
173 174 176 863 864 1484 
4 
173 174 175 864 
3 
178 179 180 
3 
177 179 180 
3 
177 178 180 
3 
177 178 179 
3 
182 183 184 
3 
181 183 184 
4 
181 182 184 1449 
3 
181 182 183 
4 
186 187 188 469 
6 
185 187 188 196 469 470 
8 
185 186 188 469 470 471 472 1210 
7 
185 186 187 469 472 1209 1210 
9 
190 191 192 1897 1898 1899 1900 1957 1958 
6 
189 191 192 1898 1899 1958 
6 
189 190 192 1899 1958 1959 
9 
189 190 191 1899 1900 1957 1958 1959 1960 
3 
194 195 196 
3 
193 195 196 
3 
193 194 196 
5 
186 193 194 195 470 
5 
65 66 198 199 200 
4 
66 197 199 200 
5 
66 67 197 198 200 
7 
65 66 67 68 197 198 199 
4 
202 203 204 1122 
3 
201 203 204 
3 
201 202 204 
5 
201 202 203 1122 1123 
3 
206 207 208 
4 
205 207 208 1124 
5 
205 206 208 1789 1790 
5 
205 206 207 1246 1789 
5 
210 211 212 402 1186 
4 
209 211 212 1016 
3 
209 210 212 
6 
209 210 211 402 403 1187 
4 
214 215 216 361 
5 
213 215 216 361 362 
7 
213 214 216 361 362 363 364 
5 
213 214 215 361 364 
6 
218 219 220 283 1737 1740 
8 
217 219 220 1565 1737 1738 1739 1740 
7 
217 218 220 1565 1568 1739 1740 
4 
217 218 219 1740 
7 
222 223 224 973 976 1743 1744 
8 
221 223 224 973 974 975 976 1743 
5 
221 222 224 975 976 
4 
221 222 223 976 
5 
151 152 226 227 228 
7 
151 225 227 228 1409 1412 1781 
6 
225 226 228 1412 1781 1784 
4 
225 226 227 1342 
7 
13 16 230 231 232 1161 1164 
11 
13 14 15 16 229 231 232 1161 1162 1163 1164 
7 
15 16 229 230 232 1163 1164 
5 
16 229 230 231 1164 
7 
234 235 236 407 634 635 801 
5 
233 235 236 801 802 
6 
233 234 236 803 804 1838 
7 
233 234 235 635 804 1837 1838 
7 
238 239 240 1437 1440 1947 1948 
9 
237 239 240 808 1437 1438 1439 1440 1947 
5 
237 238 240 1439 1440 
4 
237 238 239 1440 
11 
121 122 123 124 242 243 244 1115 1116 1827 1828 
7 
122 123 241 243 244 1115 1827 
4 
123 241 242 244 
5 
123 124 241 242 243 
6 
246 247 248 353 908 1168 
9 
245 247 248 353 354 907 908 1167 1168 
10 
245 246 248 353 354 355 356 541 542 1461 
6 
245 246 247 353 356 541 
4 
9 250 251 252 
6 
9 10 249 251 252 941 
9 
9 10 11 12 249 250 252 941 944 
5 
9 12 249 250 251 
5 
19 20 254 255 256 
5 
19 253 255 256 529 
7 
253 254 256 529 532 1321 1322 
4 
253 254 255 1321 
6 
258 259 260 739 740 1034 
5 
257 259 260 739 1153 
5 
257 258 260 1153 1156 
5 
257 258 259 1034 1035 
5 
262 263 264 1693 1977 
9 
261 263 264 997 1000 1693 1694 1977 1978 
12 
261 262 264 1000 1693 1694 1695 1696 1977 1978 1979 1980 
7 
261 262 263 1693 1696 1977 1980 
7 
266 267 268 1573 1574 1575 1576 
5 
265 267 268 1574 1575 
6 
265 266 268 1178 1575 1630 
10 
265 266 267 650 1177 1178 1575 1576 1629 1630 
4 
270 271 272 483 
3 
269 271 272 
3 
269 270 272 
3 
269 270 271 
5 
143 274 275 276 1304 
7 
273 275 276 1303 1304 1917 1920 
4 
273 274 276 1920 
3 
273 274 275 
3 
278 279 280 
3 
277 279 280 
4 
277 278 280 814 
5 
277 278 279 813 814 
3 
282 283 284 
3 
281 283 284 
4 
217 281 282 284 
3 
281 282 283 
5 
93 94 286 287 288 
4 
94 285 287 288 
5 
94 95 285 286 288 
7 
93 94 95 96 285 286 287 
3 
290 291 292 
3 
289 291 292 
4 
289 290 292 466 
5 
289 290 291 465 466 
3 
294 295 296 
4 
293 295 296 1852 
3 
293 294 296 
3 
293 294 295 
5 
298 299 300 1061 1062 
5 
297 299 300 781 1062 
6 
297 298 300 781 784 1063 
5 
297 298 299 1063 1064 
9 
302 303 304 796 881 1493 1494 1495 1496 
10 
301 303 304 795 796 881 882 952 1494 1495 
8 
301 302 304 881 882 883 884 1495 
8 
301 302 303 766 881 884 1495 1496 
6 
306 307 308 853 854 1587 
4 
305 307 308 854 
5 
305 306 308 854 855 
7 
305 306 307 853 854 855 856 
7 
310 311 312 1989 1990 1991 1992 
5 
309 311 312 1990 1991 
4 
309 310 312 1991 
5 
309 310 311 1991 1992 
3 
314 315 316 
3 
313 315 316 
6 
313 314 316 1578 1745 1746 
6 
313 314 315 1577 1578 1745 
3 
318 319 320 
4 
317 319 320 344 
3 
317 318 320 
3 
317 318 319 
10 
322 323 324 869 870 871 872 1253 1256 1858 
11 
321 323 324 745 748 870 871 1253 1254 1255 1256 
7 
321 322 324 748 871 1255 1256 
8 
321 322 323 871 872 1256 1858 1859 
5 
326 327 328 1154 1155 
3 
325 327 328 
3 
325 326 328 
4 
325 326 327 1155 
3 
330 331 332 
3 
329 331 332 
3 
329 330 332 
3 
329 330 331 
5 
334 335 336 442 443 
3 
333 335 336 
3 
333 334 336 
4 
333 334 335 443 
6 
338 339 340 618 619 1453 
7 
337 339 340 929 932 1453 1454 
8 
337 338 340 932 1453 1454 1455 1456 
6 
337 338 339 619 1453 1456 
5 
342 343 344 1069 1072 
7 
341 343 344 1069 1070 1071 1072 
6 
341 342 344 429 1071 1072 
5 
318 341 342 343 1072 
3 
346 347 348 
3 
345 347 348 
3 
345 346 348 
4 
345 346 347 386 
5 
350 351 352 1441 1442 
5 
349 351 352 1442 1944 
4 
349 350 352 1443 
5 
349 350 351 1443 1444 
9 
245 246 247 248 354 355 356 908 1461 
9 
246 247 353 355 356 907 908 1461 1462 
10 
247 353 354 356 541 542 1461 1462 1463 1464 
8 
247 248 353 354 355 541 1461 1464 
4 
358 359 360 1724 
5 
357 359 360 1723 1724 
3 
357 358 360 
3 
357 358 359 
7 
213 214 215 216 362 363 364 
5 
214 215 361 363 364 
4 
215 361 362 364 
5 
215 216 361 362 363 
4 
366 367 368 785 
7 
365 367 368 465 468 785 786 
9 
365 366 368 468 553 785 786 787 788 
5 
365 366 367 785 788 
3 
370 371 372 
3 
369 371 372 
3 
369 370 372 
3 
369 370 371 
7 
374 375 376 1589 1590 1591 1592 
5 
373 375 376 1590 1591 
6 
373 374 376 665 666 1591 
6 
373 374 375 665 1591 1592 
5 
378 379 380 1741 1742 
5 
377 379 380 1228 1742 
5 
377 378 380 1742 1743 
7 
377 378 379 1741 1742 1743 1744 
5 
382 383 384 690 1661 
4 
381 383 384 1662 
4 
381 382 384 1663 
6 
381 382 383 690 691 1664 
8 
386 387 388 497 498 499 500 1870 
6 
348 385 387 388 498 499 
4 
385 386 388 499 
7 
385 386 387 499 500 1870 1871 
3 
390 391 392 
3 
389 391 392 
5 
106 389 390 392 1058 
7 
105 106 389 390 391 1057 1058 
4 
394 395 396 1415 
3 
393 395 396 
3 
393 394 396 
3 
393 394 395 
4 
398 399 400 1845 
7 
397 399 400 905 1165 1845 1846 
11 
397 398 400 905 908 1165 1168 1845 1846 1847 1848 
5 
397 398 399 1845 1848 
8 
402 403 404 1185 1188 1402 1637 1638 
10 
209 212 401 403 404 1185 1186 1187 1188 1638 
7 
212 401 402 404 1187 1188 1639 
8 
401 402 403 1188 1402 1403 1639 1640 
6 
406 407 408 633 834 835 
6 
405 407 408 633 634 1892 
8 
233 405 406 408 633 634 635 636 
6 
405 406 407 633 636 835 
5 
410 411 412 1004 1676 
9 
409 411 412 509 512 1003 1004 1675 1676 
4 
409 410 412 512 
4 
409 410 411 806 
3 
414 415 416 
3 
413 415 416 
3 
413 414 416 
3 
413 414 415 
5 
418 419 420 503 531 
3 
417 419 420 
3 
417 418 420 
3 
417 418 419 
6 
422 423 424 480 820 1885 
9 
421 423 424 479 480 819 820 1885 1886 
8 
421 422 424 1405 1885 1886 1887 1888 
5 
421 422 423 1885 1888 
8 
117 426 427 428 1205 1206 1207 1208 
7 
117 118 425 427 428 1206 1207 
9 
37 117 118 119 120 425 426 428 1207 
8 
117 120 425 426 427 1207 1208 1570 
5 
156 343 430 431 432 
5 
155 156 429 431 432 
3 
429 430 432 
3 
429 430 431 
8 
434 435 436 1557 1558 1559 1560 1905 
8 
60 433 435 436 1558 1559 1905 1906 
8 
433 434 436 1559 1905 1906 1907 1908 
7 
433 434 435 1559 1560 1905 1908 
6 
29 30 438 439 440 517 
7 
30 437 439 440 517 518 1536 
8 
31 437 438 440 517 518 519 520 
7 
31 32 437 438 439 517 520 
5 
442 443 444 746 747 
4 
333 441 443 444 
5 
333 336 441 442 444 
4 
441 442 443 747 
11 
446 447 448 525 526 527 528 1305 1306 1953 1954 
9 
445 447 448 526 527 1306 1705 1708 1954 
9 
445 446 448 527 1306 1307 1497 1708 1955 
11 
445 446 447 527 528 1305 1306 1307 1308 1955 1956 
6 
450 451 452 539 540 1599 
4 
449 451 452 539 
4 
449 450 452 597 
3 
449 450 451 
4 
454 455 456 1404 
6 
453 455 456 1403 1404 1640 
3 
453 454 456 
3 
453 454 455 
4 
458 459 460 770 
4 
457 459 460 1908 
3 
457 458 460 
5 
457 458 459 770 771 
7 
462 463 464 1393 1396 1801 1804 
12 
461 463 464 556 1393 1394 1395 1396 1801 1802 1803 1804 
7 
461 462 464 1395 1396 1803 1804 
5 
461 462 463 1396 1804 
6 
292 366 466 467 468 786 
6 
291 292 465 467 468 1021 
7 
465 466 468 553 554 1021 1024 
8 
366 367 465 466 467 553 786 787 
9 
185 186 187 188 470 471 472 1209 1210 
7 
186 187 196 469 471 472 1210 
6 
187 469 470 472 1210 1211 
9 
187 188 469 470 471 1209 1210 1211 1212 
3 
474 475 476 
3 
473 475 476 
3 
473 474 476 
3 
473 474 475 
7 
478 479 480 817 818 819 820 
5 
477 479 480 818 819 
5 
422 477 478 480 819 
7 
421 422 477 478 479 819 820 
7 
482 483 484 955 1175 1176 1666 
4 
481 483 484 1175 
4 
269 481 482 484 
5 
481 482 483 1666 1667 
3 
486 487 488 
3 
485 487 488 
4 
485 486 488 765 
3 
485 486 487 
7 
490 491 492 717 718 1550 1551 
4 
489 491 492 718 
5 
489 490 492 718 719 
9 
489 490 491 717 718 719 720 1551 1614 
8 
494 495 496 668 677 680 1757 1760 
13 
493 495 496 667 668 677 678 679 680 1757 1758 1759 1760 
8 
493 494 496 679 680 1759 1760 1786 
7 
493 494 495 680 1760 1785 1786 
7 
385 498 499 500 614 615 1870 
5 
385 386 497 499 500 
7 
385 386 387 388 497 498 500 
8 
385 388 497 498 499 615 1870 1871 
5 
502 503 504 529 530 
4 
501 503 504 530 
6 
417 501 502 504 530 531 
7 
501 502 503 529 530 531 532 
6 
506 507 508 686 687 1657 
4 
505 507 508 1658 
5 
505 506 508 1658 1659 
6 
505 506 507 687 1657 1660 
11 
410 510 511 512 1001 1002 1003 1004 1287 1288 1675 
7 
509 511 512 1002 1003 1144 1287 
4 
509 510 512 1003 
7 
410 411 509 510 511 1003 1004 
9 
514 515 516 897 898 1621 1622 1623 1624 
6 
513 515 516 898 1622 1623 
7 
513 514 516 898 899 1169 1623 
9 
513 514 515 897 898 899 900 1623 1624 
11 
29 30 31 32 437 438 439 440 518 519 520 
7 
30 31 438 439 517 519 520 
5 
31 439 517 518 520 
7 
31 32 439 440 517 518 519 
8 
522 523 524 947 1109 1112 1132 1843 
9 
521 523 524 1109 1110 1111 1112 1131 1132 
5 
521 522 524 1111 1112 
4 
521 522 523 1112 
6 
445 526 527 528 1953 1954 
6 
445 446 525 527 528 1954 
11 
445 446 447 448 525 526 528 1305 1306 1954 1955 
10 
445 448 525 526 527 1305 1953 1954 1955 1956 
7 
254 255 501 504 530 531 532 
7 
501 502 503 504 529 531 532 
6 
417 503 504 529 530 532 
6 
255 504 529 530 531 1322 
4 
534 535 536 1790 
3 
533 535 536 
6 
533 534 536 1517 1518 1797 
5 
533 534 535 1517 1791 
6 
538 539 540 646 1597 1598 
4 
537 539 540 1598 
7 
449 450 537 538 540 1598 1599 
11 
449 537 538 539 646 647 930 1597 1598 1599 1600 
9 
247 248 355 356 542 543 544 1461 1464 
9 
247 355 541 543 544 1461 1462 1463 1464 
5 
541 542 544 1463 1464 
4 
541 542 543 1464 
6 
109 546 547 548 1809 1812 
12 
109 110 545 547 548 1200 1809 1810 1811 1812 1877 1880 
10 
109 110 111 112 545 546 548 1811 1812 1880 
6 
109 112 545 546 547 1812 
3 
550 551 552 
4 
549 551 552 880 
3 
549 550 552 
3 
549 550 551 
11 
367 467 468 554 555 556 787 1393 1394 1801 1802 
7 
467 553 555 556 1024 1394 1802 
7 
553 554 556 1394 1395 1802 1803 
12 
462 553 554 555 1393 1394 1395 1396 1801 1802 1803 1804 
4 
558 559 560 1344 
5 
557 559 560 1343 1344 
3 
557 558 560 
3 
557 558 559 
4 
166 562 563 564 
3 
561 563 564 
3 
561 562 564 
6 
126 166 167 561 562 563 
5 
62 63 566 567 568 
5 
565 567 568 1961 1964 
4 
565 566 568 1964 
4 
63 565 566 567 
5 
137 138 570 571 572 
4 
138 569 571 572 
5 
138 139 569 570 572 
7 
137 138 139 140 569 570 571 
3 
574 575 576 
3 
573 575 576 
3 
573 574 576 
3 
573 574 575 
3 
578 579 580 
3 
577 579 580 
3 
577 578 580 
3 
577 578 579 
7 
582 583 584 761 762 1874 1875 
5 
169 581 583 584 762 
7 
169 172 581 582 584 762 763 
8 
581 582 583 761 762 763 764 1875 
3 
586 587 588 
3 
585 587 588 
5 
585 586 588 1541 1542 
4 
585 586 587 1541 
7 
103 104 590 591 592 1582 1583 
4 
103 589 591 592 
3 
589 590 592 
4 
589 590 591 1583 
7 
594 595 596 1081 1084 1110 1130 
7 
593 595 596 1081 1082 1083 1084 
5 
593 594 596 1083 1084 
8 
593 594 595 1084 1110 1111 1130 1131 
6 
451 598 599 600 1030 1545 
5 
597 599 600 1545 1546 
7 
597 598 600 1545 1546 1547 1548 
8 
597 598 599 1030 1031 1545 1548 1702 
3 
602 603 604 
3 
601 603 604 
3 
601 602 604 
3 
601 602 603 
4 
606 607 608 1907 
3 
605 607 608 
3 
605 606 608 
3 
605 606 607 
4 
610 611 612 847 
3 
609 611 612 
4 
609 610 612 1653 
3 
609 610 611 
3 
614 615 616 
4 
497 613 615 616 
7 
497 500 613 614 616 1869 1870 
4 
613 614 615 1869 
3 
618 619 620 
5 
337 617 619 620 1453 
7 
337 340 617 618 620 1453 1456 
3 
617 618 619 
3 
622 623 624 
5 
621 623 624 1257 1260 
4 
621 622 624 1260 
3 
621 622 623 
3 
626 627 628 
3 
625 627 628 
3 
625 626 628 
3 
625 626 627 
5 
630 631 632 1853 1854 
4 
629 631 632 1854 
7 
629 630 632 1241 1242 1854 1855 
8 
629 630 631 1241 1853 1854 1855 1856 
7 
405 406 407 408 634 635 636 
6 
233 406 407 633 635 636 
8 
233 236 407 633 634 636 1837 1838 
6 
407 408 633 634 635 1837 
3 
638 639 640 
3 
637 639 640 
3 
637 638 640 
3 
637 638 639 
7 
642 643 644 1497 1498 1707 1708 
5 
641 643 644 1498 1707 
6 
641 642 644 1277 1498 1499 
7 
641 642 643 1497 1498 1499 1500 
5 
646 647 648 929 930 
7 
537 540 645 647 648 930 1597 
8 
540 645 646 648 930 931 1597 1600 
8 
645 646 647 929 930 931 932 1454 
5 
650 651 652 1177 1180 
10 
268 649 651 652 1177 1178 1179 1180 1629 1632 
6 
649 650 652 1179 1180 1632 
4 
649 650 651 1180 
3 
654 655 656 
3 
653 655 656 
4 
653 654 656 1245 
3 
653 654 655 
3 
658 659 660 
4 
657 659 660 861 
7 
173 174 657 658 660 861 864 
4 
173 657 658 659 
3 
662 663 664 
3 
661 663 664 
3 
661 662 664 
3 
661 662 663 
5 
375 376 666 667 668 
4 
375 665 667 668 
6 
494 665 666 668 678 1758 
9 
493 494 665 666 667 677 678 1757 1758 
6 
85 670 671 672 1815 1816 
7 
85 86 669 671 672 1477 1815 
9 
85 86 87 88 669 670 672 1477 1480 
5 
85 88 669 670 671 
3 
674 675 676 
3 
673 675 676 
3 
673 674 676 
3 
673 674 675 
8 
493 494 668 678 679 680 1757 1760 
10 
494 667 668 677 679 680 1757 1758 1759 1760 
7 
494 495 677 678 680 1759 1760 
8 
493 494 495 496 677 678 679 1760 
8 
682 683 684 1049 1961 1962 1963 1964 
7 
681 683 684 1049 1050 1962 1963 
8 
681 682 684 1049 1050 1051 1052 1963 
7 
681 682 683 1049 1052 1963 1964 
3 
686 687 688 
4 
505 685 687 688 
7 
505 508 685 686 688 778 1657 
5 
685 686 687 777 778 
3 
690 691 692 
7 
381 384 689 691 692 1661 1664 
5 
384 689 690 692 1664 
3 
689 690 691 
6 
694 695 696 711 1725 1728 
9 
161 164 693 695 696 1725 1726 1727 1728 
6 
164 693 694 696 1727 1728 
4 
693 694 695 1728 
5 
698 699 700 1090 1091 
3 
697 699 700 
3 
697 698 700 
4 
697 698 699 1091 
8 
105 108 702 703 704 1015 1059 1060 
8 
105 106 107 108 701 703 704 1059 
5 
107 108 701 702 704 
4 
108 701 702 703 
3 
706 707 708 
3 
705 707 708 
3 
705 706 708 
3 
705 706 707 
3 
710 711 712 
4 
709 711 712 1500 
5 
693 709 710 712 1725 
3 
709 710 711 
3 
714 715 716 
3 
713 715 716 
5 
713 714 716 1445 1446 
4 
713 714 715 1445 
8 
489 492 718 719 720 1550 1551 1614 
7 
489 490 491 492 717 719 720 
5 
491 492 717 718 720 
7 
492 717 718 719 1551 1614 1615 
5 
722 723 724 1398 1399 
3 
721 723 724 
3 
721 722 724 
4 
721 722 723 1399 
7 
726 727 728 899 1172 1985 1988 
11 
725 727 728 1171 1172 1357 1360 1985 1986 1987 1988 
6 
725 726 728 1360 1987 1988 
4 
725 726 727 1988 
5 
730 731 732 799 800 
5 
729 731 732 799 1912 
3 
729 730 732 
3 
729 730 731 
6 
69 734 735 736 1652 1981 
9 
69 70 733 735 736 1651 1652 1981 1982 
13 
69 70 71 72 733 734 736 1309 1353 1981 1982 1983 1984 
7 
69 72 733 734 735 1981 1984 
3 
738 739 740 
3 
737 739 740 
5 
257 258 737 738 740 
4 
257 737 738 739 
4 
742 743 744 1863 
3 
741 743 744 
3 
741 742 744 
3 
741 742 743 
7 
322 746 747 748 870 1253 1254 
5 
441 745 747 748 1254 
7 
441 444 745 746 748 1254 1255 
11 
322 323 745 746 747 870 871 1253 1254 1255 1256 
6 
750 751 752 1925 1928 1942 
7 
749 751 752 1925 1926 1927 1928 
5 
749 750 752 1927 1928 
5 
749 750 751 1928 1943 
8 
754 755 756 1265 1633 1691 1805 1806 
12 
753 755 756 933 936 1265 1266 1269 1272 1633 1634 1806 
15 
753 754 756 936 1265 1266 1267 1268 1272 1633 1634 1635 1636 1806 1807 
11 
753 754 755 1265 1268 1633 1636 1805 1806 1807 1808 
3 
758 759 760 
4 
757 759 760 1285 
8 
757 758 760 1001 1002 1285 1288 1674 
6 
757 758 759 1001 1673 1674 
7 
581 584 762 763 764 1874 1875 
8 
169 581 582 583 584 761 763 764 
7 
169 172 583 584 761 762 764 
5 
584 761 762 763 1875 
5 
487 766 767 768 1496 
7 
304 765 767 768 884 1495 1496 
3 
765 766 768 
3 
765 766 767 
3 
770 771 772 
5 
457 460 769 771 772 
4 
460 769 770 772 
3 
769 770 771 
7 
774 775 776 967 968 1459 1460 
6 
773 775 776 967 1284 1459 
3 
773 774 776 
3 
773 774 775 
4 
688 778 779 780 
5 
687 688 777 779 780 
3 
777 778 780 
3 
777 778 779 
5 
298 299 782 783 784 
6 
781 783 784 897 1621 1624 
6 
781 782 784 897 900 1624 
4 
299 781 782 783 
7 
365 366 367 368 786 787 788 
7 
366 367 465 468 785 787 788 
7 
367 468 553 785 786 788 1801 
5 
367 368 785 786 787 
4 
17 790 791 792 
5 
17 18 789 791 792 
7 
17 18 19 20 789 790 792 
5 
17 20 789 790 791 
5 
794 795 796 1493 1494 
6 
793 795 796 949 952 1494 
8 
302 793 794 796 882 952 1494 1495 
11 
301 302 793 794 795 881 882 1493 1494 1495 1496 
3 
798 799 800 
3 
797 799 800 
5 
729 730 797 798 800 
4 
729 797 798 799 
5 
233 234 802 803 804 
4 
234 801 803 804 
4 
235 801 802 804 
6 
235 236 801 802 803 1838 
7 
806 807 808 1437 1438 1946 1947 
5 
412 805 807 808 1438 
5 
805 806 808 1438 1439 
9 
238 805 806 807 1437 1438 1439 1440 1947 
3 
810 811 812 
3 
809 811 812 
4 
809 810 812 1622 
5 
809 810 811 1621 1622 
8 
280 814 815 816 1434 1435 1677 1678 
6 
279 280 813 815 816 1678 
5 
813 814 816 1678 1679 
8 
813 814 815 1435 1677 1678 1679 1680 
4 
477 818 819 820 
5 
477 478 817 819 820 
8 
422 477 478 479 480 817 818 820 
7 
421 422 477 480 817 818 819 
4 
822 823 824 1076 
5 
821 823 824 1075 1076 
3 
821 822 824 
3 
821 822 823 
5 
826 827 828 1079 1080 
4 
825 827 828 1079 
3 
825 826 828 
4 
825 826 827 1966 
6 
14 15 830 831 832 1163 
3 
829 831 832 
8 
829 830 832 977 1469 1470 1969 1970 
6 
15 829 830 831 1469 1969 
7 
834 835 836 1669 1670 1671 1672 
6 
405 833 835 836 1670 1671 
7 
405 408 833 834 836 1671 1734 
7 
833 834 835 1671 1672 1733 1734 
3 
838 839 840 
3 
837 839 840 
3 
837 838 840 
4 
837 838 839 962 
4 
842 843 844 1712 
6 
841 843 844 984 1711 1712 
4 
841 842 844 1833 
3 
841 842 843 
3 
846 847 848 
3 
845 847 848 
4 
609 845 846 848 
3 
845 846 847 
3 
850 851 852 
3 
849 851 852 
7 
849 850 852 933 934 1269 1270 
5 
849 850 851 933 1269 
7 
305 308 854 855 856 1587 1588 
8 
305 306 307 308 853 855 856 1587 
5 
307 308 853 854 856 
4 
308 853 854 855 
9 
858 859 860 1053 1054 1055 1056 1685 1686 
6 
857 859 860 1054 1055 1686 
7 
857 858 860 1055 1273 1686 1687 
9 
857 858 859 1055 1056 1685 1686 1687 1688 
8 
173 174 658 659 862 863 864 1481 
6 
174 861 863 864 1481 1482 
10 
174 175 861 862 864 1193 1481 1482 1483 1484 
10 
173 174 175 176 659 861 862 863 1481 1484 
9 
42 43 866 867 868 1893 1894 1895 1896 
7 
865 867 868 1785 1788 1894 1895 
5 
865 866 868 1788 1895 
6 
43 865 866 867 1895 1896 
4 
321 870 871 872 
8 
321 322 745 748 869 871 872 1253 
10 
321 322 323 324 748 869 870 872 1256 1858 
7 
321 324 869 870 871 1857 1858 
5 
53 56 874 875 876 
7 
53 54 55 56 873 875 876 
5 
55 56 873 874 876 
4 
56 873 874 875 
5 
878 879 880 1993 1996 
7 
877 879 880 1993 1994 1995 1996 
5 
877 878 880 1995 1996 
5 
550 877 878 879 1996 
12 
301 302 303 304 796 882 883 884 1493 1494 1495 1496 
10 
302 303 795 796 881 883 884 952 1494 1495 
5 
303 881 882 884 1495 
8 
303 304 766 881 882 883 1495 1496 
5 
886 887 888 1525 1526 
6 
885 887 888 921 924 1526 
7 
114 885 886 888 924 1526 1527 
9 
113 114 885 886 887 1525 1526 1527 1528 
4 
890 891 892 1192 
5 
889 891 892 1191 1192 
3 
889 890 892 
3 
889 890 891 
6 
894 895 896 1532 1930 1931 
5 
893 895 896 1531 1532 
3 
893 894 896 
4 
893 894 895 1931 
9 
513 516 782 783 898 899 900 1623 1624 
9 
513 514 515 516 897 899 900 1169 1623 
9 
515 516 725 897 898 900 1169 1172 1985 
5 
516 783 897 898 899 
3 
902 903 904 
4 
901 903 904 1073 
5 
901 902 904 1073 1076 
3 
901 902 903 
11 
398 399 906 907 908 1165 1168 1845 1846 1847 1848 
9 
905 907 908 1165 1166 1167 1168 1846 1847 
8 
246 354 905 906 908 1167 1168 1847 
11 
245 246 353 354 399 905 906 907 1168 1847 1848 
3 
910 911 912 
3 
909 911 912 
5 
909 910 912 1529 1530 
4 
909 910 911 1529 
4 
914 915 916 1520 
6 
913 915 916 1519 1520 1800 
4 
913 914 916 1714 
5 
913 914 915 1713 1714 
3 
918 919 920 
3 
917 919 920 
3 
917 918 920 
3 
917 918 919 
6 
886 922 923 924 1505 1508 
8 
921 923 924 1505 1506 1507 1508 1516 
5 
921 922 924 1507 1508 
6 
886 887 921 922 923 1508 
6 
926 927 928 1381 1384 1769 
9 
925 927 928 1381 1382 1383 1384 1769 1770 
9 
925 926 928 1383 1384 1769 1770 1771 1772 
6 
925 926 927 1384 1769 1772 
7 
338 645 648 930 931 932 1454 
10 
540 645 646 647 648 929 931 932 1597 1600 
6 
647 648 929 930 932 1600 
8 
338 339 648 929 930 931 1454 1455 
9 
754 851 852 934 935 936 1266 1269 1825 
9 
851 933 935 936 1113 1269 1270 1825 1826 
13 
121 933 934 936 1113 1116 1271 1272 1634 1825 1826 1827 1828 
12 
754 755 933 934 935 1266 1267 1272 1633 1634 1825 1828 
3 
938 939 940 
3 
937 939 940 
3 
937 938 940 
4 
74 937 938 939 
6 
10 250 251 942 943 944 
3 
941 943 944 
3 
941 942 944 
6 
10 11 251 941 942 943 
5 
946 947 948 1841 1842 
4 
945 947 948 1842 
6 
521 945 946 948 1842 1843 
7 
945 946 947 1841 1842 1843 1844 
4 
794 950 951 952 
3 
949 951 952 
3 
949 950 952 
8 
302 794 795 882 949 950 951 1494 
5 
954 955 956 1173 1176 
7 
953 955 956 1173 1174 1175 1176 
8 
481 953 954 956 1175 1176 1665 1666 
5 
953 954 955 1176 1665 
5 
958 959 960 1159 1160 
4 
957 959 960 1159 
5 
957 958 960 1997 1998 
4 
957 958 959 1997 
5 
22 23 962 963 964 
4 
840 961 963 964 
3 
961 962 964 
4 
23 961 962 963 
7 
966 967 968 1457 1458 1459 1460 
6 
965 967 968 1324 1458 1459 
6 
773 774 965 966 968 1459 
6 
773 965 966 967 1459 1460 
4 
89 970 971 972 
5 
89 90 969 971 972 
7 
89 90 91 92 969 970 972 
5 
89 92 969 970 971 
6 
221 222 974 975 976 1743 
4 
222 973 975 976 
5 
222 223 973 974 976 
7 
221 222 223 224 973 974 975 
6 
831 978 979 980 1470 1970 
3 
977 979 980 
3 
977 978 980 
7 
977 978 979 1470 1471 1970 1971 
5 
982 983 984 1709 1710 
5 
981 983 984 1616 1710 
4 
981 982 984 1711 
6 
842 981 982 983 1711 1712 
4 
12 986 987 988 
5 
11 12 985 987 988 
3 
985 986 988 
4 
34 985 986 987 
3 
990 991 992 
4 
989 991 992 1145 
5 
989 990 992 1145 1148 
3 
989 990 991 
4 
994 995 996 1375 
4 
993 995 996 1296 
4 
993 994 996 1198 
5 
993 994 995 1197 1198 
7 
262 998 999 1000 1693 1694 1978 
6 
997 999 1000 1045 1048 1694 
6 
997 998 1000 1048 1694 1695 
11 
262 263 997 998 999 1693 1694 1695 1696 1978 1979 
12 
509 759 760 1002 1003 1004 1285 1288 1673 1674 1675 1676 
12 
509 510 759 1001 1003 1004 1285 1286 1287 1288 1674 1675 
11 
410 509 510 511 512 1001 1002 1004 1287 1288 1675 
10 
409 410 509 512 1001 1002 1003 1288 1675 1676 
9 
1006 1007 1008 1041 1042 1043 1044 1407 1408 
8 
1005 1007 1008 1042 1043 1407 1949 1952 
5 
1005 1006 1008 1043 1952 
5 
1005 1006 1007 1043 1044 
3 
1010 1011 1012 
3 
1009 1011 1012 
3 
1009 1010 1012 
3 
1009 1010 1011 
3 
1014 1015 1016 
5 
105 1013 1015 1016 1057 
8 
105 108 701 1013 1014 1016 1057 1060 
4 
210 1013 1014 1015 
5 
1018 1019 1020 1974 1975 
3 
1017 1019 1020 
3 
1017 1018 1020 
4 
1017 1018 1019 1975 
5 
466 467 1022 1023 1024 
3 
1021 1023 1024 
3 
1021 1022 1024 
6 
467 554 1021 1022 1023 1802 
3 
1026 1027 1028 
3 
1025 1027 1028 
4 
145 1025 1026 1028 
3 
1025 1026 1027 
7 
1030 1031 1032 1701 1702 1729 1730 
8 
597 600 1029 1031 1032 1545 1702 1730 
9 
600 1029 1030 1032 1545 1548 1702 1703 1731 
9 
1029 1030 1031 1701 1702 1703 1704 1731 1732 
3 
1034 1035 1036 
5 
257 260 1033 1035 1036 
4 
260 1033 1034 1036 
3 
1033 1034 1035 
3 
1038 1039 1040 
3 
1037 1039 1040 
4 
1037 1038 1040 1490 
5 
1037 1038 1039 1489 1490 
6 
1005 1042 1043 1044 1408 1887 
8 
1005 1006 1041 1043 1044 1407 1949 1952 
8 
1005 1006 1007 1008 1041 1042 1044 1952 
5 
1005 1008 1041 1042 1043 
4 
998 1046 1047 1048 
3 
1045 1047 1048 
5 
45 46 1045 1046 1048 
6 
45 998 999 1045 1046 1047 
8 
681 682 683 684 1050 1051 1052 1963 
5 
682 683 1049 1051 1052 
4 
683 1049 1050 1052 
5 
683 684 1049 1050 1051 
5 
172 857 1054 1055 1056 
7 
171 172 857 858 1053 1055 1056 
10 
857 858 859 860 1053 1054 1056 1273 1685 1686 
6 
857 860 1053 1054 1055 1685 
7 
105 392 1014 1015 1058 1059 1060 
7 
105 106 391 392 1057 1059 1060 
9 
105 106 107 108 701 702 1057 1058 1060 
7 
105 108 701 1015 1057 1058 1059 
4 
297 1062 1063 1064 
5 
297 298 1061 1063 1064 
5 
299 300 1061 1062 1064 
4 
300 1061 1062 1063 
3 
1066 1067 1068 
3 
1065 1067 1068 
3 
1065 1066 1068 
4 
1065 1066 1067 1830 
5 
341 342 1070 1071 1072 
5 
153 342 1069 1071 1072 
7 
153 156 342 343 1069 1070 1072 
7 
341 342 343 344 1069 1070 1071 
5 
902 903 1074 1075 1076 
3 
1073 1075 1076 
4 
822 1073 1074 1076 
6 
821 822 903 1073 1074 1075 
3 
1078 1079 1080 
3 
1077 1079 1080 
5 
825 826 1077 1078 1080 
4 
825 1077 1078 1079 
7 
593 594 1082 1083 1084 1110 1130 
4 
594 1081 1083 1084 
5 
594 595 1081 1082 1084 
11 
593 594 595 596 1081 1082 1083 1110 1111 1130 1131 
3 
1086 1087 1088 
4 
1085 1087 1088 1973 
4 
1085 1086 1088 1976 
3 
1085 1086 1087 
7 
1090 1091 1092 1239 1279 1883 1884 
5 
697 1089 1091 1092 1883 
5 
697 700 1089 1090 1092 
5 
162 1089 1090 1091 1938 
3 
1094 1095 1096 
3 
1093 1095 1096 
3 
1093 1094 1096 
3 
1093 1094 1095 
3 
1098 1099 1100 
3 
1097 1099 1100 
3 
1097 1098 1100 
3 
1097 1098 1099 
3 
1102 1103 1104 
3 
1101 1103 1104 
5 
1101 1102 1104 1649 1650 
4 
1101 1102 1103 1649 
4 
1106 1107 1108 1646 
3 
1105 1107 1108 
3 
1105 1106 1108 
5 
1105 1106 1107 1646 1647 
7 
521 522 1110 1111 1112 1129 1132 
12 
522 593 596 1081 1084 1109 1111 1112 1129 1130 1131 1132 
9 
522 523 596 1084 1109 1110 1112 1131 1132 
8 
521 522 523 524 1109 1110 1111 1132 
13 
121 122 934 935 1114 1115 1116 1269 1270 1271 1272 1825 1826 
7 
122 1113 1115 1116 1270 1271 1826 
10 
122 123 241 242 1113 1114 1116 1271 1826 1827 
16 
121 122 123 124 241 935 1113 1114 1115 1271 1272 1634 1825 1826 1827 1828 
3 
1118 1119 1120 
4 
1117 1119 1120 1184 
3 
1117 1118 1120 
3 
1117 1118 1119 
3 
1122 1123 1124 
5 
201 204 1121 1123 1124 
4 
204 1121 1122 1124 
4 
206 1121 1122 1123 
4 
1126 1127 1128 1615 
3 
1125 1127 1128 
5 
101 1125 1126 1128 1582 
6 
1125 1126 1127 1326 1581 1582 
5 
1109 1110 1130 1131 1132 
8 
593 596 1081 1084 1110 1129 1131 1132 
8 
522 596 1084 1110 1111 1129 1130 1132 
9 
521 522 1109 1110 1111 1112 1129 1130 1131 
3 
1134 1135 1136 
3 
1133 1135 1136 
3 
1133 1134 1136 
3 
1133 1134 1135 
3 
1138 1139 1140 
3 
1137 1139 1140 
4 
157 1137 1138 1140 
3 
1137 1138 1139 
4 
1142 1143 1144 1286 
3 
1141 1143 1144 
4 
1141 1142 1144 1201 
6 
510 1141 1142 1143 1286 1287 
5 
990 991 1146 1147 1148 
3 
1145 1147 1148 
3 
1145 1146 1148 
4 
991 1145 1146 1147 
7 
145 146 147 148 1150 1151 1152 
5 
146 147 1149 1151 1152 
4 
147 1149 1150 1152 
5 
147 148 1149 1150 1151 
5 
258 259 1154 1155 1156 
4 
325 1153 1155 1156 
5 
325 328 1153 1154 1156 
4 
259 1153 1154 1155 
4 
1158 1159 1160 1768 
5 
1157 1159 1160 1767 1768 
5 
957 958 1157 1158 1160 
4 
957 1157 1158 1159 
7 
13 229 230 1162 1163 1164 1659 
6 
13 14 230 1161 1163 1164 
10 
13 14 15 16 230 231 829 1161 1162 1164 
9 
13 16 229 230 231 232 1161 1162 1163 
9 
398 399 905 906 1166 1167 1168 1846 1847 
4 
906 1165 1167 1168 
6 
246 906 907 1165 1166 1168 
11 
245 246 399 905 906 907 908 1165 1166 1167 1847 
9 
515 898 899 1170 1171 1172 1357 1985 1986 
6 
1169 1171 1172 1357 1358 1986 
10 
726 1169 1170 1172 1357 1358 1359 1360 1986 1987 
12 
725 726 899 1169 1170 1171 1357 1360 1985 1986 1987 1988 
5 
953 954 1174 1175 1176 
4 
954 1173 1175 1176 
8 
481 482 954 955 1173 1174 1176 1666 
10 
481 953 954 955 956 1173 1174 1175 1665 1666 
7 
268 649 650 1178 1179 1180 1629 
8 
267 268 650 1177 1179 1180 1629 1630 
9 
650 651 1177 1178 1180 1629 1630 1631 1632 
9 
649 650 651 652 1177 1178 1179 1629 1632 
3 
1182 1183 1184 
3 
1181 1183 1184 
5 
141 142 1181 1182 1184 
5 
141 1118 1181 1182 1183 
6 
401 402 1186 1187 1188 1638 
5 
209 402 1185 1187 1188 
6 
212 402 403 1185 1186 1188 
10 
401 402 403 404 1185 1186 1187 1402 1638 1639 
4 
1190 1191 1192 1888 
5 
1189 1191 1192 1887 1888 
4 
890 1189 1190 1192 
5 
889 890 1189 1190 1191 
8 
863 1194 1195 1196 1481 1482 1483 1484 
5 
1193 1195 1196 1482 1483 
4 
1193 1194 1196 1483 
5 
1193 1194 1195 1483 1484 
4 
996 1198 1199 1200 
5 
995 996 1197 1199 1200 
6 
1197 1198 1200 1810 1877 1878 
7 
546 1197 1198 1199 1809 1810 1877 
4 
1143 1202 1203 1204 
3 
1201 1203 1204 
3 
1201 1202 1204 
3 
1201 1202 1203 
7 
87 425 1206 1207 1208 1479 1480 
6 
425 426 1205 1207 1208 1479 
9 
117 425 426 427 428 1205 1206 1208 1570 
7 
425 428 1205 1206 1207 1569 1570 
6 
188 469 472 1210 1211 1212 
9 
187 188 469 470 471 472 1209 1211 1212 
5 
471 472 1209 1210 1212 
4 
472 1209 1210 1211 
3 
1214 1215 1216 
4 
1213 1215 1216 1336 
3 
1213 1214 1216 
3 
1213 1214 1215 
11 
1218 1219 1220 1601 1602 1603 1604 1933 1934 1935 1936 
7 
1217 1219 1220 1602 1603 1934 1935 
5 
1217 1218 1220 1603 1935 
7 
1217 1218 1219 1603 1604 1935 1936 
5 
1222 1223 1224 1312 1356 
7 
1221 1223 1224 1311 1312 1355 1356 
3 
1221 1222 1224 
3 
1221 1222 1223 
5 
1226 1227 1228 1681 1684 
7 
1225 1227 1228 1681 1682 1683 1684 
5 
1225 1226 1228 1683 1684 
5 
378 1225 1226 1227 1684 
3 
1230 1231 1232 
3 
1229 1231 1232 
3 
1229 1230 1232 
3 
1229 1230 1231 
6 
1234 1235 1236 1563 1564 1950 
4 
1233 1235 1236 1563 
3 
1233 1234 1236 
5 
1233 1234 1235 1950 1951 
6 
1238 1239 1240 1277 1278 1881 
6 
1237 1239 1240 1278 1881 1882 
10 
1089 1237 1238 1240 1278 1279 1881 1882 1883 1884 
9 
1237 1238 1239 1277 1278 1279 1280 1881 1884 
7 
631 632 1242 1243 1244 1854 1855 
4 
631 1241 1243 1244 
4 
1241 1242 1244 1590 
6 
1241 1242 1243 1589 1590 1855 
4 
655 1246 1247 1248 
4 
208 1245 1247 1248 
3 
1245 1246 1248 
3 
1245 1246 1247 
3 
1250 1251 1252 
3 
1249 1251 1252 
3 
1249 1250 1252 
3 
1249 1250 1251 
8 
321 322 745 748 870 1254 1255 1256 
8 
322 745 746 747 748 1253 1255 1256 
7 
322 323 747 748 1253 1254 1256 
9 
321 322 323 324 748 871 1253 1254 1255 
4 
622 1258 1259 1260 
3 
1257 1259 1260 
3 
1257 1258 1260 
5 
622 623 1257 1258 1259 
3 
1262 1263 1264 
3 
1261 1263 1264 
6 
1261 1262 1264 1506 1513 1514 
6 
1261 1262 1263 1505 1506 1513 
10 
753 754 755 756 1266 1267 1268 1633 1691 1806 
10 
754 755 933 936 1265 1267 1268 1272 1633 1634 
9 
755 936 1265 1266 1268 1633 1634 1635 1636 
8 
755 756 1265 1266 1267 1633 1636 1807 
10 
754 851 852 933 934 1113 1270 1271 1272 1825 
9 
851 934 1113 1114 1269 1271 1272 1825 1826 
15 
121 122 935 1113 1114 1115 1116 1269 1270 1272 1634 1825 1826 1827 1828 
15 
121 754 755 935 936 1113 1116 1266 1269 1270 1271 1633 1634 1825 1828 
7 
859 1055 1274 1275 1276 1686 1687 
3 
1273 1275 1276 
3 
1273 1274 1276 
4 
1273 1274 1275 1687 
7 
643 1237 1240 1278 1279 1280 1881 
9 
1237 1238 1239 1240 1277 1279 1280 1881 1882 
8 
1089 1239 1240 1277 1278 1280 1883 1884 
5 
1240 1277 1278 1279 1884 
4 
1282 1283 1284 1323 
3 
1281 1283 1284 
3 
1281 1282 1284 
4 
774 1281 1282 1283 
8 
758 759 1001 1002 1286 1287 1288 1674 
6 
1002 1141 1144 1285 1287 1288 
8 
509 510 1002 1003 1144 1285 1286 1288 
11 
509 759 1001 1002 1003 1004 1285 1286 1287 1674 1675 
4 
1290 1291 1292 1315 
3 
1289 1291 1292 
3 
1289 1290 1292 
3 
1289 1290 1291 
4 
1294 1295 1296 1331 
3 
1293 1295 1296 
3 
1293 1294 1296 
4 
994 1293 1294 1295 
4 
1298 1299 1300 1914 
3 
1297 1299 1300 
3 
1297 1298 1300 
5 
1297 1298 1299 1914 1915 
3 
1302 1303 1304 
4 
1301 1303 1304 1917 
6 
274 1301 1302 1304 1917 1920 
5 
273 274 1301 1302 1303 
11 
445 448 527 528 1306 1307 1308 1953 1954 1955 1956 
12 
445 446 447 448 527 1305 1307 1308 1497 1708 1954 1955 
8 
447 448 1305 1306 1308 1497 1500 1955 
6 
448 1305 1306 1307 1955 1956 
12 
70 71 735 1310 1311 1312 1353 1356 1981 1982 1983 1984 
9 
1309 1311 1312 1353 1354 1355 1356 1982 1983 
7 
1222 1309 1310 1312 1355 1356 1983 
9 
71 1221 1222 1309 1310 1311 1356 1983 1984 
3 
1314 1315 1316 
3 
1313 1315 1316 
4 
1289 1313 1314 1316 
3 
1313 1314 1315 
3 
1318 1319 1320 
3 
1317 1319 1320 
3 
1317 1318 1320 
3 
1317 1318 1319 
6 
255 256 1322 1323 1324 1458 
5 
255 532 1321 1323 1324 
4 
1281 1321 1322 1324 
6 
966 1321 1322 1323 1458 1459 
4 
1326 1327 1328 1581 
6 
1128 1325 1327 1328 1581 1582 
7 
1325 1326 1328 1581 1582 1583 1584 
5 
1325 1326 1327 1581 1584 
3 
1330 1331 1332 
3 
1329 1331 1332 
4 
1293 1329 1330 1332 
3 
1329 1330 1331 
5 
1334 1335 1336 1473 1617 
7 
1333 1335 1336 1473 1474 1617 1618 
11 
1333 1334 1336 1473 1474 1475 1476 1617 1618 1619 1620 
8 
1214 1333 1334 1335 1473 1476 1617 1620 
5 
1338 1339 1340 1349 1350 
5 
1337 1339 1340 1350 1897 
6 
1337 1338 1340 1351 1897 1900 
5 
1337 1338 1339 1351 1352 
3 
1342 1343 1344 
4 
228 1341 1343 1344 
4 
558 1341 1342 1344 
5 
557 558 1341 1342 1343 
3 
1346 1347 1348 
3 
1345 1347 1348 
3 
1345 1346 1348 
3 
1345 1346 1347 
4 
1337 1350 1351 1352 
5 
1337 1338 1349 1351 1352 
5 
1339 1340 1349 1350 1352 
4 
1340 1349 1350 1351 
10 
70 71 735 1309 1310 1354 1355 1356 1982 1983 
4 
1310 1353 1355 1356 
6 
1222 1310 1311 1353 1354 1356 
11 
71 1221 1222 1309 1310 1311 1312 1353 1354 1355 1983 
10 
726 1169 1170 1171 1172 1358 1359 1360 1986 1987 
5 
1170 1171 1357 1359 1360 
4 
1171 1357 1358 1360 
8 
726 727 1171 1172 1357 1358 1359 1987 
3 
1362 1363 1364 
3 
1361 1363 1364 
3 
1361 1362 1364 
3 
1361 1362 1363 
4 
1366 1367 1368 1795 
3 
1365 1367 1368 
3 
1365 1366 1368 
4 
1365 1366 1367 1606 
5 
1370 1371 1372 1901 1902 
4 
1369 1371 1372 1902 
5 
1369 1370 1372 1902 1903 
7 
1369 1370 1371 1901 1902 1903 1904 
3 
1374 1375 1376 
3 
1373 1375 1376 
4 
993 1373 1374 1376 
3 
1373 1374 1375 
7 
1 2 25 26 1378 1379 1380 
5 
2 26 1377 1379 1380 
7 
2 3 26 27 1377 1378 1380 
11 
1 2 3 4 25 26 27 28 1377 1378 1379 
5 
925 926 1382 1383 1384 
4 
926 1381 1383 1384 
7 
926 927 1381 1382 1384 1769 1770 
8 
925 926 927 928 1381 1382 1383 1769 
6 
135 136 1386 1387 1388 1856 
6 
135 1385 1387 1388 1855 1856 
3 
1385 1386 1388 
3 
1385 1386 1387 
3 
1390 1391 1392 
3 
1389 1391 1392 
3 
1389 1390 1392 
3 
1389 1390 1391 
9 
461 462 553 556 1394 1395 1396 1801 1804 
12 
462 553 554 555 556 1393 1395 1396 1801 1802 1803 1804 
9 
462 463 555 556 1393 1394 1396 1803 1804 
9 
461 462 463 464 556 1393 1394 1395 1804 
5 
1398 1399 1400 1750 1751 
4 
721 1397 1399 1400 
5 
721 724 1397 1398 1400 
4 
1397 1398 1399 1751 
5 
1402 1403 1404 1637 1640 
10 
401 404 1188 1401 1403 1404 1637 1638 1639 1640 
7 
404 454 1401 1402 1404 1639 1640 
6 
453 454 1401 1402 1403 1640 
6 
423 1406 1407 1408 1886 1887 
3 
1405 1407 1408 
7 
1005 1006 1042 1405 1406 1408 1949 
6 
1005 1041 1405 1406 1407 1887 
4 
226 1410 1411 1412 
3 
1409 1411 1412 
5 
1409 1410 1412 1781 1782 
6 
226 227 1409 1410 1411 1781 
7 
1414 1415 1416 1506 1507 1515 1516 
4 
1413 1415 1416 1515 
4 
393 1413 1414 1416 
4 
1413 1414 1415 1507 
4 
1418 1419 1420 1447 
3 
1417 1419 1420 
3 
1417 1418 1420 
3 
1417 1418 1419 
3 
1422 1423 1424 
3 
1421 1423 1424 
3 
1421 1422 1424 
3 
1421 1422 1423 
3 
1426 1427 1428 
3 
1425 1427 1428 
3 
1425 1426 1428 
3 
1425 1426 1427 
3 
1430 1431 1432 
3 
1429 1431 1432 
3 
1429 1430 1432 
3 
1429 1430 1431 
8 
1434 1435 1436 1814 1821 1822 1823 1824 
6 
813 1433 1435 1436 1822 1823 
7 
813 816 1433 1434 1436 1677 1823 
7 
1433 1434 1435 1814 1815 1823 1824 
11 
237 238 805 808 1438 1439 1440 1945 1946 1947 1948 
10 
238 805 806 807 808 1437 1439 1440 1946 1947 
8 
238 239 807 808 1437 1438 1440 1947 
10 
237 238 239 240 808 1437 1438 1439 1947 1948 
4 
349 1442 1443 1444 
6 
349 350 1441 1443 1444 1944 
5 
351 352 1441 1442 1444 
4 
352 1441 1442 1443 
5 
715 716 1446 1447 1448 
4 
715 1445 1447 1448 
4 
1417 1445 1446 1448 
3 
1445 1446 1447 
4 
183 1450 1451 1452 
3 
1449 1451 1452 
3 
1449 1450 1452 
3 
1449 1450 1451 
9 
337 338 339 340 618 619 1454 1455 1456 
8 
338 339 648 929 932 1453 1455 1456 
5 
339 932 1453 1454 1456 
6 
339 340 619 1453 1454 1455 
4 
965 1458 1459 1460 
7 
965 966 1321 1324 1457 1459 1460 
10 
773 774 965 966 967 968 1324 1457 1458 1460 
6 
773 965 968 1457 1458 1459 
10 
247 353 354 355 356 541 542 1462 1463 1464 
6 
354 355 542 1461 1463 1464 
6 
355 542 543 1461 1462 1464 
9 
355 356 541 542 543 544 1461 1462 1463 
5 
1466 1467 1468 1609 1612 
7 
1465 1467 1468 1609 1610 1611 1612 
6 
1465 1466 1468 1611 1612 1929 
4 
1465 1466 1467 1612 
6 
831 832 1470 1471 1472 1969 
8 
831 977 980 1469 1471 1472 1969 1970 
8 
980 1469 1470 1472 1969 1970 1971 1972 
5 
1469 1470 1471 1969 1972 
11 
1333 1334 1335 1336 1474 1475 1476 1617 1618 1619 1620 
7 
1334 1335 1473 1475 1476 1618 1619 
5 
1335 1473 1474 1476 1619 
7 
1335 1336 1473 1474 1475 1619 1620 
8 
86 87 670 671 1478 1479 1480 1680 
5 
1477 1479 1480 1679 1680 
5 
1205 1206 1477 1478 1480 
6 
87 671 1205 1477 1478 1479 
9 
174 861 862 863 864 1193 1482 1483 1484 
7 
862 863 1193 1194 1481 1483 1484 
8 
863 1193 1194 1195 1196 1481 1482 1484 
9 
174 175 863 864 1193 1196 1481 1482 1483 
3 
1486 1487 1488 
3 
1485 1487 1488 
3 
1485 1486 1488 
3 
1485 1486 1487 
5 
1040 1490 1491 1492 1919 
5 
1039 1040 1489 1491 1492 
3 
1489 1490 1492 
3 
1489 1490 1491 
7 
301 793 796 881 1494 1495 1496 
12 
301 302 793 794 795 796 881 882 952 1493 1495 1496 
14 
301 302 303 304 766 795 796 881 882 883 884 1493 1494 1496 
10 
301 304 765 766 796 881 884 1493 1494 1495 
10 
447 641 644 1306 1307 1498 1499 1500 1707 1708 
8 
641 642 643 644 1497 1499 1500 1707 
5 
643 644 1497 1498 1500 
6 
644 710 1307 1497 1498 1499 
4 
1502 1503 1504 1796 
5 
1501 1503 1504 1795 1796 
5 
1501 1502 1504 1605 1606 
4 
1501 1502 1503 1605 
6 
921 922 1264 1506 1507 1508 
9 
922 1263 1264 1413 1505 1507 1508 1513 1516 
8 
922 923 1413 1416 1505 1506 1508 1516 
7 
921 922 923 924 1505 1506 1507 
3 
1510 1511 1512 
3 
1509 1511 1512 
3 
1509 1510 1512 
3 
1509 1510 1511 
6 
1263 1264 1506 1514 1515 1516 
4 
1263 1513 1515 1516 
5 
1413 1414 1513 1514 1516 
7 
922 1413 1506 1507 1513 1514 1515 
5 
535 536 1518 1519 1520 
5 
535 1517 1519 1520 1797 
5 
914 1517 1518 1520 1800 
5 
913 914 1517 1518 1519 
3 
1522 1523 1524 
3 
1521 1523 1524 
3 
1521 1522 1524 
3 
1521 1522 1523 
5 
885 888 1526 1527 1528 
7 
885 886 887 888 1525 1527 1528 
7 
113 114 887 888 1525 1526 1528 
5 
113 888 1525 1526 1527 
6 
911 912 1530 1531 1532 1930 
4 
911 1529 1531 1532 
4 
894 1529 1530 1532 
7 
893 894 1529 1530 1531 1930 1931 
3 
1534 1535 1536 
3 
1533 1535 1536 
3 
1533 1534 1536 
5 
30 438 1533 1534 1535 
3 
1538 1539 1540 
3 
1537 1539 1540 
3 
1537 1538 1540 
3 
1537 1538 1539 
5 
587 588 1542 1543 1544 
4 
587 1541 1543 1544 
3 
1541 1542 1544 
3 
1541 1542 1543 
9 
597 598 599 600 1030 1031 1546 1547 1548 
5 
598 599 1545 1547 1548 
4 
599 1545 1546 1548 
6 
599 600 1031 1545 1546 1547 
3 
1550 1551 1552 
5 
489 717 1549 1551 1552 
9 
489 492 717 720 1549 1550 1552 1613 1614 
4 
1549 1550 1551 1613 
3 
1554 1555 1556 
3 
1553 1555 1556 
5 
1553 1554 1556 1817 1818 
4 
1553 1554 1555 1817 
4 
433 1558 1559 1560 
5 
433 434 1557 1559 1560 
8 
433 434 435 436 1557 1558 1560 1905 
5 
433 436 1557 1558 1559 
3 
1562 1563 1564 
3 
1561 1563 1564 
5 
1233 1234 1561 1562 1564 
4 
1233 1561 1562 1563 
7 
218 219 1566 1567 1568 1738 1739 
3 
1565 1567 1568 
3 
1565 1566 1568 
5 
219 1565 1566 1567 1739 
4 
1208 1570 1571 1572 
8 
117 120 428 1207 1208 1569 1571 1572 
4 
120 1569 1570 1572 
3 
1569 1570 1571 
5 
265 1574 1575 1576 1719 
5 
265 266 1573 1575 1576 
7 
265 266 267 268 1573 1574 1576 
5 
265 268 1573 1574 1575 
5 
316 1578 1579 1580 1745 
7 
315 316 1577 1579 1580 1745 1746 
8 
130 1577 1578 1580 1745 1746 1747 1748 
7 
129 130 1577 1578 1579 1745 1748 
8 
1128 1325 1326 1327 1328 1582 1583 1584 
10 
101 104 589 1127 1128 1326 1327 1581 1583 1584 
7 
104 589 592 1327 1581 1582 1584 
5 
1327 1328 1581 1582 1583 
3 
1586 1587 1588 
3 
1585 1587 1588 
6 
305 853 854 1585 1586 1588 
4 
853 1585 1586 1587 
5 
373 1244 1590 1591 1592 
7 
373 374 1243 1244 1589 1591 1592 
7 
373 374 375 376 1589 1590 1592 
5 
373 376 1589 1590 1591 
3 
1594 1595 1596 
4 
116 1593 1595 1596 
3 
1593 1594 1596 
3 
1593 1594 1595 
8 
537 540 646 647 930 1598 1599 1600 
7 
537 538 539 540 1597 1599 1600 
6 
449 539 540 1597 1598 1600 
7 
540 647 930 931 1597 1598 1599 
8 
1217 1602 1603 1604 1933 1934 1935 1936 
7 
1217 1218 1601 1603 1604 1934 1935 
8 
1217 1218 1219 1220 1601 1602 1604 1935 
7 
1217 1220 1601 1602 1603 1935 1936 
5 
1503 1504 1606 1607 1608 
5 
1368 1503 1605 1607 1608 
3 
1605 1606 1608 
3 
1605 1606 1607 
5 
1465 1466 1610 1611 1612 
4 
1466 1609 1611 1612 
6 
1466 1467 1609 1610 1612 1929 
7 
1465 1466 1467 1468 1609 1610 1611 
5 
1551 1552 1614 1615 1616 
7 
492 717 720 1551 1613 1615 1616 
5 
720 1125 1613 1614 1616 
4 
982 1613 1614 1615 
8 
1333 1334 1335 1336 1473 1618 1619 1620 
7 
1334 1335 1473 1474 1617 1619 1620 
8 
1335 1473 1474 1475 1476 1617 1618 1620 
7 
1335 1336 1473 1476 1617 1618 1619 
6 
513 782 812 1622 1623 1624 
7 
513 514 811 812 1621 1623 1624 
9 
513 514 515 516 897 898 1621 1622 1624 
8 
513 516 782 783 897 1621 1622 1623 
3 
1626 1627 1628 
3 
1625 1627 1628 
3 
1625 1626 1628 
3 
1625 1626 1627 
9 
268 650 1177 1178 1179 1180 1630 1631 1632 
7 
267 268 1178 1179 1629 1631 1632 
4 
1179 1629 1630 1632 
7 
650 651 1179 1180 1629 1630 1631 
15 
753 754 755 756 936 1265 1266 1267 1268 1272 1634 1635 1636 1806 1807 
16 
121 124 754 755 935 936 1116 1266 1267 1271 1272 1633 1635 1636 1825 1828 
7 
124 755 1267 1633 1634 1636 1828 
8 
755 756 1267 1268 1633 1634 1635 1807 
6 
401 1401 1402 1638 1639 1640 
8 
401 402 1185 1188 1402 1637 1639 1640 
8 
403 404 1188 1402 1403 1637 1638 1640 
9 
404 454 1401 1402 1403 1404 1637 1638 1639 
5 
47 48 1642 1643 1644 
4 
47 1641 1643 1644 
3 
1641 1642 1644 
3 
1641 1642 1643 
3 
1646 1647 1648 
5 
1105 1108 1645 1647 1648 
4 
1108 1645 1646 1648 
3 
1645 1646 1647 
5 
1103 1104 1650 1651 1652 
4 
1103 1649 1651 1652 
6 
734 1649 1650 1652 1981 1982 
6 
733 734 1649 1650 1651 1981 
4 
611 1654 1655 1656 
4 
1653 1655 1656 1872 
3 
1653 1654 1656 
3 
1653 1654 1655 
6 
505 508 687 1658 1659 1660 
5 
506 507 1657 1659 1660 
5 
507 1161 1657 1658 1660 
4 
508 1657 1658 1659 
5 
381 690 1662 1663 1664 
4 
382 1661 1663 1664 
4 
383 1661 1662 1664 
6 
384 690 691 1661 1662 1663 
6 
955 956 1176 1666 1667 1668 
8 
481 484 955 1175 1176 1665 1667 1668 
4 
484 1665 1666 1668 
4 
170 1665 1666 1667 
4 
833 1670 1671 1672 
5 
833 834 1669 1671 1672 
7 
833 834 835 836 1669 1670 1672 
5 
833 836 1669 1670 1671 
5 
760 1001 1674 1675 1676 
9 
759 760 1001 1002 1285 1288 1673 1675 1676 
10 
410 509 1001 1002 1003 1004 1288 1673 1674 1676 
7 
409 410 1001 1004 1673 1674 1675 
7 
813 816 1435 1678 1679 1680 1823 
7 
813 814 815 816 1677 1679 1680 
6 
815 816 1478 1677 1678 1680 
6 
816 1477 1478 1677 1678 1679 
5 
1225 1226 1682 1683 1684 
4 
1226 1681 1683 1684 
5 
1226 1227 1681 1682 1684 
7 
1225 1226 1227 1228 1681 1682 1683 
7 
857 860 1055 1056 1686 1687 1688 
9 
857 858 859 860 1055 1273 1685 1687 1688 
7 
859 860 1273 1276 1685 1686 1688 
4 
860 1685 1686 1687 
3 
1690 1691 1692 
3 
1689 1691 1692 
7 
753 1265 1689 1690 1692 1805 1806 
4 
1689 1690 1691 1805 
13 
261 262 263 264 997 1000 1694 1695 1696 1977 1978 1979 1980 
11 
262 263 997 998 999 1000 1693 1695 1696 1978 1979 
7 
263 999 1000 1693 1694 1696 1979 
8 
263 264 1000 1693 1694 1695 1979 1980 
3 
1698 1699 1700 
3 
1697 1699 1700 
3 
1697 1698 1700 
3 
1697 1698 1699 
9 
1029 1032 1702 1703 1704 1729 1730 1731 1732 
10 
600 1029 1030 1031 1032 1701 1703 1704 1730 1731 
6 
1031 1032 1701 1702 1704 1731 
6 
1032 1701 1702 1703 1731 1732 
4 
446 1706 1707 1708 
3 
1705 1707 1708 
7 
641 642 1497 1498 1705 1706 1708 
8 
446 447 641 1306 1497 1705 1706 1707 
4 
981 1710 1711 1712 
5 
981 982 1709 1711 1712 
6 
842 983 984 1709 1710 1712 
6 
841 842 984 1709 1710 1711 
4 
916 1714 1715 1716 
5 
915 916 1713 1715 1716 
3 
1713 1714 1716 
3 
1713 1714 1715 
3 
1718 1719 1720 
3 
1717 1719 1720 
4 
1573 1717 1718 1720 
3 
1717 1718 1719 
3 
1722 1723 1724 
3 
1721 1723 1724 
4 
358 1721 1722 1724 
5 
357 358 1721 1722 1723 
6 
693 694 711 1726 1727 1728 
7 
161 164 694 1725 1727 1728 1937 
8 
164 694 695 1725 1726 1728 1937 1940 
7 
693 694 695 696 1725 1726 1727 
5 
1029 1701 1730 1731 1732 
7 
1029 1030 1701 1702 1729 1731 1732 
9 
1031 1032 1701 1702 1703 1704 1729 1730 1732 
6 
1032 1701 1704 1729 1730 1731 
4 
836 1734 1735 1736 
5 
835 836 1733 1735 1736 
3 
1733 1734 1736 
3 
1733 1734 1735 
5 
217 218 1738 1739 1740 
5 
218 1565 1737 1739 1740 
7 
218 219 1565 1568 1737 1738 1740 
7 
217 218 219 220 1737 1738 1739 
5 
377 380 1742 1743 1744 
7 
377 378 379 380 1741 1743 1744 
8 
221 222 379 380 973 1741 1742 1744 
5 
221 380 1741 1742 1743 
10 
130 315 316 1577 1578 1579 1580 1746 1747 1748 
6 
315 1578 1579 1745 1747 1748 
4 
1579 1745 1746 1748 
7 
130 131 1579 1580 1745 1746 1747 
3 
1750 1751 1752 
4 
1397 1749 1751 1752 
5 
1397 1400 1749 1750 1752 
3 
1749 1750 1751 
3 
1754 1755 1756 
3 
1753 1755 1756 
3 
1753 1754 1756 
3 
1753 1754 1755 
8 
493 494 668 677 678 1758 1759 1760 
7 
494 667 668 678 1757 1759 1760 
7 
494 495 678 679 1757 1758 1760 
11 
493 494 495 496 677 678 679 680 1757 1758 1759 
3 
1762 1763 1764 
4 
33 1761 1763 1764 
5 
33 36 1761 1762 1764 
3 
1761 1762 1763 
4 
1766 1767 1768 1916 
5 
1765 1767 1768 1915 1916 
4 
1158 1765 1766 1768 
5 
1157 1158 1765 1766 1767 
9 
925 926 927 928 1383 1384 1770 1771 1772 
6 
926 927 1383 1769 1771 1772 
4 
927 1769 1770 1772 
5 
927 928 1769 1770 1771 
3 
1774 1775 1776 
3 
1773 1775 1776 
3 
1773 1774 1776 
3 
1773 1774 1775 
4 
55 1778 1779 1780 
3 
1777 1779 1780 
3 
1777 1778 1780 
3 
1777 1778 1779 
7 
226 227 1411 1412 1782 1783 1784 
4 
1411 1781 1783 1784 
3 
1781 1782 1784 
4 
227 1781 1782 1783 
5 
496 866 1786 1787 1788 
5 
495 496 1785 1787 1788 
3 
1785 1786 1788 
5 
866 867 1785 1786 1787 
5 
207 208 1790 1791 1792 
5 
207 533 1789 1791 1792 
4 
536 1789 1790 1792 
3 
1789 1790 1791 
3 
1794 1795 1796 
3 
1793 1795 1796 
5 
1365 1502 1793 1794 1796 
5 
1501 1502 1793 1794 1795 
5 
535 1518 1798 1799 1800 
3 
1797 1799 1800 
3 
1797 1798 1800 
5 
914 1519 1797 1798 1799 
10 
461 462 553 556 787 1393 1394 1802 1803 1804 
10 
462 553 554 555 556 1024 1394 1801 1803 1804 
9 
462 463 555 556 1394 1395 1801 1802 1804 
12 
461 462 463 464 556 1393 1394 1395 1396 1801 1802 1803 
7 
753 756 1691 1692 1806 1807 1808 
10 
753 754 755 756 1265 1633 1691 1805 1807 1808 
8 
755 756 1268 1633 1636 1805 1806 1808 
4 
756 1805 1806 1807 
7 
109 545 546 1200 1810 1811 1812 
10 
109 110 546 1199 1200 1809 1811 1812 1877 1880 
10 
109 110 111 112 546 547 1809 1810 1812 1880 
9 
109 112 545 546 547 548 1809 1810 1811 
4 
1814 1815 1816 1824 
7 
1433 1436 1813 1815 1816 1823 1824 
6 
669 670 1436 1813 1814 1816 
4 
669 1813 1814 1815 
5 
1555 1556 1818 1819 1820 
4 
1555 1817 1819 1820 
3 
1817 1818 1820 
3 
1817 1818 1819 
4 
1433 1822 1823 1824 
5 
1433 1434 1821 1823 1824 
9 
1433 1434 1435 1436 1677 1814 1821 1822 1824 
7 
1433 1436 1813 1814 1821 1822 1823 
15 
121 933 934 935 936 1113 1116 1269 1270 1271 1272 1634 1826 1827 1828 
13 
121 122 934 935 1113 1114 1115 1116 1270 1271 1825 1827 1828 
13 
121 122 123 124 241 242 935 1115 1116 1271 1825 1826 1828 
13 
121 124 241 935 936 1116 1271 1272 1634 1635 1825 1826 1827 
4 
98 1830 1831 1832 
4 
1068 1829 1831 1832 
3 
1829 1830 1832 
5 
98 99 1829 1830 1831 
4 
843 1834 1835 1836 
3 
1833 1835 1836 
3 
1833 1834 1836 
3 
1833 1834 1835 
6 
236 635 636 1838 1839 1840 
7 
235 236 635 804 1837 1839 1840 
3 
1837 1838 1840 
3 
1837 1838 1839 
5 
945 948 1842 1843 1844 
7 
945 946 947 948 1841 1843 1844 
6 
521 947 948 1841 1842 1844 
4 
948 1841 1842 1843 
8 
397 398 399 400 905 1846 1847 1848 
8 
398 399 905 906 1165 1845 1847 1848 
10 
399 905 906 907 908 1165 1168 1845 1846 1848 
7 
399 400 905 908 1845 1846 1847 
3 
1850 1851 1852 
3 
1849 1851 1852 
3 
1849 1850 1852 
4 
294 1849 1850 1851 
7 
134 135 629 632 1854 1855 1856 
8 
629 630 631 632 1241 1853 1855 1856 
8 
631 632 1241 1244 1386 1853 1854 1856 
7 
135 632 1385 1386 1853 1854 1855 
4 
872 1858 1859 1860 
7 
321 324 871 872 1857 1859 1860 
4 
324 1857 1858 1860 
3 
1857 1858 1859 
9 
163 164 1862 1863 1864 1937 1938 1939 1940 
6 
163 1861 1863 1864 1938 1939 
5 
741 1861 1862 1864 1939 
5 
1861 1862 1863 1939 1940 
3 
1866 1867 1868 
7 
1 4 25 28 1865 1867 1868 
6 
4 28 1865 1866 1868 1925 
3 
1865 1866 1867 
5 
615 616 1870 1871 1872 
8 
385 388 497 500 615 1869 1871 1872 
5 
388 500 1869 1870 1872 
4 
1654 1869 1870 1871 
3 
1874 1875 1876 
5 
581 761 1873 1875 1876 
7 
581 584 761 764 1873 1874 1876 
3 
1873 1874 1875 
7 
546 1199 1200 1810 1878 1879 1880 
4 
1199 1877 1879 1880 
3 
1877 1878 1880 
8 
110 546 547 1810 1811 1877 1878 1879 
9 
1237 1238 1239 1240 1277 1278 1882 1883 1884 
6 
1238 1239 1278 1881 1883 1884 
7 
1089 1090 1239 1279 1881 1882 1884 
8 
1089 1239 1240 1279 1280 1881 1882 1883 
7 
421 422 423 424 1886 1887 1888 
6 
422 423 1405 1885 1887 1888 
8 
423 1041 1190 1405 1408 1885 1886 1888 
7 
423 424 1189 1190 1885 1886 1887 
3 
1890 1891 1892 
3 
1889 1891 1892 
3 
1889 1890 1892 
4 
406 1889 1890 1891 
7 
42 43 58 865 1894 1895 1896 
5 
865 866 1893 1895 1896 
7 
865 866 867 868 1893 1894 1896 
8 
43 58 59 865 868 1893 1894 1895 
7 
132 189 1338 1339 1898 1899 1900 
7 
131 132 189 190 1897 1899 1900 
8 
189 190 191 192 1897 1898 1900 1958 
8 
189 192 1339 1897 1898 1899 1957 1958 
5 
1369 1372 1902 1903 1904 
7 
1369 1370 1371 1372 1901 1903 1904 
5 
1371 1372 1901 1902 1904 
4 
1372 1901 1902 1903 
8 
433 434 435 436 1559 1906 1907 1908 
5 
434 435 1905 1907 1908 
5 
435 605 1905 1906 1908 
6 
435 436 458 1905 1906 1907 
3 
1910 1911 1912 
3 
1909 1911 1912 
3 
1909 1910 1912 
4 
730 1909 1910 1911 
3 
1914 1915 1916 
5 
1297 1300 1913 1915 1916 
5 
1300 1766 1913 1914 1916 
5 
1765 1766 1913 1914 1915 
6 
274 1302 1303 1918 1919 1920 
3 
1917 1919 1920 
4 
1489 1917 1918 1920 
6 
274 275 1303 1917 1918 1919 
3 
1922 1923 1924 
3 
1921 1923 1924 
3 
1921 1922 1924 
3 
1921 1922 1923 
7 
4 749 750 1867 1926 1927 1928 
6 
3 4 750 1925 1927 1928 
5 
750 751 1925 1926 1928 
7 
749 750 751 752 1925 1926 1927 
5 
1467 1611 1930 1931 1932 
6 
893 1529 1532 1929 1931 1932 
6 
893 896 1532 1929 1930 1932 
3 
1929 1930 1931 
5 
1217 1601 1934 1935 1936 
7 
1217 1218 1601 1602 1933 1935 1936 
11 
1217 1218 1219 1220 1601 1602 1603 1604 1933 1934 1936 
7 
1217 1220 1601 1604 1933 1934 1935 
10 
161 162 163 164 1726 1727 1861 1938 1939 1940 
8 
162 163 1092 1861 1862 1937 1939 1940 
8 
163 1861 1862 1863 1864 1937 1938 1940 
8 
163 164 1727 1861 1864 1937 1938 1939 
3 
1942 1943 1944 
4 
749 1941 1943 1944 
4 
752 1941 1942 1944 
5 
350 1442 1941 1942 1943 
4 
1437 1946 1947 1948 
6 
805 1437 1438 1945 1947 1948 
11 
237 238 805 808 1437 1438 1439 1440 1945 1946 1948 
6 
237 1437 1440 1945 1946 1947 
6 
1006 1042 1407 1950 1951 1952 
5 
1233 1236 1949 1951 1952 
4 
1236 1949 1950 1952 
7 
1006 1007 1042 1043 1949 1950 1951 
7 
445 525 528 1305 1954 1955 1956 
11 
445 446 525 526 527 528 1305 1306 1953 1955 1956 
11 
447 448 527 528 1305 1306 1307 1308 1953 1954 1956 
7 
448 528 1305 1308 1953 1954 1955 
6 
189 192 1900 1958 1959 1960 
9 
189 190 191 192 1899 1900 1957 1959 1960 
5 
191 192 1957 1958 1960 
4 
192 1957 1958 1959 
5 
566 681 1962 1963 1964 
5 
681 682 1961 1963 1964 
8 
681 682 683 684 1049 1961 1962 1964 
7 
566 567 681 684 1961 1962 1963 
3 
1966 1967 1968 
4 
828 1965 1967 1968 
3 
1965 1966 1968 
3 
1965 1966 1967 
9 
831 832 1469 1470 1471 1472 1970 1971 1972 
8 
831 977 980 1470 1471 1969 1971 1972 
5 
980 1471 1969 1970 1972 
5 
1471 1472 1969 1970 1971 
4 
1086 1974 1975 1976 
4 
1017 1973 1975 1976 
5 
1017 1020 1973 1974 1976 
4 
1087 1973 1974 1975 
8 
261 262 263 264 1693 1978 1979 1980 
9 
262 263 997 1000 1693 1694 1977 1979 1980 
9 
263 1000 1693 1694 1695 1696 1977 1978 1980 
7 
263 264 1693 1696 1977 1978 1979 
12 
69 70 733 734 735 736 1309 1651 1652 1982 1983 1984 
10 
70 734 735 1309 1310 1353 1651 1981 1983 1984 
11 
71 735 1309 1310 1311 1312 1353 1356 1981 1982 1984 
9 
71 72 735 736 1309 1312 1981 1982 1983 
8 
725 726 899 1169 1172 1986 1987 1988 
9 
726 1169 1170 1171 1172 1357 1985 1987 1988 
9 
726 727 1171 1172 1357 1360 1985 1986 1988 
8 
725 726 727 728 1172 1985 1986 1987 
4 
309 1990 1991 1992 
5 
309 310 1989 1991 1992 
7 
309 310 311 312 1989 1990 1992 
5 
309 312 1989 1990 1991 
5 
877 878 1994 1995 1996 
4 
878 1993 1995 1996 
5 
878 879 1993 1994 1996 
7 
877 878 879 880 1993 1994 1995 
5 
959 960 1998 1999 2000 
4 
959 1997 1999 2000 
3 
1997 1998 2000 
3 
1997 1998 1999 