
500 
4 
10 
2 3 4 65 68 1497 1498 1579 1580 1760 
11 
1 3 4 65 66 67 68 1498 1579 1759 1760 
7 
1 2 4 67 68 1498 1499 
9 
1 2 3 68 986 1497 1498 1499 1500 
6 
6 7 8 201 202 1011 
8 
5 7 8 81 84 202 269 1152 
8 
5 6 8 84 202 203 269 272 
8 
5 6 7 201 202 203 204 1770 
6 
10 11 12 853 856 1165 
9 
9 11 12 853 854 855 856 1165 1166 
9 
9 10 12 855 856 1165 1166 1167 1168 
6 
9 10 11 856 1165 1168 
5 
14 15 16 1159 1160 
5 
13 15 16 716 1159 
3 
13 14 16 
3 
13 14 15 
3 
18 19 20 
4 
17 19 20 440 
3 
17 18 20 
3 
17 18 19 
3 
22 23 24 
5 
21 23 24 685 688 
4 
21 22 24 688 
5 
21 22 23 1098 1814 
5 
26 27 28 941 944 
7 
25 27 28 941 942 943 944 
5 
25 26 28 943 944 
5 
25 26 27 944 1634 
3 
30 31 32 
4 
29 31 32 1400 
3 
29 30 32 
4 
29 30 31 990 
3 
34 35 36 
3 
33 35 36 
3 
33 34 36 
3 
33 34 35 
3 
38 39 40 
3 
37 39 40 
3 
37 38 40 
4 
37 38 39 1774 
10 
42 43 44 113 1521 1522 1523 1524 1870 1871 
7 
41 43 44 113 114 1522 1523 
8 
41 42 44 113 114 115 116 1523 
8 
41 42 43 113 116 1523 1524 1871 
7 
46 47 48 871 872 1942 1943 
4 
45 47 48 871 
5 
45 46 48 905 1838 
6 
45 46 47 1837 1838 1943 
9 
50 51 52 91 92 215 216 239 1698 
6 
49 51 52 91 215 949 
5 
49 50 52 949 952 
5 
49 50 51 1698 1699 
5 
54 55 56 925 928 
7 
53 55 56 925 926 927 928 
6 
53 54 56 927 928 1518 
7 
53 54 55 698 928 1517 1518 
7 
58 59 60 474 1711 1981 1982 
6 
57 59 60 1417 1420 1982 
7 
57 58 60 93 1420 1982 1983 
9 
57 58 59 474 475 1981 1982 1983 1984 
8 
62 63 64 689 1071 1072 1659 1952 
10 
61 63 64 689 690 693 696 1071 1951 1952 
11 
61 62 64 689 690 691 692 696 1138 1266 1609 
10 
61 62 63 330 689 692 1137 1138 1265 1266 
12 
1 2 66 67 68 1498 1578 1579 1757 1758 1759 1760 
6 
2 65 67 68 1758 1759 
6 
2 3 65 66 68 1759 
12 
1 2 3 4 65 66 67 1498 1499 1579 1759 1760 
3 
70 71 72 
3 
69 71 72 
4 
69 70 72 242 
6 
69 70 71 241 242 1962 
4 
74 75 76 1109 
5 
73 75 76 1109 1110 
7 
73 74 76 1109 1110 1111 1112 
5 
73 74 75 1109 1112 
9 
78 79 80 513 514 515 516 1741 1742 
7 
77 79 80 514 515 1057 1742 
7 
77 78 80 515 1057 1060 1743 
7 
77 78 79 515 516 1743 1744 
6 
6 82 83 84 1151 1152 
4 
81 83 84 1151 
4 
81 82 84 270 
6 
6 7 81 82 83 269 
5 
86 87 88 582 583 
6 
85 87 88 345 348 549 
6 
85 86 88 348 549 552 
4 
85 86 87 583 
8 
90 91 92 213 237 238 239 240 
7 
89 91 92 213 214 238 239 
11 
49 50 89 90 92 213 214 215 216 239 1698 
10 
49 89 90 91 213 216 239 240 1697 1698 
7 
59 94 95 96 1420 1982 1983 
5 
93 95 96 1419 1420 
3 
93 94 96 
4 
93 94 95 1983 
3 
98 99 100 
3 
97 99 100 
3 
97 98 100 
3 
97 98 99 
9 
102 103 104 305 306 307 308 594 1106 
5 
101 103 104 306 307 
4 
101 102 104 307 
9 
101 102 103 307 308 594 595 1106 1107 
5 
106 107 108 486 487 
3 
105 107 108 
5 
105 106 108 1670 1878 
8 
105 106 107 487 1669 1670 1877 1878 
13 
110 111 112 286 287 533 534 535 536 1881 1882 1883 1884 
7 
109 111 112 534 535 1882 1883 
5 
109 110 112 535 1883 
8 
109 110 111 287 535 536 1883 1884 
12 
41 42 43 44 114 115 116 1521 1522 1523 1524 1871 
7 
42 43 113 115 116 1522 1523 
5 
43 113 114 116 1523 
7 
43 44 113 114 115 1523 1524 
6 
118 119 120 366 367 1977 
6 
117 119 120 1473 1977 1978 
7 
117 118 120 1473 1476 1979 1980 
5 
117 118 119 367 1980 
4 
122 123 124 1868 
5 
121 123 124 1867 1868 
4 
121 122 124 1638 
5 
121 122 123 1637 1638 
3 
126 127 128 
3 
125 127 128 
4 
125 126 128 1590 
6 
125 126 127 138 1589 1590 
3 
130 131 132 
3 
129 131 132 
3 
129 130 132 
3 
129 130 131 
5 
134 135 136 945 948 
9 
133 135 136 945 946 947 948 1957 1960 
6 
133 134 136 947 948 1960 
5 
133 134 135 558 948 
3 
138 139 140 
5 
128 137 139 140 1589 
6 
137 138 140 289 1589 1592 
3 
137 138 139 
3 
142 143 144 
4 
141 143 144 1280 
3 
141 142 144 
3 
141 142 143 
7 
146 147 148 1245 1246 1247 1248 
5 
145 147 148 1246 1247 
4 
145 146 148 1247 
5 
145 146 147 1247 1248 
5 
150 151 152 1009 1012 
7 
149 151 152 1009 1010 1011 1012 
6 
149 150 152 201 1011 1012 
5 
149 150 151 230 1012 
3 
154 155 156 
4 
153 155 156 1640 
5 
153 154 156 185 186 
5 
153 154 155 185 630 
4 
158 159 160 1398 
4 
157 159 160 1281 
5 
157 158 160 1281 1284 
5 
157 158 159 1398 1399 
5 
162 163 164 251 252 
5 
161 163 164 251 1273 
4 
161 162 164 1276 
3 
161 162 163 
4 
166 167 168 712 
5 
165 167 168 711 712 
5 
165 166 168 1173 1174 
4 
165 166 167 1173 
7 
170 171 172 1925 1926 1927 1928 
5 
169 171 172 1926 1927 
4 
169 170 172 1927 
6 
169 170 171 1474 1927 1928 
6 
174 175 176 315 316 519 
5 
173 175 176 315 708 
5 
173 174 176 1089 1090 
4 
173 174 175 1089 
4 
178 179 180 1677 
4 
177 179 180 1678 
5 
177 178 180 1678 1679 
5 
177 178 179 1677 1680 
5 
182 183 184 672 1393 
7 
181 183 184 671 672 1393 1394 
8 
181 182 184 485 1393 1394 1395 1396 
5 
181 182 183 1393 1396 
7 
155 156 186 187 188 630 631 
4 
155 185 187 188 
3 
185 186 188 
4 
185 186 187 631 
7 
190 191 192 742 743 1042 1043 
4 
189 191 192 1064 
4 
189 190 192 1181 
5 
189 190 191 743 1043 
13 
194 195 196 637 661 662 865 866 1671 1672 1880 1918 1919 
10 
193 195 196 637 638 662 866 1671 1879 1880 
11 
193 194 196 637 638 639 640 662 663 866 867 
14 
193 194 195 637 640 661 662 663 664 865 866 867 868 1919 
3 
198 199 200 
3 
197 199 200 
5 
197 198 200 597 598 
4 
197 198 199 597 
8 
5 8 151 202 203 204 718 1770 
7 
5 6 7 8 201 203 204 
9 
7 8 201 202 204 1141 1142 1253 1254 
10 
8 201 202 203 718 719 1141 1253 1770 1771 
7 
206 207 208 1609 1610 1611 1612 
5 
205 207 208 1610 1611 
4 
205 206 208 1611 
5 
205 206 207 1611 1612 
3 
210 211 212 
3 
209 211 212 
3 
209 210 212 
3 
209 210 211 
11 
89 90 91 92 214 215 216 237 238 239 240 
7 
90 91 213 215 216 238 239 
8 
49 50 91 213 214 216 239 1698 
10 
49 91 92 213 214 215 239 240 1697 1698 
3 
218 219 220 
3 
217 219 220 
4 
217 218 220 1422 
5 
217 218 219 1421 1422 
3 
222 223 224 
3 
221 223 224 
4 
221 222 224 1313 
3 
221 222 223 
3 
226 227 228 
4 
225 227 228 1237 
5 
225 226 228 1237 1240 
3 
225 226 227 
7 
230 231 232 1082 1083 1683 1823 
5 
152 229 231 232 717 
5 
229 230 232 717 720 
4 
229 230 231 1083 
5 
234 235 236 1296 1781 
6 
233 235 236 1295 1781 1782 
7 
233 234 236 1781 1782 1783 1784 
5 
233 234 235 1781 1784 
5 
89 213 238 239 240 
7 
89 90 213 214 237 239 240 
13 
49 89 90 91 92 213 214 215 216 237 238 240 1698 
8 
89 92 213 216 237 238 239 1697 
7 
72 242 243 244 390 1962 1963 
5 
71 72 241 243 244 
3 
241 242 244 
6 
241 242 243 390 391 1963 
9 
246 247 248 370 371 1485 1486 1487 1488 
6 
245 247 248 768 1486 1487 
4 
245 246 248 1487 
6 
245 246 247 371 1487 1488 
3 
250 251 252 
4 
249 251 252 604 
6 
161 162 249 250 252 1273 
4 
161 249 250 251 
8 
254 255 256 794 1258 1259 1525 1526 
5 
253 255 256 893 1526 
7 
253 254 256 893 896 1526 1527 
10 
253 254 255 794 795 1259 1525 1526 1527 1528 
4 
258 259 260 1153 
5 
257 259 260 1153 1154 
7 
257 258 260 1153 1154 1155 1156 
5 
257 258 259 1153 1156 
7 
262 263 264 1403 1404 1986 1987 
4 
261 263 264 1403 
3 
261 262 264 
4 
261 262 263 1987 
3 
266 267 268 
3 
265 267 268 
3 
265 266 268 
3 
265 266 267 
6 
6 7 84 270 271 272 
4 
83 269 271 272 
3 
269 270 272 
4 
7 269 270 271 
7 
274 275 276 353 354 355 356 
5 
273 275 276 354 355 
8 
273 274 276 355 445 446 1481 1482 
7 
273 274 275 355 356 445 1481 
10 
278 279 280 373 374 1625 1626 1627 1628 1875 
7 
277 279 280 374 1556 1626 1627 
10 
277 278 280 374 375 1117 1118 1445 1446 1627 
11 
277 278 279 373 374 375 376 1117 1445 1627 1628 
5 
282 283 284 750 751 
3 
281 283 284 
3 
281 282 284 
5 
281 282 283 751 958 
9 
286 287 288 533 562 840 1014 1015 1881 
10 
109 285 287 288 533 534 839 840 1881 1882 
13 
109 112 285 286 288 533 534 535 536 1881 1882 1883 1884 
9 
285 286 287 533 536 563 1015 1881 1884 
6 
139 290 291 292 1591 1592 
7 
289 291 292 477 480 1361 1591 
7 
289 290 292 480 1298 1361 1364 
5 
289 290 291 1297 1298 
3 
294 295 296 
3 
293 295 296 
3 
293 294 296 
3 
293 294 295 
3 
298 299 300 
5 
297 299 300 753 756 
9 
297 298 300 665 666 756 1605 1817 1818 
5 
297 298 299 665 1817 
3 
302 303 304 
4 
301 303 304 1725 
6 
301 302 304 766 1725 1728 
5 
301 302 303 765 766 
6 
101 306 307 308 594 1106 
5 
101 102 305 307 308 
7 
101 102 103 104 305 306 308 
9 
101 104 305 306 307 594 595 1106 1107 
3 
310 311 312 
3 
309 311 312 
3 
309 310 312 
3 
309 310 311 
5 
314 315 316 517 518 
5 
313 315 316 518 705 
8 
173 174 313 314 316 518 519 708 
8 
173 313 314 315 517 518 519 520 
3 
318 319 320 
3 
317 319 320 
4 
317 318 320 890 
6 
317 318 319 889 890 1210 
9 
322 323 324 357 360 657 660 983 984 
14 
321 323 324 357 358 359 360 657 658 659 660 881 884 983 
9 
321 322 324 359 360 659 660 884 1829 
5 
321 322 323 360 660 
5 
326 327 328 737 738 
4 
325 327 328 738 
8 
325 326 328 353 354 738 739 1898 
10 
325 326 327 353 737 738 739 740 1897 1898 
6 
330 331 332 1072 1137 1265 
10 
64 329 331 332 1071 1072 1137 1138 1265 1266 
9 
329 330 332 1137 1138 1139 1140 1267 1268 
6 
329 330 331 1137 1140 1268 
5 
334 335 336 801 804 
7 
333 335 336 801 802 803 804 
5 
333 334 336 803 804 
4 
333 334 335 804 
3 
338 339 340 
3 
337 339 340 
4 
337 338 340 1074 
5 
337 338 339 1073 1074 
5 
342 343 344 793 1370 
7 
341 343 344 793 794 1257 1260 
8 
341 342 344 793 794 795 796 1260 
7 
341 342 343 793 796 1370 1371 
6 
86 346 347 348 549 550 
5 
345 347 348 550 1948 
5 
345 346 348 550 551 
9 
86 87 345 346 347 549 550 551 552 
5 
350 351 352 805 1493 
8 
349 351 352 805 806 1240 1493 1494 
11 
349 350 352 805 806 807 808 1493 1494 1495 1496 
7 
349 350 351 805 808 1493 1496 
10 
273 327 328 354 355 356 670 739 1898 1899 
6 
273 274 327 353 355 356 
9 
273 274 275 276 353 354 356 445 1481 
8 
273 276 353 354 355 670 671 1899 
8 
321 322 358 359 360 657 658 983 
8 
322 357 359 360 658 820 881 884 
10 
322 323 357 358 360 658 659 884 1829 1830 
12 
321 322 323 324 357 358 359 657 658 659 660 1829 
4 
362 363 364 2000 
5 
361 363 364 1999 2000 
3 
361 362 364 
3 
361 362 363 
5 
366 367 368 430 934 
5 
117 365 367 368 1977 
7 
117 120 365 366 368 1977 1980 
7 
365 366 367 430 431 934 935 
3 
370 371 372 
6 
245 369 371 372 1485 1488 
6 
245 248 369 370 372 1488 
3 
369 370 371 
10 
277 280 374 375 376 1625 1626 1627 1628 1875 
10 
277 278 279 280 373 375 376 1556 1626 1627 
12 
279 280 373 374 376 1117 1118 1365 1366 1445 1446 1627 
9 
280 373 374 375 1117 1365 1445 1627 1628 
4 
378 379 380 1854 
3 
377 379 380 
3 
377 378 380 
4 
377 378 379 1855 
8 
382 383 384 574 885 886 887 888 
5 
381 383 384 886 887 
4 
381 382 384 887 
6 
381 382 383 575 887 888 
3 
386 387 388 
3 
385 387 388 
3 
385 386 388 
3 
385 386 387 
5 
390 391 392 1961 1964 
9 
241 244 389 391 392 1961 1962 1963 1964 
6 
244 389 390 392 1963 1964 
4 
389 390 391 1964 
9 
394 395 396 413 414 415 416 851 1811 
5 
393 395 396 414 415 
4 
393 394 396 415 
5 
393 394 395 415 416 
4 
398 399 400 1633 
5 
397 399 400 1633 1634 
7 
397 398 400 1633 1634 1635 1636 
5 
397 398 399 1633 1636 
6 
402 403 404 1665 1666 1932 
11 
401 403 404 681 1189 1192 1509 1512 1666 1931 1932 
9 
401 402 404 681 684 1192 1512 1666 1667 
7 
401 402 403 1665 1666 1667 1668 
7 
406 407 408 977 980 1542 1543 
7 
405 407 408 977 978 979 980 
6 
405 406 408 762 979 980 
7 
405 406 407 761 762 980 1543 
3 
410 411 412 
3 
409 411 412 
3 
409 410 412 
3 
409 410 411 
10 
393 414 415 416 849 850 851 852 1811 1812 
8 
393 394 413 415 416 850 851 1811 
8 
393 394 395 396 413 414 416 851 
7 
393 396 413 414 415 851 852 
3 
418 419 420 
3 
417 419 420 
3 
417 418 420 
3 
417 418 419 
9 
422 423 424 1197 1198 1199 1200 1250 1251 
5 
421 423 424 1198 1199 
7 
421 422 424 889 1199 1209 1210 
7 
421 422 423 1199 1200 1209 1251 
3 
426 427 428 
5 
425 427 428 1221 1224 
5 
425 426 428 1224 1258 
5 
425 426 427 1257 1258 
7 
430 431 432 933 934 935 936 
7 
365 368 429 431 432 934 935 
5 
368 429 430 432 935 
5 
429 430 431 935 936 
3 
434 435 436 
3 
433 435 436 
5 
433 434 436 817 818 
5 
433 434 435 817 982 
3 
438 439 440 
7 
437 439 440 1113 1116 1437 1440 
5 
437 438 440 1116 1440 
4 
18 437 438 439 
5 
442 443 444 1458 1695 
3 
441 443 444 
4 
441 442 444 845 
5 
441 442 443 1458 1459 
8 
275 276 355 446 447 448 1481 1482 
5 
275 445 447 448 1482 
4 
445 446 448 1483 
5 
445 446 447 1483 1484 
4 
450 451 452 874 
3 
449 451 452 
4 
449 450 452 1706 
7 
449 450 451 874 875 1705 1706 
3 
454 455 456 
3 
453 455 456 
3 
453 454 456 
3 
453 454 455 
3 
458 459 460 
3 
457 459 460 
6 
457 458 460 613 614 989 
4 
457 458 459 613 
6 
462 463 464 1550 1597 1600 
7 
461 463 464 1597 1598 1599 1600 
10 
461 462 464 781 782 993 1033 1034 1599 1600 
8 
461 462 463 781 1033 1550 1551 1600 
5 
466 467 468 1374 1375 
3 
465 467 468 
3 
465 466 468 
4 
465 466 467 1375 
5 
470 471 472 1310 1311 
3 
469 471 472 
3 
469 470 472 
4 
469 470 471 1311 
4 
474 475 476 1712 
8 
57 60 473 475 476 1711 1712 1981 
6 
60 473 474 476 1981 1984 
3 
473 474 475 
4 
290 478 479 480 
3 
477 479 480 
4 
477 478 480 1362 
7 
290 291 477 478 479 1361 1362 
8 
482 483 484 1119 1366 1367 1447 1850 
3 
481 483 484 
3 
481 482 484 
6 
481 482 483 1367 1850 1851 
6 
183 486 487 488 1394 1395 
4 
105 485 487 488 
5 
105 108 485 486 488 
4 
485 486 487 1395 
4 
490 491 492 1423 
4 
489 491 492 1469 
5 
489 490 492 1469 1472 
3 
489 490 491 
4 
494 495 496 1568 
4 
493 495 496 1567 
3 
493 494 496 
3 
493 494 495 
3 
498 499 500 
3 
497 499 500 
3 
497 498 500 
3 
497 498 499 
5 
502 503 504 1341 1344 
8 
501 503 504 1341 1342 1343 1344 1896 
5 
501 502 504 1343 1344 
4 
501 502 503 1344 
3 
506 507 508 
3 
505 507 508 
5 
505 506 508 941 942 
4 
505 506 507 941 
3 
510 511 512 
5 
509 511 512 1621 1624 
4 
509 510 512 1624 
3 
509 510 511 
5 
77 514 515 516 1741 
7 
77 78 513 515 516 1741 1742 
11 
77 78 79 80 513 514 516 1741 1742 1743 1744 
7 
77 80 513 514 515 1741 1744 
5 
313 316 518 519 520 
7 
313 314 315 316 517 519 520 
6 
173 315 316 517 518 520 
4 
316 517 518 519 
3 
522 523 524 
5 
521 523 524 577 580 
6 
521 522 524 580 1373 1374 
4 
521 522 523 1373 
3 
526 527 528 
3 
525 527 528 
3 
525 526 528 
3 
525 526 527 
6 
530 531 532 1040 1433 1436 
9 
529 531 532 1039 1040 1433 1434 1435 1436 
6 
529 530 532 1435 1436 1801 
4 
529 530 531 1436 
10 
109 285 286 287 288 534 535 536 840 1881 
10 
109 110 286 287 533 535 536 839 840 1882 
10 
109 110 111 112 287 533 534 536 1882 1883 
9 
109 112 287 288 533 534 535 1881 1884 
6 
538 539 540 1808 1975 1976 
6 
537 539 540 1807 1808 1975 
4 
537 538 540 1594 
5 
537 538 539 1593 1594 
3 
542 543 544 
3 
541 543 544 
3 
541 542 544 
3 
541 542 543 
6 
546 547 548 883 884 1830 
7 
545 547 548 792 883 1105 1108 
4 
545 546 548 1108 
5 
545 546 547 1830 1831 
7 
86 87 345 348 550 551 552 
7 
345 346 347 348 549 551 552 
5 
347 348 549 550 552 
5 
87 348 549 550 551 
9 
554 555 556 985 1325 1326 1327 1328 1434 
8 
553 555 556 985 986 1326 1327 1500 
6 
553 554 556 987 988 1327 
8 
553 554 555 988 1327 1328 1434 1435 
3 
558 559 560 
4 
136 557 559 560 
3 
557 558 560 
3 
557 558 559 
8 
562 563 564 1013 1014 1015 1016 1022 
6 
285 561 563 564 1014 1015 
5 
288 561 562 564 1015 
7 
561 562 563 1015 1016 1022 1023 
3 
566 567 568 
3 
565 567 568 
3 
565 566 568 
3 
565 566 567 
4 
570 571 572 1203 
3 
569 571 572 
3 
569 570 572 
3 
569 570 571 
4 
574 575 576 1502 
6 
381 573 575 576 885 888 
5 
384 573 574 576 888 
5 
573 574 575 1502 1503 
4 
522 578 579 580 
3 
577 579 580 
3 
577 578 580 
5 
522 523 577 578 579 
5 
582 583 584 1890 1891 
4 
85 581 583 584 
5 
85 88 581 582 584 
6 
581 582 583 1582 1842 1891 
6 
586 587 588 1322 1385 1388 
9 
585 587 588 617 620 1385 1386 1387 1388 
7 
585 586 588 620 625 1387 1388 
7 
585 586 587 1322 1323 1388 1894 
5 
590 591 592 954 955 
3 
589 591 592 
3 
589 590 592 
4 
589 590 591 955 
6 
594 595 596 791 1105 1106 
8 
101 104 305 308 593 595 596 1106 
7 
104 308 593 594 596 1106 1107 
7 
593 594 595 1105 1106 1107 1108 
5 
199 200 598 599 600 
4 
199 597 599 600 
3 
597 598 600 
3 
597 598 599 
3 
602 603 604 
3 
601 603 604 
3 
601 602 604 
4 
250 601 602 603 
5 
606 607 608 1911 1912 
4 
605 607 608 1911 
4 
605 606 608 933 
3 
605 606 607 
7 
610 611 612 1461 1462 1463 1464 
5 
609 611 612 1462 1463 
4 
609 610 612 1463 
5 
609 610 611 1463 1464 
5 
459 460 614 615 616 
5 
459 613 615 616 989 
5 
613 614 616 989 992 
3 
613 614 615 
5 
586 618 619 620 1386 
3 
617 619 620 
3 
617 618 620 
6 
586 587 617 618 619 1387 
5 
622 623 624 836 1886 
6 
621 623 624 835 836 909 
5 
621 622 624 909 912 
6 
621 622 623 1686 1886 1887 
4 
587 626 627 628 
3 
625 627 628 
3 
625 626 628 
3 
625 626 627 
4 
630 631 632 1290 
5 
156 185 629 631 632 
5 
185 188 629 630 632 
6 
629 630 631 730 1290 1291 
3 
634 635 636 
4 
633 635 636 1573 
5 
633 634 636 1573 1576 
3 
633 634 635 
12 
193 194 195 196 638 639 640 661 662 865 866 1919 
7 
194 195 637 639 640 662 866 
7 
195 637 638 640 663 866 867 
11 
195 196 637 638 639 663 664 865 866 867 868 
3 
642 643 644 
3 
641 643 644 
3 
641 642 644 
3 
641 642 643 
5 
646 647 648 1111 1112 
4 
645 647 648 1111 
3 
645 646 648 
3 
645 646 647 
3 
650 651 652 
3 
649 651 652 
4 
649 650 652 1149 
4 
649 650 651 1010 
4 
654 655 656 767 
3 
653 655 656 
4 
653 654 656 1073 
3 
653 654 655 
8 
321 322 357 360 658 659 660 983 
11 
322 357 358 359 360 657 659 660 820 881 884 
9 
322 323 359 360 657 658 660 884 1829 
8 
321 322 323 324 360 657 658 659 
9 
193 196 637 662 663 664 865 866 1919 
10 
193 194 195 196 637 638 661 663 664 866 
9 
195 196 639 640 661 662 664 866 867 
9 
196 640 661 662 663 865 866 867 868 
9 
299 300 666 667 668 756 1605 1608 1817 
12 
299 665 667 668 755 756 1605 1606 1607 1608 1817 1818 
9 
665 666 668 1607 1608 1817 1818 1819 1820 
6 
665 666 667 1608 1817 1820 
5 
670 671 672 1897 1900 
9 
353 356 669 671 672 1897 1898 1899 1900 
7 
182 356 669 670 672 1899 1900 
6 
181 182 669 670 671 1900 
3 
674 675 676 
3 
673 675 676 
3 
673 674 676 
3 
673 674 675 
9 
678 679 680 1101 1104 1171 1724 1731 1732 
10 
677 679 680 1101 1102 1103 1104 1723 1724 1731 
5 
677 678 680 1103 1104 
5 
677 678 679 1104 1650 
16 
402 403 682 683 684 1189 1190 1191 1192 1509 1510 1511 1512 1666 1931 1932 
9 
681 683 684 1190 1191 1510 1511 1557 1931 
7 
681 682 684 1191 1511 1557 1560 
10 
403 681 682 683 1191 1192 1511 1512 1666 1667 
4 
22 686 687 688 
3 
685 687 688 
5 
685 686 688 1901 1902 
6 
22 23 685 686 687 1901 
13 
61 62 63 64 690 691 692 693 696 1071 1266 1951 1952 
10 
62 63 689 691 692 693 694 695 696 1951 
8 
63 689 690 692 695 696 1609 1610 
10 
63 64 689 690 691 696 1138 1266 1267 1609 
12 
62 689 690 694 695 696 1070 1071 1949 1950 1951 1952 
6 
690 693 695 696 1950 1951 
6 
690 691 693 694 696 1951 
13 
62 63 689 690 691 692 693 694 695 1071 1138 1951 1952 
6 
698 699 700 1467 1517 1520 
8 
56 697 699 700 1517 1518 1519 1520 
7 
697 698 700 1381 1382 1519 1520 
5 
697 698 699 1381 1520 
5 
702 703 704 1539 1540 
5 
701 703 704 1380 1539 
3 
701 702 704 
3 
701 702 703 
4 
314 706 707 708 
5 
705 707 708 720 1772 
3 
705 706 708 
5 
174 315 705 706 707 
3 
710 711 712 
3 
709 711 712 
4 
166 709 710 712 
5 
165 166 709 710 711 
4 
714 715 716 1158 
3 
713 715 716 
3 
713 714 716 
6 
14 713 714 715 1158 1159 
7 
230 231 718 719 720 1769 1772 
10 
201 204 717 719 720 1141 1769 1770 1771 1772 
8 
204 717 718 720 1141 1144 1771 1772 
6 
231 706 717 718 719 1772 
7 
722 723 724 1357 1358 1359 1360 
5 
721 723 724 1358 1359 
4 
721 722 724 1359 
5 
721 722 723 1359 1360 
7 
726 727 728 1333 1334 1335 1336 
6 
725 727 728 1334 1335 1797 
7 
725 726 728 1335 1714 1797 1800 
7 
725 726 727 1335 1336 1713 1714 
6 
730 731 732 1287 1291 1292 
5 
632 729 731 732 1291 
3 
729 730 732 
3 
729 730 731 
8 
734 735 736 843 878 879 1491 1492 
4 
733 735 736 1491 
3 
733 734 736 
4 
733 734 735 879 
5 
325 328 738 739 740 
7 
325 326 327 328 737 739 740 
7 
327 328 353 737 738 740 1898 
6 
328 737 738 739 1897 1898 
8 
742 743 744 1041 1042 1043 1044 1048 
9 
189 741 743 744 1042 1043 1047 1048 1220 
6 
189 192 741 742 744 1043 
7 
741 742 743 1043 1044 1114 1438 
3 
746 747 748 
4 
745 747 748 1136 
3 
745 746 748 
3 
745 746 747 
3 
750 751 752 
4 
281 749 751 752 
6 
281 284 749 750 752 958 
5 
749 750 751 957 958 
4 
298 754 755 756 
3 
753 755 756 
6 
666 753 754 756 1605 1606 
8 
298 299 665 666 753 754 755 1605 
7 
758 759 760 913 1093 1124 1126 
10 
757 759 760 913 914 1093 1094 1123 1124 1541 
11 
757 758 760 915 916 1093 1094 1095 1096 1541 1544 
8 
757 758 759 916 1093 1096 1126 1127 
7 
408 762 763 764 1237 1238 1543 
6 
407 408 761 763 764 1238 
7 
761 762 764 813 814 1238 1239 
8 
761 762 763 813 1237 1238 1239 1240 
5 
304 766 767 768 1486 
7 
303 304 765 767 768 1725 1728 
5 
653 765 766 768 1728 
6 
246 765 766 767 1486 1487 
3 
770 771 772 
4 
769 771 772 1753 
5 
769 770 772 1753 1756 
3 
769 770 771 
3 
774 775 776 
3 
773 775 776 
3 
773 774 776 
3 
773 774 775 
3 
778 779 780 
3 
777 779 780 
3 
777 778 780 
3 
777 778 779 
11 
463 464 782 783 784 993 996 1033 1034 1599 1600 
12 
463 781 783 784 993 994 995 996 1034 1457 1599 1696 
8 
781 782 784 995 996 1034 1035 1460 
8 
781 782 783 996 1033 1034 1035 1036 
3 
786 787 788 
3 
785 787 788 
3 
785 786 788 
3 
785 786 787 
5 
790 791 792 818 819 
3 
789 791 792 
6 
593 789 790 792 1105 1106 
6 
546 789 790 791 819 1105 
9 
341 342 343 344 794 795 796 1260 1370 
10 
253 256 342 343 793 795 796 1259 1260 1525 
7 
256 343 793 794 796 1525 1528 
7 
343 344 793 794 795 1370 1371 
3 
798 799 800 
3 
797 799 800 
4 
797 798 800 838 
5 
797 798 799 837 838 
5 
333 334 802 803 804 
4 
334 801 803 804 
5 
334 335 801 802 804 
7 
333 334 335 336 801 802 803 
12 
349 350 351 352 806 807 808 1240 1493 1494 1495 1496 
11 
350 351 805 807 808 813 816 1239 1240 1494 1495 
6 
351 805 806 808 816 1495 
7 
351 352 805 806 807 1495 1496 
3 
810 811 812 
3 
809 811 812 
3 
809 810 812 
3 
809 810 811 
9 
763 764 806 814 815 816 1239 1240 1494 
5 
763 813 815 816 1239 
3 
813 814 816 
7 
806 807 813 814 815 1494 1495 
5 
435 436 818 819 820 
5 
435 789 817 819 820 
6 
789 792 817 818 820 882 
7 
358 658 817 818 819 881 882 
5 
822 823 824 1958 1959 
3 
821 823 824 
3 
821 822 824 
5 
821 822 823 1134 1959 
5 
826 827 828 1350 1351 
4 
825 827 828 868 
3 
825 826 828 
4 
825 826 827 1351 
3 
830 831 832 
4 
829 831 832 1596 
3 
829 830 832 
3 
829 830 831 
6 
834 835 836 1471 1921 1924 
7 
833 835 836 1921 1922 1923 1924 
6 
622 833 834 836 1923 1924 
6 
621 622 833 834 835 1924 
4 
800 838 839 840 
5 
799 800 837 839 840 
5 
286 534 837 838 840 
7 
285 286 533 534 837 838 839 
5 
842 843 844 1489 1492 
7 
841 843 844 1489 1490 1491 1492 
8 
733 841 842 844 877 878 1491 1492 
5 
841 842 843 877 1492 
4 
443 846 847 848 
4 
845 847 848 937 
6 
845 846 848 937 940 1049 
3 
845 846 847 
6 
413 850 851 852 1809 1812 
9 
413 414 849 851 852 1809 1810 1811 1812 
10 
393 413 414 415 416 849 850 852 1811 1812 
6 
413 416 849 850 851 1812 
5 
9 10 854 855 856 
4 
10 853 855 856 
6 
10 11 853 854 856 1166 
9 
9 10 11 12 853 854 855 1165 1166 
3 
858 859 860 
3 
857 859 860 
4 
857 858 860 1950 
5 
857 858 859 1949 1950 
4 
862 863 864 1929 
5 
861 863 864 1929 1930 
9 
861 862 864 1189 1190 1929 1930 1931 1932 
6 
861 862 863 1189 1929 1932 
11 
193 196 637 640 661 664 866 867 868 1919 1920 
16 
193 194 195 196 637 638 639 640 661 662 663 664 865 867 868 1919 
9 
195 196 639 640 663 664 865 866 868 
7 
196 640 664 826 865 866 867 
3 
870 871 872 
4 
869 871 872 1060 
5 
45 46 869 870 872 
5 
45 869 870 871 1942 
6 
874 875 876 1283 1284 1705 
8 
449 452 873 875 876 1283 1705 1706 
8 
452 873 874 876 1705 1706 1707 1708 
5 
873 874 875 1705 1708 
6 
843 844 878 879 880 1492 
7 
733 843 877 879 880 1491 1492 
5 
733 736 877 878 880 
3 
877 878 879 
7 
322 358 658 820 882 883 884 
5 
819 820 881 883 884 
6 
545 546 881 882 884 1830 
12 
322 323 358 359 545 658 659 881 882 883 1829 1830 
5 
381 574 886 887 888 
5 
381 382 885 887 888 
7 
381 382 383 384 885 886 888 
7 
381 384 574 575 885 886 887 
7 
320 423 890 891 892 1209 1210 
6 
319 320 889 891 892 1210 
4 
889 890 892 1211 
5 
889 890 891 1211 1212 
6 
254 255 894 895 896 1526 
3 
893 895 896 
3 
893 894 896 
6 
255 893 894 895 1526 1527 
4 
898 899 900 1968 
5 
897 899 900 1967 1968 
3 
897 898 900 
3 
897 898 899 
4 
902 903 904 1455 
3 
901 903 904 
3 
901 902 904 
3 
901 902 903 
6 
47 906 907 908 1734 1838 
3 
905 907 908 
3 
905 906 908 
7 
905 906 907 1734 1735 1838 1839 
5 
622 623 910 911 912 
3 
909 911 912 
3 
909 910 912 
4 
623 909 910 911 
10 
757 758 914 915 916 1093 1094 1123 1124 1541 
8 
758 913 915 916 1094 1123 1541 1542 
10 
759 913 914 916 1094 1095 1541 1542 1543 1544 
11 
759 760 913 914 915 1093 1094 1095 1096 1541 1544 
3 
918 919 920 
3 
917 919 920 
3 
917 918 920 
3 
917 918 919 
5 
922 923 924 1303 1765 
5 
921 923 924 1765 1766 
7 
921 922 924 1765 1766 1767 1768 
5 
921 922 923 1765 1768 
5 
53 54 926 927 928 
4 
54 925 927 928 
5 
54 55 925 926 928 
7 
53 54 55 56 925 926 927 
7 
930 931 932 1317 1318 1645 1646 
5 
929 931 932 1318 1646 
11 
929 930 932 1205 1206 1318 1319 1513 1514 1646 1647 
13 
929 930 931 1205 1317 1318 1319 1320 1513 1645 1646 1647 1648 
5 
429 607 934 935 936 
7 
365 368 429 430 933 935 936 
8 
368 429 430 431 432 933 934 936 
5 
429 432 933 934 935 
7 
846 847 938 939 940 1049 1050 
4 
937 939 940 1050 
5 
937 938 940 1050 1051 
9 
847 937 938 939 1049 1050 1051 1052 1806 
7 
25 26 507 508 942 943 944 
5 
26 507 941 943 944 
5 
26 27 941 942 944 
7 
25 26 27 28 941 942 943 
7 
133 134 946 947 948 1263 1264 
7 
134 945 947 948 1263 1957 1960 
6 
134 135 945 946 948 1960 
7 
133 134 135 136 945 946 947 
5 
50 51 950 951 952 
3 
949 951 952 
3 
949 950 952 
4 
51 949 950 951 
3 
954 955 956 
4 
589 953 955 956 
5 
589 592 953 954 956 
3 
953 954 955 
4 
752 958 959 960 
6 
284 751 752 957 959 960 
3 
957 958 960 
3 
957 958 959 
5 
962 963 964 1673 1674 
4 
961 963 964 1674 
7 
961 962 964 1674 1675 1989 1990 
8 
961 962 963 1673 1674 1675 1676 1989 
4 
966 967 968 1617 
7 
965 967 968 1225 1228 1617 1618 
8 
965 966 968 1228 1617 1618 1619 1620 
5 
965 966 967 1617 1620 
3 
970 971 972 
3 
969 971 972 
3 
969 970 972 
4 
969 970 971 1086 
5 
974 975 976 1383 1384 
4 
973 975 976 1383 
4 
973 974 976 1529 
3 
973 974 975 
6 
405 406 978 979 980 1788 
6 
406 977 979 980 1787 1788 
5 
406 407 977 978 980 
7 
405 406 407 408 977 978 979 
4 
982 983 984 1623 
4 
436 981 983 984 
7 
321 322 357 657 981 982 984 
4 
321 981 982 983 
8 
553 554 986 987 988 1326 1327 1500 
7 
4 554 985 987 988 1499 1500 
4 
555 985 986 988 
6 
555 556 985 986 987 1327 
6 
459 614 615 990 991 992 
4 
32 989 991 992 
3 
989 990 992 
4 
615 989 990 991 
10 
463 781 782 994 995 996 1033 1034 1599 1600 
8 
782 993 995 996 1034 1457 1599 1696 
9 
782 783 993 994 996 1034 1035 1457 1460 
11 
781 782 783 784 993 994 995 1033 1034 1035 1036 
7 
998 999 1000 1030 1031 1621 1622 
4 
997 999 1000 1622 
5 
997 998 1000 1622 1623 
8 
997 998 999 1031 1621 1622 1623 1624 
4 
1002 1003 1004 1905 
5 
1001 1003 1004 1905 1906 
7 
1001 1002 1004 1905 1906 1907 1908 
5 
1001 1002 1003 1905 1908 
3 
1006 1007 1008 
3 
1005 1007 1008 
3 
1005 1006 1008 
3 
1005 1006 1007 
5 
149 150 1010 1011 1012 
5 
150 652 1009 1011 1012 
6 
5 150 151 1009 1010 1012 
7 
149 150 151 152 1009 1010 1011 
6 
561 1014 1015 1016 1021 1022 
7 
285 561 562 1013 1015 1016 1022 
11 
285 288 561 562 563 564 1013 1014 1016 1022 1023 
9 
561 564 1013 1014 1015 1021 1022 1023 1024 
4 
1018 1019 1020 1826 
3 
1017 1019 1020 
4 
1017 1018 1020 1673 
5 
1017 1018 1019 1826 1827 
5 
1013 1016 1022 1023 1024 
9 
561 564 1013 1014 1015 1016 1021 1023 1024 
6 
564 1015 1016 1021 1022 1024 
4 
1016 1021 1022 1023 
3 
1026 1027 1028 
3 
1025 1027 1028 
3 
1025 1026 1028 
3 
1025 1026 1027 
5 
1030 1031 1032 1798 1799 
4 
997 1029 1031 1032 
6 
997 1000 1029 1030 1032 1621 
4 
1029 1030 1031 1799 
10 
463 464 781 784 993 996 1034 1035 1036 1551 
12 
463 781 782 783 784 993 994 995 996 1033 1035 1036 
7 
783 784 995 996 1033 1034 1036 
6 
784 996 1033 1034 1035 1454 
4 
1038 1039 1040 1433 
7 
1037 1039 1040 1325 1328 1433 1434 
9 
530 1037 1038 1040 1328 1433 1434 1435 1436 
7 
529 530 1037 1038 1039 1433 1436 
5 
741 1042 1043 1044 1048 
9 
189 741 742 1041 1043 1044 1047 1048 1220 
9 
189 192 741 742 743 744 1041 1042 1044 
6 
741 744 1041 1042 1043 1114 
3 
1046 1047 1048 
4 
1045 1047 1048 1217 
7 
742 1042 1045 1046 1048 1217 1220 
7 
741 742 1041 1042 1045 1046 1047 
6 
847 937 940 1050 1051 1052 
7 
937 938 939 940 1049 1051 1052 
5 
939 940 1049 1050 1052 
5 
940 1049 1050 1051 1806 
4 
1054 1055 1056 1972 
5 
1053 1055 1056 1971 1972 
3 
1053 1054 1056 
3 
1053 1054 1055 
5 
78 79 1058 1059 1060 
3 
1057 1059 1060 
5 
1057 1058 1060 1477 1478 
6 
79 870 1057 1058 1059 1477 
5 
1062 1063 1064 1219 1220 
4 
1061 1063 1064 1219 
3 
1061 1062 1064 
4 
190 1061 1062 1063 
3 
1066 1067 1068 
5 
1065 1067 1068 1653 1656 
5 
1065 1066 1068 1441 1656 
3 
1065 1066 1067 
9 
1070 1071 1072 1657 1658 1659 1660 1949 1952 
10 
693 1069 1071 1072 1658 1659 1949 1950 1951 1952 
12 
61 62 330 689 693 696 1069 1070 1072 1659 1951 1952 
9 
61 329 330 1069 1070 1071 1659 1660 1952 
5 
340 655 1074 1075 1076 
5 
339 340 1073 1075 1076 
3 
1073 1074 1076 
3 
1073 1074 1075 
3 
1078 1079 1080 
3 
1077 1079 1080 
3 
1077 1078 1080 
3 
1077 1078 1079 
7 
1082 1083 1084 1681 1684 1821 1824 
12 
229 1081 1083 1084 1681 1682 1683 1684 1821 1822 1823 1824 
9 
229 232 1081 1082 1084 1683 1684 1823 1824 
5 
1081 1082 1083 1684 1824 
4 
1086 1087 1088 1249 
7 
972 1085 1087 1088 1197 1249 1250 
9 
1085 1086 1088 1197 1200 1249 1250 1251 1252 
5 
1085 1086 1087 1249 1252 
5 
175 176 1090 1091 1092 
4 
175 1089 1091 1092 
3 
1089 1090 1092 
3 
1089 1090 1091 
12 
757 758 759 760 913 916 1094 1095 1096 1124 1126 1127 
12 
758 759 913 914 915 916 1093 1095 1096 1123 1124 1541 
8 
759 915 916 1093 1094 1096 1541 1544 
7 
759 760 916 1093 1094 1095 1127 
5 
1098 1099 1100 1813 1814 
5 
24 1097 1099 1100 1814 
5 
1097 1098 1100 1814 1815 
7 
1097 1098 1099 1813 1814 1815 1816 
10 
677 678 1102 1103 1104 1721 1722 1723 1724 1731 
6 
678 1101 1103 1104 1722 1723 
6 
678 679 1101 1102 1104 1723 
9 
677 678 679 680 1101 1102 1103 1723 1724 
8 
546 593 596 791 792 1106 1107 1108 
12 
101 104 305 308 593 594 595 596 791 1105 1107 1108 
7 
104 308 595 596 1105 1106 1108 
6 
546 547 596 1105 1106 1107 
7 
73 74 75 76 1110 1111 1112 
7 
74 75 1109 1111 1112 1861 1864 
7 
75 645 646 1109 1110 1112 1864 
6 
75 76 645 1109 1110 1111 
5 
438 1114 1115 1116 1437 
7 
744 1044 1113 1115 1116 1437 1438 
7 
1113 1114 1116 1437 1438 1439 1440 
7 
438 439 1113 1114 1115 1437 1440 
12 
279 280 375 376 1118 1119 1120 1365 1366 1445 1446 1627 
7 
279 375 1117 1119 1120 1366 1446 
10 
481 1117 1118 1120 1366 1367 1446 1447 1849 1850 
12 
1117 1118 1119 1365 1366 1367 1368 1445 1446 1447 1448 1849 
3 
1122 1123 1124 
3 
1121 1123 1124 
8 
758 913 914 1094 1121 1122 1124 1541 
8 
757 758 913 1093 1094 1121 1122 1123 
6 
1126 1127 1128 1130 1179 1180 
7 
757 760 1093 1125 1127 1128 1179 
6 
760 1093 1096 1125 1126 1128 
5 
1125 1126 1127 1130 1131 
3 
1130 1131 1132 
6 
1125 1128 1129 1131 1132 1180 
4 
1128 1129 1130 1132 
3 
1129 1130 1131 
3 
1134 1135 1136 
4 
824 1133 1135 1136 
3 
1133 1134 1136 
4 
746 1133 1134 1135 
12 
64 329 330 331 332 1138 1139 1140 1265 1266 1267 1268 
11 
63 64 330 331 692 696 1137 1139 1140 1266 1267 
5 
331 1137 1138 1140 1267 
7 
331 332 1137 1138 1139 1267 1268 
10 
203 204 718 719 1142 1143 1144 1253 1770 1771 
6 
203 1141 1143 1144 1253 1254 
7 
1141 1142 1144 1253 1254 1255 1256 
7 
719 1141 1142 1143 1253 1256 1771 
8 
1146 1147 1148 1429 1432 1833 1836 1839 
11 
1145 1147 1148 1429 1430 1431 1432 1833 1834 1835 1836 
7 
1145 1146 1148 1431 1432 1835 1836 
5 
1145 1146 1147 1432 1836 
4 
651 1150 1151 1152 
3 
1149 1151 1152 
5 
81 82 1149 1150 1152 
5 
6 81 1149 1150 1151 
7 
257 258 259 260 1154 1155 1156 
5 
258 259 1153 1155 1156 
4 
259 1153 1154 1156 
5 
259 260 1153 1154 1155 
3 
1158 1159 1160 
5 
713 716 1157 1159 1160 
6 
13 14 716 1157 1158 1160 
5 
13 1157 1158 1159 1570 
5 
1162 1163 1164 1347 1348 
4 
1161 1163 1164 1347 
4 
1161 1162 1164 1569 
3 
1161 1162 1163 
8 
9 10 11 12 856 1166 1167 1168 
7 
10 11 855 856 1165 1167 1168 
4 
11 1165 1166 1168 
5 
11 12 1165 1166 1167 
8 
1170 1171 1172 1505 1506 1729 1732 1750 
10 
1169 1171 1172 1506 1721 1724 1729 1730 1731 1732 
9 
677 1169 1170 1172 1506 1507 1724 1731 1732 
10 
1169 1170 1171 1505 1506 1507 1508 1732 1750 1751 
5 
167 168 1174 1175 1176 
4 
167 1173 1175 1176 
5 
1173 1174 1176 1537 1538 
4 
1173 1174 1175 1537 
3 
1178 1179 1180 
3 
1177 1179 1180 
5 
1125 1126 1177 1178 1180 
5 
1125 1130 1177 1178 1179 
4 
191 1182 1183 1184 
3 
1181 1183 1184 
4 
1181 1182 1184 1746 
5 
1181 1182 1183 1745 1746 
5 
1186 1187 1188 1634 1635 
3 
1185 1187 1188 
3 
1185 1186 1188 
4 
1185 1186 1187 1635 
13 
402 681 863 864 1190 1191 1192 1509 1510 1929 1930 1931 1932 
9 
681 682 863 1189 1191 1192 1510 1930 1931 
11 
681 682 683 684 1189 1190 1192 1510 1511 1557 1931 
14 
402 403 681 684 1189 1190 1191 1509 1510 1511 1512 1666 1931 1932 
4 
1194 1195 1196 1846 
3 
1193 1195 1196 
3 
1193 1194 1196 
5 
1193 1194 1195 1846 1847 
8 
421 1086 1087 1198 1199 1200 1249 1250 
6 
421 422 1197 1199 1200 1250 
9 
421 422 423 424 1197 1198 1200 1209 1251 
8 
421 424 1087 1197 1198 1199 1251 1252 
3 
1202 1203 1204 
3 
1201 1203 1204 
4 
569 1201 1202 1204 
3 
1201 1202 1203 
15 
931 932 1206 1207 1208 1318 1319 1513 1514 1515 1516 1645 1646 1647 1648 
8 
931 1205 1207 1208 1514 1515 1646 1647 
5 
1205 1206 1208 1515 1647 
8 
1205 1206 1207 1319 1515 1516 1647 1648 
7 
423 424 889 1199 1210 1211 1212 
7 
320 423 889 890 1209 1211 1212 
5 
891 892 1209 1210 1212 
4 
892 1209 1210 1211 
3 
1214 1215 1216 
5 
1213 1215 1216 1389 1392 
4 
1213 1214 1216 1392 
3 
1213 1214 1215 
5 
1046 1047 1218 1219 1220 
3 
1217 1219 1220 
5 
1061 1062 1217 1218 1220 
7 
742 1042 1047 1061 1217 1218 1219 
4 
426 1222 1223 1224 
5 
1221 1223 1224 1869 1872 
4 
1221 1222 1224 1872 
5 
426 427 1221 1222 1223 
4 
966 1226 1227 1228 
3 
1225 1227 1228 
3 
1225 1226 1228 
6 
966 967 1225 1226 1227 1618 
5 
1230 1231 1232 1779 1853 
5 
1229 1231 1232 1853 1854 
7 
1229 1230 1232 1853 1854 1855 1856 
5 
1229 1230 1231 1853 1856 
3 
1234 1235 1236 
3 
1233 1235 1236 
5 
1233 1234 1236 1485 1486 
4 
1233 1234 1235 1485 
7 
226 227 761 764 1238 1239 1240 
7 
761 762 763 764 1237 1239 1240 
8 
763 764 806 813 814 1237 1238 1240 
10 
227 350 764 805 806 813 1237 1238 1239 1494 
4 
1242 1243 1244 1945 
5 
1241 1243 1244 1945 1946 
7 
1241 1242 1244 1945 1946 1947 1948 
5 
1241 1242 1243 1945 1948 
4 
145 1246 1247 1248 
5 
145 146 1245 1247 1248 
7 
145 146 147 148 1245 1246 1248 
5 
145 148 1245 1246 1247 
8 
1085 1086 1087 1088 1197 1250 1251 1252 
8 
421 1086 1087 1197 1198 1249 1251 1252 
8 
421 424 1087 1199 1200 1249 1250 1252 
6 
1087 1088 1200 1249 1250 1251 
10 
203 204 1141 1142 1143 1144 1254 1255 1256 1771 
6 
203 1142 1143 1253 1255 1256 
4 
1143 1253 1254 1256 
5 
1143 1144 1253 1254 1255 
5 
342 428 1258 1259 1260 
6 
253 427 428 1257 1259 1260 
8 
253 256 794 1257 1258 1260 1525 1526 
8 
342 343 793 794 1257 1258 1259 1525 
3 
1262 1263 1264 
3 
1261 1263 1264 
6 
945 946 1261 1262 1264 1957 
4 
945 1261 1262 1263 
7 
64 329 330 1137 1266 1267 1268 
10 
63 64 330 689 692 1137 1138 1265 1267 1268 
9 
331 692 1137 1138 1139 1140 1265 1266 1268 
7 
331 332 1137 1140 1265 1266 1267 
5 
1270 1271 1272 1533 1536 
7 
1269 1271 1272 1533 1534 1535 1536 
7 
1269 1270 1272 1535 1536 1693 1694 
5 
1269 1270 1271 1536 1693 
5 
162 251 1274 1275 1276 
3 
1273 1275 1276 
3 
1273 1274 1276 
4 
163 1273 1274 1275 
5 
1278 1279 1280 1762 1763 
3 
1277 1279 1280 
3 
1277 1278 1280 
5 
142 1277 1278 1279 1763 
5 
158 159 1282 1283 1284 
3 
1281 1283 1284 
6 
873 874 1281 1282 1284 1705 
5 
159 873 1281 1282 1283 
4 
1286 1287 1288 1289 
5 
1285 1287 1288 1289 1290 
8 
729 1285 1286 1288 1289 1290 1291 1292 
5 
1285 1286 1287 1289 1292 
7 
1285 1286 1287 1288 1290 1291 1292 
7 
629 632 1286 1287 1289 1291 1292 
7 
632 729 730 1287 1289 1290 1292 
6 
729 1287 1288 1289 1290 1291 
3 
1294 1295 1296 
3 
1293 1295 1296 
6 
234 1293 1294 1296 1781 1782 
5 
233 1293 1294 1295 1781 
4 
292 1298 1299 1300 
5 
291 292 1297 1299 1300 
3 
1297 1298 1300 
3 
1297 1298 1299 
3 
1302 1303 1304 
3 
1301 1303 1304 
5 
921 1301 1302 1304 1765 
3 
1301 1302 1303 
4 
1306 1307 1308 1704 
5 
1305 1307 1308 1703 1704 
3 
1305 1306 1308 
3 
1305 1306 1307 
3 
1310 1311 1312 
4 
469 1309 1311 1312 
5 
469 472 1309 1310 1312 
3 
1309 1310 1311 
4 
223 1314 1315 1316 
3 
1313 1315 1316 
3 
1313 1314 1316 
3 
1313 1314 1315 
6 
929 932 1318 1319 1320 1645 
11 
929 930 931 932 1205 1317 1319 1320 1513 1645 1646 
13 
931 932 1205 1208 1317 1318 1320 1513 1516 1645 1646 1647 1648 
6 
932 1317 1318 1319 1645 1648 
5 
1322 1323 1324 1562 1563 
5 
585 588 1321 1323 1324 
6 
588 1321 1322 1324 1893 1894 
5 
1321 1322 1323 1563 1893 
5 
553 1038 1326 1327 1328 
6 
553 554 985 1325 1327 1328 
9 
553 554 555 556 985 988 1325 1326 1328 
8 
553 556 1038 1039 1325 1326 1327 1434 
3 
1330 1331 1332 
5 
1329 1331 1332 1465 1468 
4 
1329 1330 1332 1468 
3 
1329 1330 1331 
4 
725 1334 1335 1336 
5 
725 726 1333 1335 1336 
7 
725 726 727 728 1333 1334 1336 
5 
725 728 1333 1334 1335 
5 
1338 1339 1340 1439 1440 
4 
1337 1339 1340 1439 
3 
1337 1338 1340 
3 
1337 1338 1339 
5 
501 502 1342 1343 1344 
5 
502 1341 1343 1344 1896 
5 
502 503 1341 1342 1344 
7 
501 502 503 504 1341 1342 1343 
3 
1346 1347 1348 
3 
1345 1347 1348 
5 
1161 1162 1345 1346 1348 
4 
1161 1345 1346 1347 
3 
1350 1351 1352 
4 
825 1349 1351 1352 
5 
825 828 1349 1350 1352 
3 
1349 1350 1351 
3 
1354 1355 1356 
3 
1353 1355 1356 
3 
1353 1354 1356 
3 
1353 1354 1355 
4 
721 1358 1359 1360 
5 
721 722 1357 1359 1360 
7 
721 722 723 724 1357 1358 1360 
5 
721 724 1357 1358 1359 
6 
290 291 480 1362 1363 1364 
5 
479 480 1361 1363 1364 
5 
1361 1362 1364 1857 1858 
5 
291 1361 1362 1363 1857 
11 
375 376 1117 1120 1366 1367 1368 1445 1446 1447 1448 
11 
375 481 1117 1118 1119 1120 1365 1367 1368 1446 1447 
10 
481 484 1119 1120 1365 1366 1368 1447 1849 1850 
7 
1120 1365 1366 1367 1447 1448 1849 
3 
1370 1371 1372 
7 
341 344 793 796 1369 1371 1372 
5 
344 796 1369 1370 1372 
4 
1369 1370 1371 1798 
5 
523 524 1374 1375 1376 
5 
465 523 1373 1375 1376 
5 
465 468 1373 1374 1376 
3 
1373 1374 1375 
3 
1378 1379 1380 
3 
1377 1379 1380 
3 
1377 1378 1380 
4 
702 1377 1378 1379 
7 
699 700 1382 1383 1384 1519 1520 
6 
699 1381 1383 1384 1519 1828 
5 
973 974 1381 1382 1384 
4 
973 1381 1382 1383 
5 
585 586 1386 1387 1388 
5 
586 617 1385 1387 1388 
6 
586 587 620 1385 1386 1388 
7 
585 586 587 588 1385 1386 1387 
4 
1214 1390 1391 1392 
3 
1389 1391 1392 
3 
1389 1390 1392 
5 
1214 1215 1389 1390 1391 
7 
181 182 183 184 1394 1395 1396 
6 
182 183 485 1393 1395 1396 
6 
183 485 488 1393 1394 1396 
5 
183 184 1393 1394 1395 
3 
1398 1399 1400 
5 
157 160 1397 1399 1400 
4 
160 1397 1398 1400 
4 
30 1397 1398 1399 
5 
1402 1403 1404 1985 1986 
4 
1401 1403 1404 1986 
7 
261 262 1401 1402 1404 1986 1987 
8 
261 1401 1402 1403 1985 1986 1987 1988 
5 
1406 1407 1408 1650 1651 
3 
1405 1407 1408 
3 
1405 1406 1408 
5 
1405 1406 1407 1651 1718 
3 
1410 1411 1412 
3 
1409 1411 1412 
3 
1409 1410 1412 
3 
1409 1410 1411 
3 
1414 1415 1416 
3 
1413 1415 1416 
3 
1413 1414 1416 
3 
1413 1414 1415 
4 
58 1418 1419 1420 
3 
1417 1419 1420 
4 
94 1417 1418 1420 
7 
58 59 93 94 1417 1418 1419 
4 
220 1422 1423 1424 
5 
219 220 1421 1423 1424 
4 
489 1421 1422 1424 
3 
1421 1422 1423 
3 
1426 1427 1428 
3 
1425 1427 1428 
5 
1425 1426 1428 1749 1750 
5 
1425 1426 1427 1530 1749 
7 
1145 1146 1430 1431 1432 1833 1834 
5 
1146 1429 1431 1432 1834 
7 
1146 1147 1429 1430 1432 1834 1835 
11 
1145 1146 1147 1148 1429 1430 1431 1833 1834 1835 1836 
9 
529 530 1037 1038 1039 1040 1434 1435 1436 
9 
530 553 556 1038 1039 1328 1433 1435 1436 
7 
530 531 556 1039 1433 1434 1436 
9 
529 530 531 532 1039 1040 1433 1434 1435 
8 
438 1113 1114 1115 1116 1438 1439 1440 
6 
744 1114 1115 1437 1439 1440 
6 
1115 1337 1338 1437 1438 1440 
8 
438 439 1115 1116 1337 1437 1438 1439 
6 
1067 1442 1443 1444 1655 1656 
4 
1441 1443 1444 1655 
3 
1441 1442 1444 
4 
1441 1442 1443 1990 
12 
279 280 375 376 1117 1120 1365 1446 1447 1448 1627 1628 
12 
279 375 1117 1118 1119 1120 1365 1366 1445 1447 1448 1627 
12 
481 1119 1120 1365 1366 1367 1368 1445 1446 1448 1849 1850 
7 
1120 1365 1368 1445 1446 1447 1849 
3 
1450 1451 1452 
3 
1449 1451 1452 
3 
1449 1450 1452 
4 
1449 1450 1451 1478 
3 
1454 1455 1456 
4 
1036 1453 1455 1456 
4 
901 1453 1454 1456 
3 
1453 1454 1455 
8 
782 994 995 1458 1459 1460 1695 1696 
6 
441 444 1457 1459 1460 1695 
4 
444 1457 1458 1460 
5 
783 995 1457 1458 1459 
4 
609 1462 1463 1464 
6 
609 610 1461 1463 1464 1548 
7 
609 610 611 612 1461 1462 1464 
5 
609 612 1461 1462 1463 
4 
1330 1466 1467 1468 
3 
1465 1467 1468 
5 
697 1465 1466 1468 1517 
5 
1330 1331 1465 1466 1467 
5 
490 491 1470 1471 1472 
3 
1469 1471 1472 
5 
833 1469 1470 1472 1921 
4 
491 1469 1470 1471 
9 
118 119 1474 1475 1476 1977 1978 1979 1980 
6 
172 1473 1475 1476 1978 1979 
4 
1473 1474 1476 1979 
6 
119 1473 1474 1475 1979 1980 
5 
1059 1060 1478 1479 1480 
5 
1059 1452 1477 1479 1480 
3 
1477 1478 1480 
3 
1477 1478 1479 
7 
275 276 355 445 1482 1483 1484 
6 
275 445 446 1481 1483 1484 
5 
447 448 1481 1482 1484 
4 
448 1481 1482 1483 
7 
245 370 1235 1236 1486 1487 1488 
8 
245 246 765 768 1235 1485 1487 1488 
8 
245 246 247 248 768 1485 1486 1488 
7 
245 248 370 371 1485 1486 1487 
5 
841 842 1490 1491 1492 
4 
842 1489 1491 1492 
8 
733 734 842 843 878 1489 1490 1492 
10 
733 841 842 843 844 877 878 1489 1490 1491 
8 
349 350 351 352 805 1494 1495 1496 
10 
350 351 805 806 813 816 1240 1493 1495 1496 
9 
351 805 806 807 808 816 1493 1494 1496 
7 
351 352 805 808 1493 1494 1495 
8 
1 4 1498 1499 1500 1579 1580 1760 
12 
1 2 3 4 65 68 1497 1499 1500 1579 1759 1760 
7 
3 4 68 986 1497 1498 1500 
7 
4 554 985 986 1497 1498 1499 
3 
1502 1503 1504 
5 
573 576 1501 1503 1504 
4 
576 1501 1502 1504 
3 
1501 1502 1503 
9 
1169 1172 1506 1507 1508 1749 1750 1751 1752 
10 
1169 1170 1171 1172 1505 1507 1508 1732 1750 1751 
6 
1171 1172 1505 1506 1508 1751 
6 
1172 1505 1506 1507 1751 1752 
9 
402 681 1189 1192 1510 1511 1512 1931 1932 
11 
681 682 1189 1190 1191 1192 1509 1511 1512 1557 1931 
11 
681 682 683 684 1191 1192 1509 1510 1512 1557 1560 
9 
402 403 681 684 1192 1509 1510 1511 1666 
10 
931 932 1205 1318 1319 1514 1515 1516 1645 1646 
7 
931 1205 1206 1513 1515 1516 1646 
8 
1205 1206 1207 1208 1513 1514 1516 1647 
8 
1205 1208 1319 1513 1514 1515 1647 1648 
7 
56 697 698 1467 1518 1519 1520 
6 
55 56 698 1517 1519 1520 
7 
698 699 1381 1382 1517 1518 1520 
8 
697 698 699 700 1381 1517 1518 1519 
7 
41 113 1522 1523 1524 1870 1871 
7 
41 42 113 114 1521 1523 1524 
11 
41 42 43 44 113 114 115 116 1521 1522 1524 
8 
41 44 113 116 1521 1522 1523 1871 
9 
253 256 794 795 1259 1260 1526 1527 1528 
10 
253 254 255 256 893 896 1259 1525 1527 1528 
6 
255 256 896 1525 1526 1528 
5 
256 795 1525 1526 1527 
4 
975 1530 1531 1532 
5 
1428 1529 1531 1532 1749 
4 
1529 1530 1532 1752 
3 
1529 1530 1531 
5 
1269 1270 1534 1535 1536 
4 
1270 1533 1535 1536 
5 
1270 1271 1533 1534 1536 
7 
1269 1270 1271 1272 1533 1534 1535 
5 
1175 1176 1538 1539 1540 
4 
1175 1537 1539 1540 
5 
701 702 1537 1538 1540 
4 
701 1537 1538 1539 
12 
758 759 913 914 915 916 1094 1095 1123 1542 1543 1544 
6 
405 914 915 1541 1543 1544 
7 
405 408 761 915 1541 1542 1544 
7 
759 915 916 1095 1541 1542 1543 
3 
1546 1547 1548 
3 
1545 1547 1548 
3 
1545 1546 1548 
4 
1462 1545 1546 1547 
4 
1550 1551 1552 1747 
7 
461 464 1549 1551 1552 1597 1600 
6 
464 1033 1549 1550 1552 1600 
3 
1549 1550 1551 
3 
1554 1555 1556 
3 
1553 1555 1556 
4 
1553 1554 1556 1777 
6 
278 374 1553 1554 1555 1626 
8 
682 683 1191 1510 1511 1558 1559 1560 
3 
1557 1559 1560 
5 
1557 1558 1560 1585 1586 
6 
683 1511 1557 1558 1559 1585 
4 
1562 1563 1564 1862 
4 
1321 1561 1563 1564 
6 
1321 1324 1561 1562 1564 1893 
5 
1561 1562 1563 1862 1863 
3 
1566 1567 1568 
3 
1565 1567 1568 
4 
494 1565 1566 1568 
4 
493 1565 1566 1567 
4 
1163 1570 1571 1572 
4 
1160 1569 1571 1572 
3 
1569 1570 1572 
3 
1569 1570 1571 
5 
634 635 1574 1575 1576 
3 
1573 1575 1576 
3 
1573 1574 1576 
4 
635 1573 1574 1575 
3 
1578 1579 1580 
6 
65 1577 1579 1580 1757 1760 
10 
1 2 65 68 1497 1498 1577 1578 1580 1760 
5 
1 1497 1577 1578 1579 
5 
1582 1583 1584 1841 1844 
8 
584 1581 1583 1584 1841 1842 1843 1844 
5 
1581 1582 1584 1843 1844 
4 
1581 1582 1583 1844 
5 
1559 1560 1586 1587 1588 
4 
1559 1585 1587 1588 
3 
1585 1586 1588 
3 
1585 1586 1587 
6 
128 138 139 1590 1591 1592 
5 
127 128 1589 1591 1592 
5 
289 290 1589 1590 1592 
6 
139 289 1589 1590 1591 1954 
4 
540 1594 1595 1596 
5 
539 540 1593 1595 1596 
3 
1593 1594 1596 
4 
830 1593 1594 1595 
6 
461 462 1550 1598 1599 1600 
4 
462 1597 1599 1600 
9 
462 463 781 782 993 994 1597 1598 1600 
11 
461 462 463 464 781 993 1550 1551 1597 1598 1599 
3 
1602 1603 1604 
3 
1601 1603 1604 
3 
1601 1602 1604 
3 
1601 1602 1603 
10 
299 665 666 755 756 1606 1607 1608 1817 1818 
6 
666 755 1605 1607 1608 1818 
7 
666 667 1605 1606 1608 1818 1819 
11 
665 666 667 668 1605 1606 1607 1817 1818 1819 1820 
7 
63 205 691 692 1610 1611 1612 
6 
205 206 691 1609 1611 1612 
7 
205 206 207 208 1609 1610 1612 
5 
205 208 1609 1610 1611 
3 
1614 1615 1616 
3 
1613 1615 1616 
3 
1613 1614 1616 
3 
1613 1614 1615 
7 
965 966 967 968 1618 1619 1620 
6 
966 967 1228 1617 1619 1620 
4 
967 1617 1618 1620 
5 
967 968 1617 1618 1619 
7 
510 997 1000 1031 1622 1623 1624 
7 
997 998 999 1000 1621 1623 1624 
6 
981 999 1000 1621 1622 1624 
6 
510 511 1000 1621 1622 1623 
9 
277 373 1626 1627 1628 1873 1874 1875 1876 
10 
277 278 373 374 1556 1625 1627 1628 1874 1875 
15 
277 278 279 280 373 374 375 376 1117 1445 1446 1625 1626 1628 1875 
10 
277 280 373 376 1445 1625 1626 1627 1875 1876 
3 
1630 1631 1632 
3 
1629 1631 1632 
3 
1629 1630 1632 
3 
1629 1630 1631 
7 
397 398 399 400 1634 1635 1636 
7 
28 398 399 1185 1633 1635 1636 
6 
399 1185 1188 1633 1634 1636 
5 
399 400 1633 1634 1635 
4 
124 1638 1639 1640 
5 
123 124 1637 1639 1640 
3 
1637 1638 1640 
4 
154 1637 1638 1639 
3 
1642 1643 1644 
3 
1641 1643 1644 
3 
1641 1642 1644 
3 
1641 1642 1643 
11 
929 932 1205 1317 1318 1319 1320 1513 1646 1647 1648 
13 
929 930 931 932 1205 1206 1318 1319 1513 1514 1645 1647 1648 
12 
931 932 1205 1206 1207 1208 1319 1515 1516 1645 1646 1648 
9 
932 1205 1208 1319 1320 1516 1645 1646 1647 
3 
1650 1651 1652 
5 
680 1405 1649 1651 1652 
6 
1405 1408 1649 1650 1652 1718 
5 
1649 1650 1651 1717 1718 
4 
1066 1654 1655 1656 
3 
1653 1655 1656 
5 
1441 1442 1653 1654 1656 
6 
1066 1067 1441 1653 1654 1655 
4 
1069 1658 1659 1660 
6 
1069 1070 1657 1659 1660 1949 
9 
61 1069 1070 1071 1072 1657 1658 1660 1952 
5 
1069 1072 1657 1658 1659 
3 
1662 1663 1664 
3 
1661 1663 1664 
3 
1661 1662 1664 
3 
1661 1662 1663 
5 
401 404 1666 1667 1668 
11 
401 402 403 404 681 684 1192 1512 1665 1667 1668 
6 
403 404 684 1665 1666 1668 
4 
404 1665 1666 1667 
7 
108 1670 1671 1672 1877 1880 1918 
9 
107 108 1669 1671 1672 1877 1878 1879 1880 
7 
193 194 1669 1670 1672 1879 1880 
7 
193 1669 1670 1671 1880 1918 1919 
6 
961 964 1019 1674 1675 1676 
8 
961 962 963 964 1673 1675 1676 1989 
7 
963 964 1673 1674 1676 1989 1992 
4 
964 1673 1674 1675 
5 
177 180 1678 1679 1680 
5 
178 179 1677 1679 1680 
4 
179 1677 1678 1680 
4 
180 1677 1678 1679 
6 
1081 1082 1682 1683 1684 1821 
7 
1082 1681 1683 1684 1820 1821 1822 
8 
229 1082 1083 1681 1682 1684 1823 1824 
8 
1081 1082 1083 1084 1681 1682 1683 1824 
5 
1686 1687 1688 1690 1888 
6 
624 1685 1687 1688 1887 1888 
3 
1685 1686 1688 
4 
1685 1686 1687 1691 
3 
1690 1691 1692 
4 
1685 1689 1691 1692 
4 
1688 1689 1690 1692 
3 
1689 1690 1691 
5 
1271 1272 1694 1695 1696 
4 
1271 1693 1695 1696 
6 
441 1457 1458 1693 1694 1696 
6 
782 994 1457 1693 1694 1695 
6 
92 216 240 1698 1699 1700 
10 
49 52 91 92 215 216 239 1697 1699 1700 
4 
52 1697 1698 1700 
3 
1697 1698 1699 
3 
1702 1703 1704 
3 
1701 1703 1704 
4 
1306 1701 1702 1704 
5 
1305 1306 1701 1702 1703 
9 
452 873 874 875 876 1283 1706 1707 1708 
7 
451 452 874 875 1705 1707 1708 
4 
875 1705 1706 1708 
5 
875 876 1705 1706 1707 
3 
1710 1711 1712 
3 
1709 1711 1712 
7 
57 474 1709 1710 1712 1981 1982 
6 
473 474 1709 1710 1711 1981 
4 
728 1714 1715 1716 
7 
727 728 1713 1715 1716 1797 1800 
4 
1713 1714 1716 1800 
3 
1713 1714 1715 
4 
1652 1718 1719 1720 
6 
1408 1651 1652 1717 1719 1720 
3 
1717 1718 1720 
3 
1717 1718 1719 
7 
1101 1170 1722 1723 1724 1730 1731 
5 
1101 1102 1721 1723 1724 
8 
678 1101 1102 1103 1104 1721 1722 1724 
10 
677 678 1101 1104 1170 1171 1721 1722 1723 1731 
6 
302 303 766 1726 1727 1728 
3 
1725 1727 1728 
3 
1725 1726 1728 
6 
303 766 767 1725 1726 1727 
5 
1169 1170 1730 1731 1732 
6 
1170 1721 1729 1731 1732 1992 
10 
677 678 1101 1170 1171 1721 1724 1729 1730 1732 
9 
677 1169 1170 1171 1172 1506 1729 1730 1731 
5 
1734 1735 1736 1837 1840 
9 
905 908 1733 1735 1736 1837 1838 1839 1840 
6 
908 1733 1734 1736 1839 1840 
4 
1733 1734 1735 1840 
3 
1738 1739 1740 
3 
1737 1739 1740 
3 
1737 1738 1740 
3 
1737 1738 1739 
8 
77 513 514 515 516 1742 1743 1744 
7 
77 78 514 515 1741 1743 1744 
6 
79 80 515 1741 1742 1744 
6 
80 515 516 1741 1742 1743 
4 
1184 1746 1747 1748 
5 
1183 1184 1745 1747 1748 
4 
1549 1745 1746 1748 
3 
1745 1746 1747 
7 
1427 1428 1505 1530 1750 1751 1752 
8 
1169 1172 1427 1505 1506 1749 1751 1752 
8 
1172 1505 1506 1507 1508 1749 1750 1752 
6 
1505 1508 1531 1749 1750 1751 
5 
770 771 1754 1755 1756 
3 
1753 1755 1756 
3 
1753 1754 1756 
4 
771 1753 1754 1755 
5 
65 1578 1758 1759 1760 
5 
65 66 1757 1759 1760 
9 
2 65 66 67 68 1498 1757 1758 1760 
11 
1 2 65 68 1497 1498 1578 1579 1757 1758 1759 
4 
1762 1763 1764 1906 
4 
1277 1761 1763 1764 
5 
1277 1280 1761 1762 1764 
4 
1761 1762 1763 1907 
8 
921 922 923 924 1303 1766 1767 1768 
5 
922 923 1765 1767 1768 
4 
923 1765 1766 1768 
5 
923 924 1765 1766 1767 
5 
717 718 1770 1771 1772 
8 
8 201 204 718 1141 1769 1771 1772 
9 
204 718 719 1141 1144 1253 1769 1770 1772 
8 
706 717 718 719 720 1769 1770 1771 
3 
1774 1775 1776 
4 
40 1773 1775 1776 
3 
1773 1774 1776 
3 
1773 1774 1775 
4 
1555 1778 1779 1780 
3 
1777 1779 1780 
4 
1229 1777 1778 1780 
3 
1777 1778 1779 
9 
233 234 235 236 1295 1296 1782 1783 1784 
6 
234 235 1295 1781 1783 1784 
4 
235 1781 1782 1784 
5 
235 236 1781 1782 1783 
3 
1786 1787 1788 
3 
1785 1787 1788 
4 
978 1785 1786 1788 
5 
977 978 1785 1786 1787 
3 
1790 1791 1792 
3 
1789 1791 1792 
3 
1789 1790 1792 
3 
1789 1790 1791 
3 
1794 1795 1796 
3 
1793 1795 1796 
3 
1793 1794 1796 
3 
1793 1794 1795 
6 
726 727 1714 1798 1799 1800 
5 
1029 1372 1797 1799 1800 
5 
1029 1032 1797 1798 1800 
6 
727 1714 1715 1797 1798 1799 
4 
531 1802 1803 1804 
3 
1801 1803 1804 
3 
1801 1802 1804 
3 
1801 1802 1803 
5 
1806 1807 1808 1973 1974 
6 
940 1052 1805 1807 1808 1974 
5 
538 1805 1806 1808 1975 
7 
537 538 1805 1806 1807 1975 1976 
5 
849 850 1810 1811 1812 
4 
850 1809 1811 1812 
8 
393 413 414 850 851 1809 1810 1812 
8 
413 849 850 851 852 1809 1810 1811 
5 
1097 1100 1814 1815 1816 
8 
24 1097 1098 1099 1100 1813 1815 1816 
5 
1099 1100 1813 1814 1816 
4 
1100 1813 1814 1815 
11 
299 300 665 666 667 668 1605 1608 1818 1819 1820 
10 
299 666 667 1605 1606 1607 1608 1817 1819 1820 
7 
667 1607 1608 1817 1818 1820 1822 
9 
667 668 1608 1682 1817 1818 1819 1821 1822 
8 
1081 1082 1681 1682 1820 1822 1823 1824 
7 
1082 1682 1819 1820 1821 1823 1824 
7 
229 1082 1083 1683 1821 1822 1824 
9 
1081 1082 1083 1084 1683 1684 1821 1822 1823 
3 
1826 1827 1828 
5 
1017 1020 1825 1827 1828 
4 
1020 1825 1826 1828 
4 
1382 1825 1826 1827 
8 
323 359 360 659 884 1830 1831 1832 
8 
359 545 548 883 884 1829 1831 1832 
4 
548 1829 1830 1832 
3 
1829 1830 1831 
8 
1145 1146 1429 1432 1834 1835 1836 1839 
8 
1146 1429 1430 1431 1432 1833 1835 1836 
7 
1146 1147 1431 1432 1833 1834 1836 
8 
1145 1146 1147 1148 1432 1833 1834 1835 
6 
48 1733 1734 1838 1839 1840 
8 
47 48 905 908 1734 1837 1839 1840 
8 
908 1145 1734 1735 1833 1837 1838 1840 
7 
1733 1734 1735 1736 1837 1838 1839 
7 
1581 1582 1842 1843 1844 1891 1892 
6 
584 1582 1841 1843 1844 1891 
5 
1582 1583 1841 1842 1844 
7 
1581 1582 1583 1584 1841 1842 1843 
3 
1846 1847 1848 
5 
1193 1196 1845 1847 1848 
4 
1196 1845 1846 1848 
3 
1845 1846 1847 
9 
1119 1120 1367 1368 1447 1448 1850 1851 1852 
8 
481 484 1119 1367 1447 1849 1851 1852 
4 
484 1849 1850 1852 
3 
1849 1850 1851 
7 
1229 1230 1231 1232 1854 1855 1856 
6 
377 1230 1231 1853 1855 1856 
5 
380 1231 1853 1854 1856 
5 
1231 1232 1853 1854 1855 
5 
1363 1364 1858 1859 1860 
4 
1363 1857 1859 1860 
3 
1857 1858 1860 
3 
1857 1858 1859 
4 
1110 1862 1863 1864 
5 
1561 1564 1861 1863 1864 
4 
1564 1861 1862 1864 
5 
1110 1111 1861 1862 1863 
3 
1866 1867 1868 
3 
1865 1867 1868 
4 
122 1865 1866 1868 
5 
121 122 1865 1866 1867 
4 
1222 1870 1871 1872 
5 
41 1521 1869 1871 1872 
8 
41 44 113 1521 1524 1869 1870 1872 
5 
1222 1223 1869 1870 1871 
4 
1625 1874 1875 1876 
5 
1625 1626 1873 1875 1876 
9 
277 373 1625 1626 1627 1628 1873 1874 1876 
5 
1625 1628 1873 1874 1875 
6 
108 1669 1670 1878 1879 1880 
6 
107 108 1670 1877 1879 1880 
6 
194 1670 1671 1877 1878 1880 
10 
193 194 1669 1670 1671 1672 1877 1878 1879 1918 
10 
109 285 286 287 288 533 536 1882 1883 1884 
9 
109 110 286 287 534 535 1881 1883 1884 
9 
109 110 111 112 287 535 1881 1882 1884 
8 
109 112 287 288 536 1881 1882 1883 
3 
1886 1887 1888 
5 
621 624 1885 1887 1888 
5 
624 1686 1885 1886 1888 
5 
1685 1686 1885 1886 1887 
3 
1890 1891 1892 
4 
581 1889 1891 1892 
7 
581 584 1841 1842 1889 1890 1892 
4 
1841 1889 1890 1891 
6 
1323 1324 1563 1894 1895 1896 
5 
588 1323 1893 1895 1896 
3 
1893 1894 1896 
5 
502 1342 1893 1894 1895 
7 
328 669 670 740 1898 1899 1900 
9 
327 328 353 670 739 740 1897 1899 1900 
7 
353 356 670 671 1897 1898 1900 
7 
669 670 671 672 1897 1898 1899 
5 
687 688 1902 1903 1904 
4 
687 1901 1903 1904 
3 
1901 1902 1904 
3 
1901 1902 1903 
7 
1001 1002 1003 1004 1906 1907 1908 
6 
1002 1003 1761 1905 1907 1908 
5 
1003 1764 1905 1906 1908 
5 
1003 1004 1905 1906 1907 
3 
1910 1911 1912 
3 
1909 1911 1912 
5 
605 606 1909 1910 1912 
4 
605 1909 1910 1911 
3 
1914 1915 1916 
3 
1913 1915 1916 
3 
1913 1914 1916 
3 
1913 1914 1915 
3 
1918 1919 1920 
7 
193 1669 1672 1880 1917 1919 1920 
10 
193 196 637 661 865 866 1672 1917 1918 1920 
4 
865 1917 1918 1919 
6 
833 834 1471 1922 1923 1924 
4 
834 1921 1923 1924 
5 
834 835 1921 1922 1924 
7 
833 834 835 836 1921 1922 1923 
4 
169 1926 1927 1928 
5 
169 170 1925 1927 1928 
7 
169 170 171 172 1925 1926 1928 
6 
169 172 1925 1926 1927 1978 
8 
861 862 863 864 1189 1930 1931 1932 
7 
862 863 1189 1190 1929 1931 1932 
13 
402 681 682 863 1189 1190 1191 1192 1509 1510 1929 1930 1932 
11 
401 402 681 863 864 1189 1192 1509 1929 1930 1931 
3 
1934 1935 1936 
4 
1933 1935 1936 1944 
3 
1933 1934 1936 
3 
1933 1934 1935 
3 
1938 1939 1940 
3 
1937 1939 1940 
3 
1937 1938 1940 
3 
1937 1938 1939 
3 
1942 1943 1944 
5 
45 872 1941 1943 1944 
5 
45 48 1941 1942 1944 
4 
1934 1941 1942 1943 
7 
1241 1242 1243 1244 1946 1947 1948 
5 
1242 1243 1945 1947 1948 
4 
1243 1945 1946 1948 
6 
346 1243 1244 1945 1946 1947 
8 
693 860 1069 1070 1658 1950 1951 1952 
8 
693 694 859 860 1070 1949 1951 1952 
12 
62 689 690 693 694 695 696 1070 1071 1949 1950 1952 
13 
61 62 689 693 696 1069 1070 1071 1072 1659 1949 1950 1951 
3 
1954 1955 1956 
4 
1592 1953 1955 1956 
3 
1953 1954 1956 
3 
1953 1954 1955 
6 
134 946 1263 1958 1959 1960 
4 
821 1957 1959 1960 
5 
821 824 1957 1958 1960 
7 
134 135 946 947 1957 1958 1959 
5 
389 390 1962 1963 1964 
6 
72 241 390 1961 1963 1964 
7 
241 244 390 391 1961 1962 1964 
7 
389 390 391 392 1961 1962 1963 
3 
1966 1967 1968 
3 
1965 1967 1968 
4 
898 1965 1966 1968 
5 
897 898 1965 1966 1967 
3 
1970 1971 1972 
3 
1969 1971 1972 
4 
1054 1969 1970 1972 
5 
1053 1054 1969 1970 1971 
4 
1805 1974 1975 1976 
5 
1805 1806 1973 1975 1976 
7 
537 538 1807 1808 1973 1974 1976 
5 
537 1808 1973 1974 1975 
8 
117 118 366 367 1473 1978 1979 1980 
7 
118 1473 1474 1928 1977 1979 1980 
8 
119 1473 1474 1475 1476 1977 1978 1980 
8 
119 120 367 1473 1476 1977 1978 1979 
9 
57 60 474 475 1711 1712 1982 1983 1984 
9 
57 58 59 60 93 1711 1981 1983 1984 
7 
59 60 93 96 1981 1982 1984 
5 
60 475 1981 1982 1983 
5 
1401 1404 1986 1987 1988 
8 
261 1401 1402 1403 1404 1985 1987 1988 
7 
261 264 1403 1404 1985 1986 1988 
4 
1404 1985 1986 1987 
7 
963 964 1674 1675 1990 1991 1992 
5 
963 1444 1989 1991 1992 
3 
1989 1990 1992 
5 
1675 1730 1989 1990 1991 
3 
1994 1995 1996 
3 
1993 1995 1996 
3 
1993 1994 1996 
3 
1993 1994 1995 
3 
1998 1999 2000 
3 
1997 1999 2000 
4 
362 1997 1998 2000 
5 
361 362 1997 1998 1999 