
500 
4 
5 
2 3 4 162 163 
3 
1 3 4 
3 
1 2 4 
4 
1 2 3 163 
5 
6 7 8 182 183 
3 
5 7 8 
4 
5 6 8 1842 
5 
5 6 7 183 1841 
5 
10 11 12 305 308 
7 
9 11 12 305 306 307 308 
8 
9 10 12 307 308 385 521 522 
5 
9 10 11 308 521 
5 
14 15 16 1249 1252 
7 
13 15 16 1249 1250 1251 1252 
6 
13 14 16 653 1251 1252 
4 
13 14 15 1252 
5 
18 19 20 1705 1706 
4 
17 19 20 1706 
5 
17 18 20 1706 1707 
7 
17 18 19 1705 1706 1707 1708 
9 
22 23 24 681 682 683 684 1697 1698 
7 
21 23 24 682 683 881 1698 
10 
21 22 24 683 881 884 1413 1414 1698 1699 
10 
21 22 23 683 684 1413 1697 1698 1699 1700 
10 
26 27 28 443 444 605 606 607 608 690 
7 
25 27 28 443 606 607 1641 
7 
25 26 28 490 607 1641 1644 
9 
25 26 27 489 490 607 608 690 691 
3 
30 31 32 
4 
29 31 32 428 
3 
29 30 32 
3 
29 30 31 
3 
34 35 36 
3 
33 35 36 
3 
33 34 36 
3 
33 34 35 
5 
38 39 40 667 668 
4 
37 39 40 667 
3 
37 38 40 
3 
37 38 39 
4 
42 43 44 50 
3 
41 43 44 
3 
41 42 44 
5 
41 42 43 50 51 
6 
46 47 48 158 823 1882 
3 
45 47 48 
3 
45 46 48 
7 
45 46 47 158 159 1882 1883 
3 
50 51 52 
5 
41 44 49 51 52 
4 
44 49 50 52 
3 
49 50 51 
3 
54 55 56 
3 
53 55 56 
3 
53 54 56 
3 
53 54 55 
4 
58 59 60 1271 
4 
57 59 60 73 
4 
57 58 60 76 
3 
57 58 59 
7 
62 63 64 121 122 123 124 
5 
61 63 64 122 123 
4 
61 62 64 123 
5 
61 62 63 123 124 
3 
66 67 68 
3 
65 67 68 
3 
65 66 68 
3 
65 66 67 
3 
70 71 72 
3 
69 71 72 
3 
69 70 72 
3 
69 70 71 
4 
58 74 75 76 
3 
73 75 76 
3 
73 74 76 
4 
59 73 74 75 
8 
78 79 80 362 363 581 584 1020 
10 
77 79 80 581 582 583 584 853 1019 1020 
10 
77 78 80 583 584 853 856 1573 1574 1978 
8 
77 78 79 363 584 1573 1977 1978 
6 
82 83 84 666 886 887 
5 
81 83 84 440 781 
5 
81 82 84 781 784 
6 
81 82 83 666 667 887 
9 
86 87 88 982 1013 1016 1415 1461 1462 
8 
85 87 88 1013 1014 1015 1016 1462 
6 
85 86 88 1015 1016 1463 
7 
85 86 87 983 1016 1463 1464 
10 
90 91 92 301 304 405 408 968 1774 1775 
14 
89 91 92 301 302 303 304 405 406 407 408 657 967 968 
9 
89 90 92 303 304 407 408 657 660 
6 
89 90 91 304 408 1775 
6 
94 95 96 233 236 1114 
7 
93 95 96 233 234 235 236 
5 
93 94 96 235 236 
6 
93 94 95 236 1114 1115 
10 
98 99 100 195 196 423 957 960 1301 1565 
12 
97 99 100 195 957 958 959 960 1301 1302 1565 1566 
13 
97 98 100 959 960 1301 1302 1303 1304 1565 1566 1567 1568 
8 
97 98 99 960 1301 1304 1565 1568 
3 
102 103 104 
3 
101 103 104 
3 
101 102 104 
3 
101 102 103 
3 
106 107 108 
3 
105 107 108 
3 
105 106 108 
3 
105 106 107 
9 
110 111 112 261 262 263 264 1170 1255 
5 
109 111 112 262 263 
10 
109 110 112 263 677 678 705 706 1041 1042 
10 
109 110 111 263 264 677 705 1041 1170 1171 
3 
114 115 116 
5 
113 115 116 849 852 
4 
113 114 116 852 
3 
113 114 115 
4 
118 119 120 1877 
5 
117 119 120 1877 1878 
7 
117 118 120 1877 1878 1879 1880 
5 
117 118 119 1877 1880 
7 
61 122 123 124 1104 1211 1212 
8 
61 62 121 123 124 1103 1104 1211 
7 
61 62 63 64 121 122 124 
5 
61 64 121 122 123 
11 
126 127 128 414 415 616 1141 1142 1391 1392 1771 
7 
125 127 128 615 616 1142 1391 
5 
125 126 128 1142 1143 
8 
125 126 127 415 1141 1142 1143 1144 
3 
130 131 132 
5 
129 131 132 1869 1872 
4 
129 130 132 1872 
3 
129 130 131 
7 
134 135 136 777 778 779 780 
5 
133 135 136 778 779 
4 
133 134 136 779 
5 
133 134 135 779 780 
5 
138 139 140 654 1251 
6 
137 139 140 365 1609 1612 
6 
137 138 140 365 368 1612 
5 
137 138 139 654 655 
5 
142 143 144 718 1923 
3 
141 143 144 
3 
141 142 144 
5 
141 142 143 718 719 
7 
146 147 148 594 874 875 1600 
7 
145 147 148 921 924 1599 1600 
4 
145 146 148 924 
6 
145 146 147 594 595 875 
7 
150 151 152 230 231 953 954 
4 
149 151 152 954 
5 
149 150 152 954 955 
8 
149 150 151 231 953 954 955 956 
3 
154 155 156 
3 
153 155 156 
3 
153 154 156 
3 
153 154 155 
9 
158 159 160 461 462 824 1395 1881 1884 
12 
45 48 157 159 160 462 823 824 1881 1882 1883 1884 
8 
48 157 158 160 462 463 1883 1884 
8 
157 158 159 461 462 463 464 1884 
3 
162 163 164 
4 
1 161 163 164 
5 
1 4 161 162 164 
3 
161 162 163 
5 
166 167 168 1321 1324 
7 
165 167 168 1321 1322 1323 1324 
5 
165 166 168 1323 1324 
5 
165 166 167 894 1324 
6 
170 171 172 532 697 698 
6 
169 171 172 531 532 698 
5 
169 170 172 390 699 
7 
169 170 171 389 390 699 700 
7 
174 175 176 1231 1232 1559 1560 
6 
173 175 176 249 1231 1559 
5 
173 174 176 249 252 
3 
173 174 175 
3 
178 179 180 
3 
177 179 180 
3 
177 178 180 
3 
177 178 179 
3 
182 183 184 
4 
5 181 183 184 
6 
5 8 181 182 184 1841 
3 
181 182 183 
12 
186 187 188 385 386 387 388 522 523 612 1753 1754 
8 
185 187 188 386 387 611 612 1754 
8 
185 186 188 387 1677 1678 1754 1755 
11 
185 186 187 387 388 523 1677 1753 1754 1755 1756 
7 
190 191 192 1007 1008 1983 1984 
9 
189 191 192 1007 1313 1472 1629 1632 1983 
6 
189 190 192 1313 1316 1632 
5 
189 190 191 882 1414 
9 
194 195 196 211 212 421 422 1098 1099 
5 
193 195 196 211 422 
9 
97 98 193 194 196 422 423 957 958 
10 
97 193 194 195 421 422 423 424 957 1099 
5 
198 199 200 329 332 
8 
197 199 200 329 330 331 332 533 
7 
197 198 200 331 332 533 536 
4 
197 198 199 332 
6 
202 203 204 1423 1522 1523 
3 
201 203 204 
4 
201 202 204 1873 
4 
201 202 203 1523 
3 
206 207 208 
3 
205 207 208 
3 
205 206 208 
3 
205 206 207 
8 
210 211 212 1583 1737 1738 1739 1740 
5 
209 211 212 1738 1739 
7 
193 194 209 210 212 1098 1739 
8 
193 209 210 211 1097 1098 1739 1740 
3 
214 215 216 
3 
213 215 216 
3 
213 214 216 
3 
213 214 215 
5 
218 219 220 761 762 
4 
217 219 220 762 
5 
217 218 220 762 763 
7 
217 218 219 761 762 763 764 
4 
222 223 224 1955 
3 
221 223 224 
3 
221 222 224 
3 
221 222 223 
3 
226 227 228 
3 
225 227 228 
4 
225 226 228 1418 
5 
225 226 227 1417 1418 
3 
230 231 232 
5 
149 229 231 232 953 
7 
149 152 229 230 232 953 956 
3 
229 230 231 
6 
93 94 234 235 236 1368 
6 
94 233 235 236 1367 1368 
5 
94 95 233 234 236 
8 
93 94 95 96 233 234 235 1114 
6 
238 239 240 724 1993 1994 
6 
237 239 240 723 724 1994 
5 
237 238 240 1994 1995 
7 
237 238 239 1993 1994 1995 1996 
7 
242 243 244 938 1477 1478 1876 
6 
241 243 244 1478 1736 1875 
5 
241 242 244 1478 1479 
9 
241 242 243 938 939 1477 1478 1479 1480 
8 
246 247 248 339 340 1347 1933 1934 
5 
245 247 248 339 1934 
5 
245 246 248 1934 1935 
7 
245 246 247 1933 1934 1935 1936 
6 
174 175 250 251 252 1204 
5 
249 251 252 1203 1204 
3 
249 250 252 
4 
175 249 250 251 
3 
254 255 256 
3 
253 255 256 
3 
253 254 256 
3 
253 254 255 
6 
258 259 260 628 1790 1791 
7 
257 259 260 627 628 1805 1808 
7 
257 258 260 973 974 1146 1808 
8 
257 258 259 378 973 1145 1146 1791 
9 
109 262 263 264 1169 1170 1255 1256 1275 
7 
109 110 261 263 264 1170 1255 
12 
109 110 111 112 261 262 264 677 705 1041 1170 1171 
9 
109 112 261 262 263 1169 1170 1171 1172 
5 
266 267 268 392 1077 
7 
265 267 268 391 392 1077 1078 
7 
265 266 268 1077 1078 1079 1080 
5 
265 266 267 1077 1080 
3 
270 271 272 
5 
269 271 272 289 292 
6 
269 270 272 292 825 826 
4 
269 270 271 825 
3 
274 275 276 
3 
273 275 276 
4 
273 274 276 930 
5 
273 274 275 929 930 
5 
278 279 280 1399 1717 
5 
277 279 280 1717 1718 
8 
277 278 280 469 1717 1718 1719 1720 
5 
277 278 279 1717 1720 
7 
282 283 284 1129 1132 1489 1492 
11 
281 283 284 1129 1130 1131 1132 1489 1490 1491 1492 
7 
281 282 284 1131 1132 1491 1492 
5 
281 282 283 1132 1492 
3 
286 287 288 
3 
285 287 288 
3 
285 286 288 
3 
285 286 287 
4 
270 290 291 292 
5 
289 291 292 369 372 
5 
289 290 292 372 826 
7 
270 271 289 290 291 825 826 
4 
294 295 296 1154 
5 
293 295 296 777 780 
5 
293 294 296 353 780 
5 
293 294 295 1154 1155 
3 
298 299 300 
5 
297 299 300 1977 1980 
5 
297 298 300 1126 1980 
5 
297 298 299 1125 1126 
11 
89 90 302 303 304 405 406 965 968 1774 1775 
8 
90 301 303 304 406 966 967 1965 
11 
90 91 301 302 304 406 407 657 967 1965 1968 
13 
89 90 91 92 301 302 303 405 406 407 408 968 1775 
5 
9 10 306 307 308 
4 
10 305 307 308 
5 
10 11 305 306 308 
7 
9 10 11 12 305 306 307 
3 
310 311 312 
3 
309 311 312 
3 
309 310 312 
4 
309 310 311 1158 
3 
314 315 316 
3 
313 315 316 
3 
313 314 316 
3 
313 314 315 
5 
318 319 320 1789 1832 
7 
317 319 320 1789 1790 1831 1832 
7 
317 318 320 1789 1790 1791 1792 
5 
317 318 319 1789 1792 
5 
322 323 324 685 688 
8 
321 323 324 685 686 687 688 1961 
7 
321 322 324 687 688 1961 1964 
4 
321 322 323 688 
5 
326 327 328 805 806 
5 
325 327 328 806 1420 
7 
325 326 328 806 807 905 906 
8 
325 326 327 805 806 807 808 905 
7 
197 198 330 331 332 519 520 
5 
198 329 331 332 519 
7 
198 199 329 330 332 533 534 
8 
197 198 199 200 329 330 331 533 
6 
334 335 336 479 1679 1680 
4 
333 335 336 1679 
4 
333 334 336 1650 
5 
333 334 335 1649 1650 
6 
338 339 340 636 1346 1616 
8 
337 339 340 512 635 636 1615 1616 
5 
245 246 337 338 340 
6 
245 337 338 339 1346 1347 
9 
342 343 344 979 1529 1601 1602 1603 1604 
7 
341 343 344 1529 1530 1602 1603 
8 
341 342 344 1529 1530 1531 1532 1603 
7 
341 342 343 1529 1532 1603 1604 
5 
346 347 348 1533 1534 
4 
345 347 348 1534 
5 
345 346 348 1534 1535 
7 
345 346 347 1533 1534 1535 1536 
4 
350 351 352 544 
7 
349 351 352 543 544 1973 1976 
5 
349 350 352 1594 1976 
5 
349 350 351 1593 1594 
4 
295 354 355 356 
4 
353 355 356 1745 
5 
353 354 356 1745 1748 
3 
353 354 355 
4 
358 359 360 1592 
6 
357 359 360 1397 1591 1592 
7 
357 358 360 621 622 1397 1400 
4 
357 358 359 621 
3 
362 363 364 
5 
77 361 363 364 581 
7 
77 80 361 362 364 581 584 
3 
361 362 363 
9 
138 139 366 367 368 1609 1610 1611 1612 
5 
365 367 368 1610 1611 
5 
365 366 368 1611 1749 
6 
139 365 366 367 1611 1612 
5 
290 370 371 372 919 
3 
369 371 372 
3 
369 370 372 
5 
290 291 369 370 371 
3 
374 375 376 
3 
373 375 376 
3 
373 374 376 
4 
373 374 375 1914 
4 
378 379 380 1145 
6 
260 377 379 380 1145 1146 
7 
377 378 380 1145 1146 1147 1148 
5 
377 378 379 1145 1148 
4 
382 383 384 942 
3 
381 383 384 
3 
381 382 384 
5 
381 382 383 942 943 
8 
11 185 386 387 388 521 522 1753 
10 
185 186 385 387 388 522 609 612 1753 1754 
13 
185 186 187 188 385 386 388 523 612 1753 1754 1755 1756 
9 
185 188 385 386 387 523 524 1753 1756 
5 
172 390 391 392 700 
7 
171 172 389 391 392 699 700 
4 
266 389 390 392 
5 
265 266 389 390 391 
3 
394 395 396 
3 
393 395 396 
3 
393 394 396 
3 
393 394 395 
3 
398 399 400 
3 
397 399 400 
3 
397 398 400 
3 
397 398 399 
3 
402 403 404 
3 
401 403 404 
3 
401 402 404 
3 
401 402 403 
10 
89 90 301 304 406 407 408 968 1774 1775 
10 
90 301 302 303 304 405 407 408 967 968 
8 
90 91 303 304 405 406 408 657 
9 
89 90 91 92 304 405 406 407 1775 
3 
410 411 412 
3 
409 411 412 
3 
409 410 412 
3 
409 410 411 
5 
414 415 416 1771 1772 
11 
125 413 415 416 613 616 1141 1284 1389 1392 1771 
9 
125 128 413 414 416 616 1141 1144 1392 
3 
413 414 415 
4 
418 419 420 1816 
5 
417 419 420 1815 1816 
3 
417 418 420 
3 
417 418 419 
7 
193 196 422 423 424 1099 1100 
9 
193 194 195 196 421 423 424 957 1099 
10 
97 195 196 421 422 424 957 960 1301 1565 
4 
196 421 422 423 
3 
426 427 428 
3 
425 427 428 
3 
425 426 428 
4 
30 425 426 427 
3 
430 431 432 
3 
429 431 432 
3 
429 430 432 
3 
429 430 431 
7 
434 435 436 1579 1580 1905 1906 
5 
433 435 436 1579 1906 
8 
433 434 436 1277 1278 1857 1906 1907 
9 
433 434 435 1110 1277 1905 1906 1907 1908 
3 
438 439 440 
3 
437 439 440 
3 
437 438 440 
4 
82 437 438 439 
4 
442 443 444 1951 
3 
441 443 444 
6 
25 26 441 442 444 606 
5 
25 441 442 443 605 
4 
446 447 448 1711 
3 
445 447 448 
3 
445 446 448 
4 
445 446 447 866 
3 
450 451 452 
3 
449 451 452 
3 
449 450 452 
3 
449 450 451 
5 
454 455 456 733 736 
7 
453 455 456 733 734 735 736 
7 
453 454 456 735 736 1317 1318 
6 
453 454 455 736 1317 1510 
3 
458 459 460 
4 
457 459 460 1684 
6 
457 458 460 841 842 1445 
4 
457 458 459 841 
6 
157 160 462 463 464 1884 
9 
157 158 159 160 461 463 464 1883 1884 
6 
159 160 461 462 464 1241 
4 
160 461 462 463 
3 
466 467 468 
5 
465 467 468 889 892 
4 
465 466 468 892 
3 
465 466 467 
5 
279 470 471 472 1719 
4 
469 471 472 809 
7 
469 470 472 546 809 812 1038 
7 
469 470 471 545 546 1037 1038 
7 
474 475 476 1689 1690 1691 1692 
5 
473 475 476 1690 1691 
4 
473 474 476 1691 
5 
473 474 475 1691 1692 
4 
478 479 480 1756 
7 
477 479 480 1677 1680 1755 1756 
5 
333 477 478 480 1680 
4 
477 478 479 1222 
3 
482 483 484 
4 
481 483 484 772 
3 
481 482 484 
3 
481 482 483 
3 
486 487 488 
3 
485 487 488 
4 
485 486 488 877 
3 
485 486 487 
6 
28 490 491 492 690 691 
7 
27 28 489 491 492 1641 1644 
4 
489 490 492 1644 
4 
489 490 491 691 
5 
494 495 496 1585 1586 
4 
493 495 496 1586 
5 
493 494 496 1586 1587 
8 
493 494 495 986 1585 1586 1587 1588 
7 
498 499 500 589 590 591 592 
5 
497 499 500 590 591 
4 
497 498 500 591 
5 
497 498 499 591 592 
5 
502 503 504 1179 1180 
4 
501 503 504 1179 
5 
501 502 504 817 818 
4 
501 502 503 817 
3 
506 507 508 
3 
505 507 508 
3 
505 506 508 
3 
505 506 507 
9 
510 511 512 633 634 635 636 1614 1615 
6 
509 511 512 634 635 1460 
5 
509 510 512 635 1185 
7 
338 509 510 511 635 636 1615 
4 
514 515 516 750 
3 
513 515 516 
4 
513 514 516 1298 
6 
513 514 515 751 1297 1298 
3 
518 519 520 
3 
517 519 520 
5 
329 330 517 518 520 
4 
329 517 518 519 
6 
11 12 385 522 523 524 
9 
11 185 385 386 521 523 524 609 612 
10 
185 188 387 388 521 522 524 612 1753 1754 
5 
388 521 522 523 1753 
7 
526 527 528 1261 1262 1263 1264 
6 
525 527 528 1262 1263 1949 
6 
525 526 528 1263 1949 1952 
5 
525 526 527 1263 1264 
3 
530 531 532 
3 
529 531 532 
5 
170 529 530 532 698 
7 
169 170 529 530 531 697 698 
7 
198 199 331 332 534 535 536 
4 
331 533 535 536 
3 
533 534 536 
5 
199 533 534 535 1834 
5 
538 539 540 1971 1972 
4 
537 539 540 1971 
3 
537 538 540 
3 
537 538 539 
3 
542 543 544 
3 
541 543 544 
5 
350 541 542 544 1973 
5 
349 350 541 542 543 
5 
472 546 547 548 1037 
7 
471 472 545 547 548 1037 1038 
7 
545 546 548 1037 1038 1039 1040 
5 
545 546 547 1037 1040 
4 
550 551 552 696 
5 
549 551 552 695 696 
3 
549 550 552 
3 
549 550 551 
9 
554 555 556 1021 1022 1023 1024 1521 1524 
10 
553 555 556 1022 1023 1424 1521 1522 1523 1524 
8 
553 554 556 649 650 1023 1523 1524 
7 
553 554 555 649 1023 1024 1524 
5 
558 559 560 990 991 
3 
557 559 560 
3 
557 558 560 
4 
557 558 559 991 
9 
562 563 564 998 999 1199 1309 1310 1539 
4 
561 563 564 1310 
6 
561 562 564 1310 1311 1786 
10 
561 562 563 999 1309 1310 1311 1312 1785 1786 
3 
566 567 568 
3 
565 567 568 
3 
565 566 568 
3 
565 566 567 
4 
570 571 572 939 
3 
569 571 572 
3 
569 570 572 
3 
569 570 571 
3 
574 575 576 
3 
573 575 576 
4 
573 574 576 1221 
3 
573 574 575 
3 
578 579 580 
3 
577 579 580 
4 
577 578 580 1161 
3 
577 578 579 
9 
77 78 362 363 582 583 584 1017 1020 
8 
78 581 583 584 1017 1018 1019 1020 
11 
78 79 581 582 584 853 1019 1020 1573 1574 1978 
12 
77 78 79 80 363 581 582 583 1020 1573 1977 1978 
5 
586 587 588 1849 1850 
4 
585 587 588 1850 
5 
585 586 588 1362 1851 
7 
585 586 587 1361 1362 1851 1852 
5 
497 590 591 592 844 
8 
497 498 589 591 592 843 844 1448 
7 
497 498 499 500 589 590 592 
5 
497 500 589 590 591 
7 
594 595 596 873 874 875 876 
7 
145 148 593 595 596 874 875 
5 
148 593 594 596 875 
5 
593 594 595 875 876 
3 
598 599 600 
3 
597 599 600 
3 
597 598 600 
4 
597 598 599 1526 
4 
602 603 604 720 
5 
601 603 604 719 720 
3 
601 602 604 
3 
601 602 603 
5 
25 444 606 607 608 
6 
25 26 443 605 607 608 
8 
25 26 27 28 605 606 608 690 
7 
25 28 605 606 607 689 690 
5 
386 522 610 611 612 
3 
609 611 612 
5 
186 609 610 612 637 
10 
185 186 386 387 522 523 609 610 611 1754 
12 
414 614 615 616 1283 1284 1389 1390 1391 1392 1770 1771 
6 
613 615 616 1283 1390 1391 
6 
126 613 614 616 1142 1391 
12 
125 126 414 415 613 614 615 1141 1142 1391 1392 1771 
3 
618 619 620 
3 
617 619 620 
6 
617 618 620 798 1625 1626 
7 
617 618 619 797 798 1625 1666 
5 
359 360 622 623 624 
5 
359 621 623 624 1400 
3 
621 622 624 
3 
621 622 623 
3 
626 627 628 
4 
625 627 628 1805 
6 
258 625 626 628 1805 1808 
5 
257 258 625 626 627 
7 
630 631 632 1749 1750 1751 1752 
5 
629 631 632 1750 1751 
4 
629 630 632 1751 
5 
629 630 631 1751 1752 
8 
509 634 635 636 1613 1614 1615 1616 
7 
509 510 633 635 636 1614 1615 
9 
338 509 510 511 512 633 634 636 1615 
10 
337 338 509 512 633 634 635 1346 1615 1616 
4 
611 638 639 640 
3 
637 639 640 
3 
637 638 640 
4 
637 638 639 1678 
3 
642 643 644 
3 
641 643 644 
3 
641 642 644 
3 
641 642 643 
4 
646 647 648 1029 
5 
645 647 648 1029 1030 
6 
645 646 648 814 1031 1032 
6 
645 646 647 813 814 1032 
8 
555 556 650 651 652 1023 1024 1524 
7 
555 649 651 652 1023 1523 1524 
3 
649 650 652 
3 
649 650 651 
4 
15 654 655 656 
5 
137 140 653 655 656 
4 
140 653 654 656 
4 
653 654 655 1490 
9 
90 91 303 407 658 659 660 1089 1968 
7 
657 659 660 1089 1090 1967 1968 
7 
657 658 660 1089 1090 1091 1092 
6 
91 657 658 659 1089 1092 
5 
662 663 664 1410 1411 
3 
661 663 664 
3 
661 662 664 
4 
661 662 663 1411 
5 
666 667 668 887 888 
6 
81 84 665 667 668 887 
6 
37 38 84 665 666 668 
5 
37 665 666 667 1226 
8 
670 671 672 880 1093 1094 1095 1096 
7 
669 671 672 879 880 1094 1095 
4 
669 670 672 1095 
6 
669 670 671 1095 1096 1970 
3 
674 675 676 
3 
673 675 676 
5 
673 674 676 1257 1258 
4 
673 674 675 1257 
10 
111 112 263 678 679 680 705 1041 1170 1171 
8 
111 677 679 680 705 706 1041 1042 
10 
677 678 680 707 708 1041 1042 1043 1044 1481 
7 
677 678 679 708 1041 1044 1171 
4 
21 682 683 684 
5 
21 22 681 683 684 
11 
21 22 23 24 681 682 684 881 1413 1414 1698 
8 
21 24 681 682 683 1413 1697 1698 
5 
321 322 686 687 688 
5 
322 685 687 688 1961 
7 
322 323 685 686 688 1961 1964 
7 
321 322 323 324 685 686 687 
5 
608 690 691 692 1555 
8 
25 28 489 607 608 689 691 692 
6 
28 489 492 689 690 692 
3 
689 690 691 
3 
694 695 696 
3 
693 695 696 
4 
550 693 694 696 
5 
549 550 693 694 695 
5 
169 532 698 699 700 
7 
169 170 531 532 697 699 700 
6 
171 172 390 697 698 700 
6 
172 389 390 697 698 699 
4 
702 703 704 1652 
5 
701 703 704 1651 1652 
3 
701 702 704 
3 
701 702 703 
9 
111 112 263 677 678 706 707 708 1041 
7 
111 678 705 707 708 1041 1042 
9 
679 705 706 708 1041 1042 1043 1044 1481 
7 
679 680 705 706 707 1041 1044 
5 
710 711 712 1333 1336 
7 
709 711 712 1333 1334 1335 1336 
5 
709 710 712 1335 1336 
4 
709 710 711 1336 
3 
714 715 716 
3 
713 715 716 
3 
713 714 716 
3 
713 714 715 
6 
718 719 720 795 796 1924 
8 
141 144 717 719 720 795 1923 1924 
5 
144 602 717 718 720 
5 
601 602 717 718 719 
3 
722 723 724 
3 
721 723 724 
4 
238 721 722 724 
5 
237 238 721 722 723 
5 
726 727 728 1441 1444 
8 
725 727 728 1233 1441 1442 1443 1444 
9 
725 726 728 1233 1236 1443 1444 1889 1890 
5 
725 726 727 1444 1889 
3 
730 731 732 
3 
729 731 732 
3 
729 730 732 
3 
729 730 731 
5 
453 454 734 735 736 
4 
454 733 735 736 
6 
454 455 733 734 736 1318 
9 
453 454 455 456 733 734 735 1317 1318 
4 
738 739 740 1902 
3 
737 739 740 
3 
737 738 740 
5 
737 738 739 1902 1903 
9 
742 743 744 1497 1498 1499 1500 1927 1928 
8 
741 743 744 1425 1428 1498 1499 1927 
5 
741 742 744 1428 1499 
5 
741 742 743 1499 1500 
6 
746 747 748 1517 1520 1794 
7 
745 747 748 1517 1518 1519 1520 
5 
745 746 748 1519 1520 
5 
745 746 747 1520 1795 
3 
750 751 752 
4 
513 749 751 752 
5 
516 749 750 752 1297 
3 
749 750 751 
5 
754 755 756 826 827 
5 
753 755 756 1569 1572 
4 
753 754 756 1572 
4 
753 754 755 827 
4 
758 759 760 1496 
5 
757 759 760 1495 1496 
5 
757 758 760 1357 1358 
5 
757 758 759 1050 1357 
5 
217 220 762 763 764 
7 
217 218 219 220 761 763 764 
5 
219 220 761 762 764 
4 
220 761 762 763 
6 
766 767 768 1109 1181 1861 
10 
765 767 768 1109 1110 1181 1182 1862 1905 1908 
13 
765 766 768 1109 1110 1111 1112 1181 1182 1183 1184 1863 1908 
9 
765 766 767 774 1109 1112 1181 1184 1864 
3 
770 771 772 
3 
769 771 772 
3 
769 770 772 
4 
482 769 770 771 
6 
774 775 776 1287 1682 1683 
9 
768 773 775 776 1109 1112 1181 1184 1864 
5 
773 774 776 1112 1184 
4 
773 774 775 1683 
5 
133 294 778 779 780 
5 
133 134 777 779 780 
7 
133 134 135 136 777 778 780 
7 
133 136 294 295 777 778 779 
5 
82 83 782 783 784 
3 
781 783 784 
3 
781 782 784 
4 
83 781 782 783 
3 
786 787 788 
3 
785 787 788 
3 
785 786 788 
4 
785 786 787 1606 
5 
790 791 792 1405 1408 
7 
789 791 792 1405 1406 1407 1408 
5 
789 790 792 1407 1408 
4 
789 790 791 1408 
4 
794 795 796 1921 
5 
793 795 796 1921 1922 
9 
717 718 793 794 796 1921 1922 1923 1924 
6 
717 793 794 795 1921 1924 
7 
620 798 799 800 1625 1666 1667 
7 
619 620 797 799 800 1625 1626 
7 
797 798 800 1625 1626 1627 1628 
6 
797 798 799 1625 1628 1667 
7 
802 803 804 1297 1300 1729 1732 
11 
801 803 804 1297 1298 1299 1300 1729 1730 1731 1732 
8 
801 802 804 1299 1300 1731 1732 1809 
5 
801 802 803 1300 1732 
5 
325 328 806 807 808 
7 
325 326 327 328 805 807 808 
6 
327 328 805 806 808 905 
4 
328 805 806 807 
6 
470 471 810 811 812 1038 
3 
809 811 812 
3 
809 810 812 
6 
471 809 810 811 1038 1039 
5 
648 814 815 816 1032 
7 
647 648 813 815 816 1031 1032 
3 
813 814 816 
3 
813 814 815 
5 
503 504 818 819 820 
4 
503 817 819 820 
3 
817 818 820 
3 
817 818 819 
4 
822 823 824 1394 
3 
821 823 824 
7 
45 158 821 822 824 1881 1882 
8 
157 158 821 822 823 1394 1395 1881 
6 
271 272 292 826 827 828 
7 
271 291 292 753 825 827 828 
5 
753 756 825 826 828 
4 
825 826 827 1830 
3 
830 831 832 
3 
829 831 832 
3 
829 830 832 
3 
829 830 831 
5 
834 835 836 1086 1744 
6 
833 835 836 1743 1744 1848 
5 
833 834 836 1725 1726 
6 
833 834 835 1086 1087 1725 
3 
838 839 840 
3 
837 839 840 
3 
837 838 840 
3 
837 838 839 
5 
459 460 842 843 844 
6 
459 841 843 844 1445 1448 
5 
590 841 842 844 1448 
5 
589 590 841 842 843 
3 
846 847 848 
3 
845 847 848 
3 
845 846 848 
3 
845 846 847 
4 
114 850 851 852 
3 
849 851 852 
3 
849 850 852 
5 
114 115 849 850 851 
11 
78 79 583 854 855 856 1019 1113 1116 1573 1574 
8 
853 855 856 1113 1114 1115 1116 1574 
7 
853 854 856 1115 1116 1574 1575 
10 
79 853 854 855 1116 1573 1574 1575 1576 1710 
3 
858 859 860 
3 
857 859 860 
3 
857 858 860 
3 
857 858 859 
3 
862 863 864 
3 
861 863 864 
3 
861 862 864 
3 
861 862 863 
3 
866 867 868 
4 
448 865 867 868 
3 
865 866 868 
3 
865 866 867 
5 
870 871 872 1111 1183 
3 
869 871 872 
3 
869 870 872 
3 
869 870 871 
4 
593 874 875 876 
7 
145 593 594 873 875 876 1600 
9 
145 148 593 594 595 596 873 874 876 
5 
593 596 873 874 875 
6 
487 878 879 880 1093 1094 
4 
877 879 880 1094 
6 
670 877 878 880 1094 1095 
9 
669 670 877 878 879 1093 1094 1095 1096 
8 
22 23 683 882 883 884 1413 1414 
5 
192 881 883 884 1414 
5 
881 882 884 1414 1415 
8 
23 881 882 883 1413 1414 1415 1416 
3 
886 887 888 
4 
81 885 887 888 
7 
81 84 665 666 885 886 888 
4 
665 885 886 887 
4 
466 890 891 892 
3 
889 891 892 
3 
889 890 892 
5 
466 467 889 890 891 
3 
894 895 896 
5 
168 893 895 896 1324 
6 
893 894 896 1133 1134 1653 
4 
893 894 895 1133 
5 
898 899 900 1419 1420 
5 
897 899 900 1419 1509 
4 
897 898 900 1512 
4 
897 898 899 906 
5 
902 903 904 1213 1214 
4 
901 903 904 1214 
5 
901 902 904 1214 1215 
8 
901 902 903 1138 1213 1214 1215 1216 
6 
327 328 807 906 907 908 
5 
327 900 905 907 908 
3 
905 906 908 
4 
905 906 907 1578 
4 
910 911 912 1988 
5 
909 911 912 1987 1988 
4 
909 910 912 1417 
3 
909 910 911 
3 
914 915 916 
3 
913 915 916 
3 
913 914 916 
3 
913 914 915 
3 
918 919 920 
3 
917 919 920 
4 
369 917 918 920 
3 
917 918 919 
5 
146 922 923 924 1599 
4 
921 923 924 1176 
3 
921 922 924 
5 
146 147 921 922 923 
4 
926 927 928 1268 
5 
925 927 928 1267 1268 
3 
925 926 928 
3 
925 926 927 
4 
276 930 931 932 
5 
275 276 929 931 932 
5 
929 930 932 965 966 
4 
929 930 931 965 
3 
934 935 936 
4 
933 935 936 1372 
3 
933 934 936 
3 
933 934 935 
7 
938 939 940 1477 1480 1941 1942 
11 
241 244 937 939 940 1477 1478 1479 1480 1876 1942 
10 
244 569 937 938 940 1166 1479 1480 1942 1943 
10 
937 938 939 1165 1166 1480 1941 1942 1943 1944 
4 
942 943 944 1910 
5 
381 384 941 943 944 
4 
384 941 942 944 
5 
941 942 943 1910 1911 
3 
946 947 948 
3 
945 947 948 
3 
945 946 948 
3 
945 946 947 
5 
950 951 952 1854 1855 
3 
949 951 952 
4 
949 950 952 1813 
4 
949 950 951 1855 
7 
149 152 230 231 954 955 956 
7 
149 150 151 152 953 955 956 
5 
151 152 953 954 956 
5 
152 231 953 954 955 
11 
97 98 195 196 422 423 958 959 960 1301 1565 
9 
98 195 957 959 960 1301 1302 1565 1566 
13 
98 99 957 958 960 1301 1302 1303 1304 1565 1566 1567 1568 
12 
97 98 99 100 423 957 958 959 1301 1304 1565 1568 
5 
962 963 964 1433 1434 
4 
961 963 964 1434 
5 
961 962 964 1434 1435 
7 
961 962 963 1433 1434 1435 1436 
7 
301 931 932 966 967 968 1774 
5 
302 931 965 967 968 
8 
90 302 303 406 965 966 968 1965 
11 
89 90 301 304 405 406 965 966 967 1774 1775 
4 
970 971 972 1693 
5 
969 971 972 1693 1694 
7 
969 970 972 1693 1694 1695 1696 
5 
969 970 971 1693 1696 
7 
259 260 974 975 976 1146 1147 
9 
259 973 975 976 997 1197 1200 1537 1540 
7 
973 974 976 997 1000 1200 1540 
4 
973 974 975 1147 
5 
978 979 980 1246 1658 
3 
977 979 980 
6 
341 977 978 980 1601 1602 
8 
977 978 979 1246 1247 1601 1658 1659 
6 
982 983 984 1415 1416 1461 
7 
85 981 983 984 1415 1461 1462 
6 
88 981 982 984 1463 1464 
5 
981 982 983 1464 1610 
8 
986 987 988 1034 1035 1293 1294 1588 
7 
496 985 987 988 1294 1587 1588 
5 
985 986 988 1294 1295 
8 
985 986 987 1035 1293 1294 1295 1296 
3 
990 991 992 
4 
557 989 991 992 
5 
557 560 989 990 992 
3 
989 990 991 
6 
994 995 996 1382 1723 1724 
5 
993 995 996 1240 1723 
3 
993 994 996 
5 
993 994 995 1382 1383 
8 
974 975 998 999 1000 1197 1200 1540 
11 
561 997 999 1000 1197 1198 1199 1200 1309 1539 1540 
10 
561 564 997 998 1000 1199 1200 1309 1312 1785 
5 
975 997 998 999 1200 
4 
1002 1003 1004 1009 
7 
1001 1003 1004 1009 1010 1057 1060 
6 
1001 1002 1004 1011 1012 1060 
4 
1001 1002 1003 1012 
7 
1006 1007 1008 1193 1196 1981 1982 
9 
1005 1007 1008 1193 1194 1195 1196 1469 1982 
12 
189 190 1005 1006 1008 1195 1196 1469 1472 1629 1982 1983 
9 
189 1005 1006 1007 1196 1981 1982 1983 1984 
7 
1001 1002 1010 1011 1012 1057 1060 
8 
1002 1009 1011 1012 1057 1058 1059 1060 
6 
1003 1009 1010 1012 1059 1060 
6 
1003 1004 1009 1010 1011 1060 
6 
85 86 1014 1015 1016 1462 
4 
86 1013 1015 1016 
5 
86 87 1013 1014 1016 
9 
85 86 87 88 1013 1014 1015 1462 1463 
5 
581 582 1018 1019 1020 
4 
582 1017 1019 1020 
8 
78 582 583 853 1017 1018 1020 1113 
9 
77 78 581 582 583 584 1017 1018 1019 
5 
553 1022 1023 1024 1521 
9 
553 554 1021 1023 1024 1421 1424 1521 1522 
12 
553 554 555 556 649 650 1021 1022 1024 1424 1523 1524 
7 
553 556 649 1021 1022 1023 1524 
3 
1026 1027 1028 
3 
1025 1027 1028 
3 
1025 1026 1028 
4 
1025 1026 1027 1426 
5 
645 646 1030 1031 1032 
4 
646 1029 1031 1032 
5 
647 814 1029 1030 1032 
7 
647 648 813 814 1029 1030 1031 
5 
1034 1035 1036 1150 1293 
7 
985 1033 1035 1036 1293 1294 1588 
9 
985 988 1033 1034 1036 1293 1294 1295 1296 
7 
1033 1034 1035 1150 1151 1293 1296 
8 
472 545 546 547 548 1038 1039 1040 
9 
471 472 546 547 809 812 1037 1039 1040 
5 
547 812 1037 1038 1040 
5 
547 548 1037 1038 1039 
14 
111 112 263 677 678 679 680 705 706 707 708 1042 1043 1044 
9 
111 678 679 706 707 1041 1043 1044 1481 
7 
679 707 1041 1042 1044 1481 1484 
7 
679 680 707 708 1041 1042 1043 
10 
1046 1047 1048 1342 1454 1506 1809 1810 1811 1812 
7 
1045 1047 1048 1810 1811 1953 1956 
5 
1045 1046 1048 1811 1956 
11 
1045 1046 1047 1342 1343 1454 1455 1506 1507 1811 1812 
3 
1050 1051 1052 
4 
760 1049 1051 1052 
3 
1049 1050 1052 
3 
1049 1050 1051 
3 
1054 1055 1056 
3 
1053 1055 1056 
3 
1053 1054 1056 
3 
1053 1054 1055 
6 
1002 1009 1010 1058 1059 1060 
4 
1010 1057 1059 1060 
5 
1010 1011 1057 1058 1060 
9 
1002 1003 1009 1010 1011 1012 1057 1058 1059 
4 
1062 1063 1064 1819 
5 
1061 1063 1064 1105 1108 
4 
1061 1062 1064 1108 
3 
1061 1062 1063 
7 
1066 1067 1068 1365 1366 1703 1704 
7 
1065 1067 1068 1366 1553 1556 1703 
6 
1065 1066 1068 1366 1367 1556 
7 
1065 1066 1067 1365 1366 1367 1368 
3 
1070 1071 1072 
4 
1069 1071 1072 1605 
5 
1069 1070 1072 1605 1608 
3 
1069 1070 1071 
3 
1074 1075 1076 
3 
1073 1075 1076 
3 
1073 1074 1076 
3 
1073 1074 1075 
7 
265 266 267 268 1078 1079 1080 
5 
266 267 1077 1079 1080 
4 
267 1077 1078 1080 
5 
267 268 1077 1078 1079 
3 
1082 1083 1084 
3 
1081 1083 1084 
5 
1081 1082 1084 1177 1178 
4 
1081 1082 1083 1177 
6 
1086 1087 1088 1401 1402 1638 
6 
833 836 1085 1087 1088 1402 
7 
836 1085 1086 1088 1402 1403 1725 
9 
1085 1086 1087 1401 1402 1403 1404 1638 1639 
9 
657 658 659 660 1090 1091 1092 1967 1968 
6 
658 659 1089 1091 1092 1967 
4 
659 1089 1090 1092 
5 
659 660 1089 1090 1091 
6 
669 877 880 1094 1095 1096 
9 
669 670 877 878 879 880 1093 1095 1096 
9 
669 670 671 672 879 880 1093 1094 1096 
7 
669 672 880 1093 1094 1095 1970 
5 
212 1098 1099 1100 1740 
7 
193 211 212 1097 1099 1100 1739 
7 
193 196 421 422 1097 1098 1100 
4 
421 1097 1098 1099 
7 
1102 1103 1104 1209 1210 1211 1212 
5 
1101 1103 1104 1210 1211 
5 
122 1101 1102 1104 1211 
7 
121 122 1101 1102 1103 1211 1212 
5 
1062 1106 1107 1108 1669 
5 
1105 1107 1108 1669 1670 
5 
1105 1106 1108 1671 1672 
6 
1062 1063 1105 1106 1107 1672 
13 
765 766 767 768 774 1110 1111 1112 1181 1861 1862 1863 1864 
10 
436 766 767 1109 1111 1112 1182 1862 1863 1908 
8 
767 869 1109 1110 1112 1182 1183 1863 
11 
767 768 774 775 1109 1110 1111 1181 1184 1863 1864 
7 
853 854 1019 1114 1115 1116 1574 
7 
93 96 236 854 1113 1115 1116 
6 
96 854 855 1113 1114 1116 
9 
853 854 855 856 1113 1114 1115 1574 1575 
3 
1118 1119 1120 
3 
1117 1119 1120 
3 
1117 1118 1120 
3 
1117 1118 1119 
3 
1122 1123 1124 
3 
1121 1123 1124 
3 
1121 1122 1124 
3 
1121 1122 1123 
4 
300 1126 1127 1128 
6 
299 300 1125 1127 1128 1980 
3 
1125 1126 1128 
3 
1125 1126 1127 
7 
281 282 1130 1131 1132 1489 1492 
8 
282 1129 1131 1132 1489 1490 1491 1492 
7 
282 283 1129 1130 1132 1491 1492 
8 
281 282 283 284 1129 1130 1131 1492 
7 
895 896 1134 1135 1136 1653 1656 
8 
895 1133 1135 1136 1653 1654 1655 1656 
5 
1133 1134 1136 1655 1656 
4 
1133 1134 1135 1656 
3 
1138 1139 1140 
6 
904 1137 1139 1140 1213 1216 
5 
1137 1138 1140 1216 1286 
5 
1137 1138 1139 1285 1286 
11 
125 128 414 415 616 1142 1143 1144 1391 1392 1771 
10 
125 126 127 128 615 616 1141 1143 1144 1391 
5 
127 128 1141 1142 1144 
5 
128 415 1141 1142 1143 
8 
260 377 378 379 380 1146 1147 1148 
8 
259 260 378 379 973 1145 1147 1148 
7 
379 973 976 1145 1146 1148 1686 
7 
379 380 1145 1146 1147 1685 1686 
3 
1150 1151 1152 
5 
1033 1036 1149 1151 1152 
4 
1036 1149 1150 1152 
3 
1149 1150 1151 
3 
1154 1155 1156 
5 
293 296 1153 1155 1156 
4 
296 1153 1154 1156 
3 
1153 1154 1155 
3 
1158 1159 1160 
4 
312 1157 1159 1160 
3 
1157 1158 1160 
3 
1157 1158 1159 
4 
579 1162 1163 1164 
3 
1161 1163 1164 
3 
1161 1162 1164 
3 
1161 1162 1163 
8 
940 1166 1167 1168 1941 1942 1943 1944 
8 
939 940 1165 1167 1168 1480 1942 1943 
4 
1165 1166 1168 1943 
6 
1165 1166 1167 1930 1943 1944 
6 
261 264 1170 1171 1172 1256 
12 
109 112 261 262 263 264 677 1169 1171 1172 1255 1256 
9 
112 263 264 677 680 1169 1170 1172 1814 
6 
264 1169 1170 1171 1813 1814 
3 
1174 1175 1176 
3 
1173 1175 1176 
3 
1173 1174 1176 
4 
922 1173 1174 1175 
5 
1083 1084 1178 1179 1180 
4 
1083 1177 1179 1180 
5 
501 502 1177 1178 1180 
4 
501 1177 1178 1179 
14 
765 766 767 768 774 1109 1112 1182 1183 1184 1861 1862 1863 1864 
10 
766 767 1110 1111 1181 1183 1184 1862 1863 1908 
7 
767 869 1111 1181 1182 1184 1863 
10 
767 768 774 775 1112 1181 1182 1183 1863 1864 
4 
511 1186 1187 1188 
3 
1185 1187 1188 
3 
1185 1186 1188 
3 
1185 1186 1187 
7 
1190 1191 1192 1957 1958 1959 1960 
5 
1189 1191 1192 1958 1959 
4 
1189 1190 1192 1959 
5 
1189 1190 1191 1959 1960 
7 
1005 1006 1194 1195 1196 1981 1982 
7 
1006 1193 1195 1196 1469 1764 1982 
11 
1006 1007 1193 1194 1196 1469 1472 1629 1630 1982 1983 
12 
1005 1006 1007 1008 1193 1194 1195 1629 1981 1982 1983 1984 
8 
974 997 998 1198 1199 1200 1537 1540 
8 
998 1197 1199 1200 1537 1538 1539 1540 
10 
561 998 999 1197 1198 1200 1309 1310 1539 1540 
11 
974 975 997 998 999 1000 1197 1198 1199 1309 1540 
3 
1202 1203 1204 
3 
1201 1203 1204 
4 
250 1201 1202 1204 
5 
249 250 1201 1202 1203 
3 
1206 1207 1208 
3 
1205 1207 1208 
3 
1205 1206 1208 
3 
1205 1206 1207 
4 
1101 1210 1211 1212 
5 
1101 1102 1209 1211 1212 
9 
121 122 1101 1102 1103 1104 1209 1210 1212 
6 
121 1101 1104 1209 1210 1211 
6 
901 904 1138 1214 1215 1216 
7 
901 902 903 904 1213 1215 1216 
5 
903 904 1213 1214 1216 
6 
904 1138 1139 1213 1214 1215 
3 
1218 1219 1220 
3 
1217 1219 1220 
3 
1217 1218 1220 
3 
1217 1218 1219 
4 
575 1222 1223 1224 
4 
480 1221 1223 1224 
4 
1221 1222 1224 1762 
5 
1221 1222 1223 1761 1762 
3 
1226 1227 1228 
4 
668 1225 1227 1228 
3 
1225 1226 1228 
3 
1225 1226 1227 
6 
1230 1231 1232 1557 1558 1992 
6 
1229 1231 1232 1558 1991 1992 
7 
173 174 1229 1230 1232 1558 1559 
8 
173 1229 1230 1231 1557 1558 1559 1560 
6 
726 727 1234 1235 1236 1443 
3 
1233 1235 1236 
4 
1233 1234 1236 1890 
6 
727 1233 1234 1235 1889 1890 
4 
1238 1239 1240 1722 
3 
1237 1239 1240 
3 
1237 1238 1240 
6 
994 1237 1238 1239 1722 1723 
4 
463 1242 1243 1244 
3 
1241 1243 1244 
3 
1241 1242 1244 
3 
1241 1242 1243 
4 
1246 1247 1248 1657 
7 
977 980 1245 1247 1248 1657 1658 
6 
980 1245 1246 1248 1659 1660 
4 
1245 1246 1247 1660 
5 
13 14 1250 1251 1252 
4 
14 1249 1251 1252 
6 
14 15 137 1249 1250 1252 
7 
13 14 15 16 1249 1250 1251 
5 
1254 1255 1256 1274 1275 
3 
1253 1255 1256 
7 
109 261 262 1170 1253 1254 1256 
7 
261 1169 1170 1253 1254 1255 1275 
5 
675 676 1258 1259 1260 
5 
675 1257 1259 1260 1348 
3 
1257 1258 1260 
3 
1257 1258 1259 
4 
525 1262 1263 1264 
5 
525 526 1261 1263 1264 
8 
525 526 527 528 1261 1262 1264 1949 
5 
525 528 1261 1262 1263 
3 
1266 1267 1268 
3 
1265 1267 1268 
4 
926 1265 1266 1268 
5 
925 926 1265 1266 1267 
3 
1270 1271 1272 
3 
1269 1271 1272 
4 
57 1269 1270 1272 
3 
1269 1270 1271 
4 
1274 1275 1276 1327 
4 
1253 1273 1275 1276 
6 
261 1253 1256 1273 1274 1276 
3 
1273 1274 1275 
7 
435 436 1278 1279 1280 1907 1908 
6 
435 1277 1279 1280 1857 1907 
5 
1277 1278 1280 1857 1860 
3 
1277 1278 1279 
5 
1282 1283 1284 1389 1770 
5 
1281 1283 1284 1389 1390 
9 
613 614 1281 1282 1284 1389 1390 1391 1392 
9 
414 613 1281 1282 1283 1389 1392 1770 1771 
4 
1140 1286 1287 1288 
5 
1139 1140 1285 1287 1288 
6 
773 1285 1286 1288 1681 1682 
4 
1285 1286 1287 1681 
3 
1290 1291 1292 
5 
1289 1291 1292 1393 1396 
4 
1289 1290 1292 1396 
4 
1289 1290 1291 1354 
9 
985 988 1033 1034 1035 1036 1294 1295 1296 
9 
985 986 987 988 1034 1035 1293 1295 1296 
6 
987 988 1035 1293 1294 1296 
6 
988 1035 1036 1293 1294 1295 
9 
516 751 801 802 1298 1299 1300 1729 1730 
7 
515 516 802 1297 1299 1300 1730 
7 
802 803 1297 1298 1300 1730 1731 
11 
801 802 803 804 1297 1298 1299 1729 1730 1731 1732 
16 
97 98 99 100 423 957 958 959 960 1302 1303 1304 1565 1566 1567 1568 
9 
98 99 958 959 1301 1303 1304 1566 1567 
6 
99 959 1301 1302 1304 1567 
9 
99 100 959 960 1301 1302 1303 1567 1568 
3 
1306 1307 1308 
3 
1305 1307 1308 
3 
1305 1306 1308 
3 
1305 1306 1307 
11 
561 564 998 999 1199 1200 1310 1311 1312 1539 1540 
9 
561 562 563 564 1199 1309 1311 1312 1539 
6 
563 564 1309 1310 1312 1786 
7 
564 999 1309 1310 1311 1785 1786 
9 
190 191 1314 1315 1316 1621 1624 1631 1632 
9 
1313 1315 1316 1621 1622 1623 1624 1631 1673 
6 
1313 1314 1316 1623 1624 1676 
5 
191 1313 1314 1315 1624 
7 
455 456 736 1318 1319 1320 1510 
6 
455 735 736 1317 1319 1320 
3 
1317 1318 1320 
5 
1317 1318 1319 1510 1511 
5 
165 166 1322 1323 1324 
4 
166 1321 1323 1324 
5 
166 167 1321 1322 1324 
8 
165 166 167 168 894 1321 1322 1323 
3 
1326 1327 1328 
5 
1325 1327 1328 1665 1668 
5 
1273 1325 1326 1328 1668 
3 
1325 1326 1327 
3 
1330 1331 1332 
3 
1329 1331 1332 
3 
1329 1330 1332 
3 
1329 1330 1331 
5 
709 710 1334 1335 1336 
4 
710 1333 1335 1336 
5 
710 711 1333 1334 1336 
7 
709 710 711 712 1333 1334 1335 
4 
1338 1339 1340 1353 
5 
1337 1339 1340 1353 1354 
7 
1337 1338 1340 1353 1354 1355 1356 
5 
1337 1338 1339 1353 1356 
6 
1342 1343 1344 1453 1456 1505 
12 
1045 1048 1341 1343 1344 1453 1454 1455 1456 1505 1506 1812 
10 
1048 1341 1342 1344 1455 1456 1505 1506 1507 1508 
6 
1341 1342 1343 1456 1505 1508 
3 
1346 1347 1348 
7 
337 340 636 1345 1347 1348 1616 
5 
245 340 1345 1346 1348 
4 
1258 1345 1346 1347 
3 
1350 1351 1352 
3 
1349 1351 1352 
3 
1349 1350 1352 
3 
1349 1350 1351 
7 
1337 1338 1339 1340 1354 1355 1356 
6 
1292 1338 1339 1353 1355 1356 
4 
1339 1353 1354 1356 
5 
1339 1340 1353 1354 1355 
5 
759 760 1358 1359 1360 
4 
759 1357 1359 1360 
3 
1357 1358 1360 
3 
1357 1358 1359 
6 
588 1362 1363 1364 1851 1852 
6 
587 588 1361 1363 1364 1851 
3 
1361 1362 1364 
3 
1361 1362 1363 
7 
1065 1068 1366 1367 1368 1703 1704 
9 
1065 1066 1067 1068 1365 1367 1368 1556 1703 
6 
234 1067 1068 1365 1366 1368 
6 
233 234 1068 1365 1366 1367 
3 
1370 1371 1372 
3 
1369 1371 1372 
5 
1369 1370 1372 1997 1998 
5 
934 1369 1370 1371 1997 
3 
1374 1375 1376 
3 
1373 1375 1376 
3 
1373 1374 1376 
3 
1373 1374 1375 
3 
1378 1379 1380 
3 
1377 1379 1380 
5 
1377 1378 1380 1525 1526 
4 
1377 1378 1379 1525 
4 
1382 1383 1384 1724 
7 
993 996 1381 1383 1384 1723 1724 
4 
996 1381 1382 1384 
3 
1381 1382 1383 
3 
1386 1387 1388 
3 
1385 1387 1388 
3 
1385 1386 1388 
3 
1385 1386 1387 
11 
414 613 1281 1282 1283 1284 1390 1391 1392 1770 1771 
7 
613 614 1282 1283 1389 1391 1392 
12 
125 126 613 614 615 616 1141 1142 1283 1389 1390 1392 
12 
125 414 415 613 616 1141 1283 1284 1389 1390 1391 1771 
4 
1290 1394 1395 1396 
5 
821 824 1393 1395 1396 
6 
157 824 1393 1394 1396 1881 
5 
1290 1291 1393 1394 1395 
6 
358 359 1398 1399 1400 1591 
3 
1397 1399 1400 
5 
277 1397 1398 1400 1717 
5 
359 622 1397 1398 1399 
7 
1085 1088 1402 1403 1404 1637 1638 
8 
1085 1086 1087 1088 1401 1403 1404 1638 
7 
1087 1088 1401 1402 1404 1638 1639 
8 
1088 1401 1402 1403 1637 1638 1639 1640 
5 
789 790 1406 1407 1408 
5 
790 1405 1407 1408 1993 
7 
790 791 1405 1406 1408 1993 1996 
7 
789 790 791 792 1405 1406 1407 
3 
1410 1411 1412 
4 
661 1409 1411 1412 
5 
661 664 1409 1410 1412 
3 
1409 1410 1411 
11 
23 24 683 684 881 884 1414 1415 1416 1698 1699 
10 
23 192 683 881 882 883 884 1413 1415 1416 
9 
85 883 884 981 982 1413 1414 1416 1461 
6 
884 981 1413 1414 1415 1699 
5 
228 911 1418 1419 1420 
5 
227 228 1417 1419 1420 
5 
897 898 1417 1418 1420 
5 
326 897 1417 1418 1419 
6 
1022 1422 1423 1424 1521 1522 
4 
1421 1423 1424 1522 
6 
201 1421 1422 1424 1522 1523 
10 
554 1022 1023 1421 1422 1423 1521 1522 1523 1524 
7 
742 1426 1427 1428 1498 1926 1927 
4 
1028 1425 1427 1428 
3 
1425 1426 1428 
8 
742 743 1425 1426 1427 1498 1499 1927 
4 
1430 1431 1432 1765 
5 
1429 1431 1432 1765 1766 
7 
1429 1430 1432 1765 1766 1767 1768 
5 
1429 1430 1431 1765 1768 
5 
961 964 1434 1435 1436 
7 
961 962 963 964 1433 1435 1436 
5 
963 964 1433 1434 1436 
4 
964 1433 1434 1435 
3 
1438 1439 1440 
3 
1437 1439 1440 
3 
1437 1438 1440 
3 
1437 1438 1439 
5 
725 726 1442 1443 1444 
4 
726 1441 1443 1444 
6 
726 727 1233 1441 1442 1444 
7 
725 726 727 728 1441 1442 1443 
5 
459 842 1446 1447 1448 
3 
1445 1447 1448 
3 
1445 1446 1448 
6 
590 842 843 1445 1446 1447 
3 
1450 1451 1452 
3 
1449 1451 1452 
3 
1449 1450 1452 
3 
1449 1450 1451 
9 
1341 1342 1454 1455 1456 1505 1506 1809 1812 
11 
1045 1048 1342 1453 1455 1456 1506 1809 1810 1811 1812 
10 
1048 1342 1343 1453 1454 1456 1506 1507 1811 1812 
12 
1341 1342 1343 1344 1453 1454 1455 1505 1506 1507 1508 1812 
3 
1458 1459 1460 
3 
1457 1459 1460 
3 
1457 1458 1460 
4 
510 1457 1458 1459 
7 
85 981 982 1415 1462 1463 1464 
8 
85 86 982 1013 1016 1461 1463 1464 
7 
87 88 983 1016 1461 1462 1464 
6 
88 983 984 1461 1462 1463 
3 
1466 1467 1468 
3 
1465 1467 1468 
3 
1465 1466 1468 
3 
1465 1466 1467 
9 
1006 1007 1194 1195 1470 1471 1472 1982 1983 
3 
1469 1471 1472 
4 
1469 1470 1472 1630 
9 
190 1007 1195 1469 1470 1471 1629 1630 1983 
3 
1474 1475 1476 
3 
1473 1475 1476 
3 
1473 1474 1476 
3 
1473 1474 1475 
9 
241 244 937 938 1478 1479 1480 1876 1942 
10 
241 242 243 244 938 1477 1479 1480 1875 1876 
7 
243 244 938 939 1477 1478 1480 
11 
244 937 938 939 940 1166 1477 1478 1479 1942 1943 
7 
679 707 1042 1043 1482 1483 1484 
3 
1481 1483 1484 
3 
1481 1482 1484 
4 
1043 1481 1482 1483 
3 
1486 1487 1488 
3 
1485 1487 1488 
3 
1485 1486 1488 
3 
1485 1486 1487 
7 
281 282 1129 1130 1490 1491 1492 
6 
282 656 1130 1489 1491 1492 
7 
282 283 1130 1131 1489 1490 1492 
11 
281 282 283 284 1129 1130 1131 1132 1489 1490 1491 
5 
1494 1495 1496 1674 1675 
3 
1493 1495 1496 
4 
758 1493 1494 1496 
6 
757 758 1493 1494 1495 1675 
8 
741 1498 1499 1500 1925 1926 1927 1928 
9 
741 742 1425 1428 1497 1499 1500 1926 1927 
9 
741 742 743 744 1428 1497 1498 1500 1927 
7 
741 744 1497 1498 1499 1927 1928 
4 
1502 1503 1504 1990 
3 
1501 1503 1504 
3 
1501 1502 1504 
5 
1501 1502 1503 1990 1991 
9 
1341 1342 1343 1344 1453 1456 1506 1507 1508 
12 
1045 1048 1342 1343 1453 1454 1455 1456 1505 1507 1508 1812 
7 
1048 1343 1455 1456 1505 1506 1508 
6 
1343 1344 1456 1505 1506 1507 
4 
898 1510 1511 1512 
6 
456 1317 1320 1509 1511 1512 
4 
1320 1509 1510 1512 
4 
899 1509 1510 1511 
5 
1514 1515 1516 1531 1532 
6 
1513 1515 1516 1531 1885 1888 
4 
1513 1514 1516 1888 
3 
1513 1514 1515 
6 
745 746 1518 1519 1520 1794 
4 
746 1517 1519 1520 
5 
746 747 1517 1518 1520 
9 
745 746 747 748 1517 1518 1519 1794 1795 
9 
553 554 1021 1022 1421 1424 1522 1523 1524 
10 
201 554 1022 1421 1422 1423 1424 1521 1523 1524 
11 
201 204 554 555 650 1023 1423 1424 1521 1522 1524 
12 
553 554 555 556 649 650 1023 1024 1424 1521 1522 1523 
5 
1379 1380 1526 1527 1528 
5 
600 1379 1525 1527 1528 
3 
1525 1526 1528 
3 
1525 1526 1527 
9 
341 342 343 344 1530 1531 1532 1603 1604 
6 
342 343 1529 1531 1532 1603 
6 
343 1513 1514 1529 1530 1532 
6 
343 344 1513 1529 1530 1531 
5 
345 348 1534 1535 1536 
7 
345 346 347 348 1533 1535 1536 
5 
347 348 1533 1534 1536 
4 
348 1533 1534 1535 
8 
974 1197 1198 1538 1539 1540 1807 1808 
5 
1198 1537 1539 1540 1807 
9 
561 998 1198 1199 1309 1310 1537 1538 1540 
12 
974 975 997 998 1197 1198 1199 1200 1309 1537 1538 1539 
5 
1542 1543 1544 1646 1647 
3 
1541 1543 1544 
3 
1541 1542 1544 
4 
1541 1542 1543 1647 
3 
1546 1547 1548 
3 
1545 1547 1548 
3 
1545 1546 1548 
3 
1545 1546 1547 
3 
1550 1551 1552 
5 
1549 1551 1552 1853 1856 
4 
1549 1550 1552 1856 
3 
1549 1550 1551 
4 
1066 1554 1555 1556 
3 
1553 1555 1556 
4 
689 1553 1554 1556 
6 
1066 1067 1366 1553 1554 1555 
6 
1229 1232 1558 1559 1560 1992 
9 
1229 1230 1231 1232 1557 1559 1560 1991 1992 
7 
173 174 1231 1232 1557 1558 1560 
5 
173 1232 1557 1558 1559 
3 
1562 1563 1564 
3 
1561 1563 1564 
3 
1561 1562 1564 
3 
1561 1562 1563 
13 
97 98 99 100 423 957 958 959 960 1301 1566 1567 1568 
9 
98 99 958 959 1301 1302 1565 1567 1568 
9 
99 959 1301 1302 1303 1304 1565 1566 1568 
9 
99 100 959 960 1301 1304 1565 1566 1567 
5 
754 1570 1571 1572 1833 
6 
1569 1571 1572 1817 1833 1834 
7 
1569 1570 1572 1817 1820 1835 1836 
6 
754 755 1569 1570 1571 1836 
10 
79 80 583 584 853 856 1574 1575 1576 1978 
11 
79 583 853 854 855 856 1113 1116 1573 1575 1576 
7 
855 856 1116 1573 1574 1576 1710 
8 
856 1573 1574 1575 1709 1710 1978 1979 
3 
1578 1579 1580 
4 
908 1577 1579 1580 
6 
433 434 1577 1578 1580 1906 
6 
433 1577 1578 1579 1905 1906 
4 
1582 1583 1584 1737 
6 
1581 1583 1584 1737 1738 1840 
8 
209 1581 1582 1584 1737 1738 1739 1740 
5 
1581 1582 1583 1737 1740 
5 
493 496 1586 1587 1588 
7 
493 494 495 496 1585 1587 1588 
6 
495 496 986 1585 1586 1588 
7 
496 985 986 1034 1585 1586 1587 
3 
1590 1591 1592 
3 
1589 1591 1592 
5 
358 1397 1589 1590 1592 
5 
357 358 1589 1590 1591 
4 
352 1594 1595 1596 
5 
351 352 1593 1595 1596 
3 
1593 1594 1596 
3 
1593 1594 1595 
3 
1598 1599 1600 
3 
1597 1599 1600 
5 
146 921 1597 1598 1600 
6 
145 146 874 1597 1598 1599 
6 
341 979 980 1602 1603 1604 
6 
341 342 979 1601 1603 1604 
9 
341 342 343 344 1529 1530 1601 1602 1604 
6 
341 344 1529 1601 1602 1603 
5 
1070 1071 1606 1607 1608 
4 
788 1605 1607 1608 
3 
1605 1606 1608 
4 
1071 1605 1606 1607 
5 
138 365 1610 1611 1612 
6 
365 366 984 1609 1611 1612 
7 
365 366 367 368 1609 1610 1612 
7 
138 139 365 368 1609 1610 1611 
4 
633 1614 1615 1616 
6 
509 633 634 1613 1615 1616 
10 
338 509 512 633 634 635 636 1613 1614 1616 
8 
337 338 633 636 1346 1613 1614 1615 
7 
1618 1619 1620 1869 1870 1871 1872 
5 
1617 1619 1620 1870 1871 
4 
1617 1618 1620 1871 
5 
1617 1618 1619 1871 1872 
7 
1313 1314 1622 1623 1624 1631 1673 
6 
1314 1621 1623 1624 1673 1674 
7 
1314 1315 1621 1622 1624 1675 1676 
8 
1313 1314 1315 1316 1621 1622 1623 1676 
9 
619 620 797 798 799 800 1626 1627 1628 
6 
619 798 799 1625 1627 1628 
4 
799 1625 1626 1628 
5 
799 800 1625 1626 1627 
9 
190 1007 1195 1196 1472 1630 1631 1632 1983 
6 
1195 1471 1472 1629 1631 1632 
6 
1313 1314 1621 1629 1630 1632 
6 
190 191 1313 1629 1630 1631 
3 
1634 1635 1636 
3 
1633 1635 1636 
3 
1633 1634 1636 
3 
1633 1634 1635 
5 
1401 1404 1638 1639 1640 
9 
1085 1088 1401 1402 1403 1404 1637 1639 1640 
6 
1088 1403 1404 1637 1638 1640 
4 
1404 1637 1638 1639 
6 
26 27 490 1642 1643 1644 
3 
1641 1643 1644 
3 
1641 1642 1644 
6 
27 490 491 1641 1642 1643 
3 
1646 1647 1648 
4 
1541 1645 1647 1648 
5 
1541 1544 1645 1646 1648 
3 
1645 1646 1647 
4 
336 1650 1651 1652 
5 
335 336 1649 1651 1652 
4 
702 1649 1650 1652 
5 
701 702 1649 1650 1651 
6 
895 1133 1134 1654 1655 1656 
4 
1134 1653 1655 1656 
5 
1134 1135 1653 1654 1656 
7 
1133 1134 1135 1136 1653 1654 1655 
5 
1245 1246 1658 1659 1660 
6 
977 980 1246 1657 1659 1660 
5 
980 1247 1657 1658 1660 
5 
1247 1248 1657 1658 1659 
3 
1662 1663 1664 
3 
1661 1663 1664 
3 
1661 1662 1664 
3 
1661 1662 1663 
4 
1326 1666 1667 1668 
5 
620 797 1665 1667 1668 
5 
797 800 1665 1666 1668 
5 
1326 1327 1665 1666 1667 
5 
1105 1106 1670 1671 1672 
4 
1106 1669 1671 1672 
4 
1107 1669 1670 1672 
5 
1107 1108 1669 1670 1671 
6 
1314 1621 1622 1674 1675 1676 
5 
1493 1622 1673 1675 1676 
6 
1493 1496 1623 1673 1674 1676 
6 
1315 1623 1624 1673 1674 1675 
8 
187 188 478 1678 1679 1680 1755 1756 
6 
187 640 1677 1679 1680 1755 
5 
333 334 1677 1678 1680 
6 
333 478 479 1677 1678 1679 
5 
1287 1288 1682 1683 1684 
5 
773 1287 1681 1683 1684 
5 
773 776 1681 1682 1684 
4 
458 1681 1682 1683 
4 
1148 1686 1687 1688 
5 
1147 1148 1685 1687 1688 
3 
1685 1686 1688 
3 
1685 1686 1687 
4 
473 1690 1691 1692 
5 
473 474 1689 1691 1692 
7 
473 474 475 476 1689 1690 1692 
5 
473 476 1689 1690 1691 
7 
969 970 971 972 1694 1695 1696 
5 
970 971 1693 1695 1696 
4 
971 1693 1694 1696 
5 
971 972 1693 1694 1695 
6 
21 24 684 1698 1699 1700 
10 
21 22 23 24 683 684 1413 1697 1699 1700 
7 
23 24 1413 1416 1697 1698 1700 
4 
24 1697 1698 1699 
3 
1702 1703 1704 
3 
1701 1703 1704 
7 
1065 1066 1365 1366 1701 1702 1704 
5 
1065 1365 1701 1702 1703 
5 
17 20 1706 1707 1708 
7 
17 18 19 20 1705 1707 1708 
5 
19 20 1705 1706 1708 
4 
20 1705 1706 1707 
6 
1576 1710 1711 1712 1979 1980 
7 
856 1575 1576 1709 1711 1712 1979 
4 
445 1709 1710 1712 
3 
1709 1710 1711 
3 
1714 1715 1716 
3 
1713 1715 1716 
3 
1713 1714 1716 
3 
1713 1714 1715 
8 
277 278 279 280 1399 1718 1719 1720 
5 
278 279 1717 1719 1720 
5 
279 469 1717 1718 1720 
5 
279 280 1717 1718 1719 
3 
1722 1723 1724 
5 
1237 1240 1721 1723 1724 
7 
993 994 1240 1382 1721 1722 1724 
6 
993 1381 1382 1721 1722 1723 
6 
835 836 1087 1726 1727 1728 
4 
835 1725 1727 1728 
3 
1725 1726 1728 
3 
1725 1726 1727 
7 
801 802 1297 1300 1730 1731 1732 
8 
802 1297 1298 1299 1300 1729 1731 1732 
7 
802 803 1299 1300 1729 1730 1732 
8 
801 802 803 804 1300 1729 1730 1731 
4 
1734 1735 1736 1874 
3 
1733 1735 1736 
3 
1733 1734 1736 
6 
242 1733 1734 1735 1874 1875 
9 
209 1581 1582 1583 1584 1738 1739 1740 1840 
9 
209 210 1582 1583 1737 1739 1740 1839 1840 
9 
209 210 211 212 1098 1583 1737 1738 1740 
8 
209 212 1097 1583 1584 1737 1738 1739 
5 
1742 1743 1744 1845 1848 
8 
1741 1743 1744 1845 1846 1847 1848 1932 
6 
834 1741 1742 1744 1847 1848 
6 
833 834 1741 1742 1743 1848 
5 
354 355 1746 1747 1748 
3 
1745 1747 1748 
3 
1745 1746 1748 
4 
355 1745 1746 1747 
5 
367 629 1750 1751 1752 
5 
629 630 1749 1751 1752 
7 
629 630 631 632 1749 1750 1752 
5 
629 632 1749 1750 1751 
11 
185 188 385 386 387 388 523 524 1754 1755 1756 
11 
185 186 187 188 386 387 523 612 1753 1755 1756 
9 
187 188 387 478 1677 1678 1753 1754 1756 
9 
188 387 388 477 478 1677 1753 1754 1755 
3 
1758 1759 1760 
3 
1757 1759 1760 
3 
1757 1758 1760 
3 
1757 1758 1759 
4 
1224 1762 1763 1764 
5 
1223 1224 1761 1763 1764 
3 
1761 1762 1764 
4 
1194 1761 1762 1763 
7 
1429 1430 1431 1432 1766 1767 1768 
5 
1430 1431 1765 1767 1768 
4 
1431 1765 1766 1768 
5 
1431 1432 1765 1766 1767 
3 
1770 1771 1772 
7 
613 1281 1284 1389 1769 1771 1772 
12 
125 413 414 613 616 1141 1284 1389 1392 1769 1770 1772 
4 
413 1769 1770 1771 
3 
1774 1775 1776 
8 
89 301 405 965 968 1773 1775 1776 
10 
89 92 301 304 405 408 968 1773 1774 1776 
3 
1773 1774 1775 
3 
1778 1779 1780 
3 
1777 1779 1780 
3 
1777 1778 1780 
3 
1777 1778 1779 
3 
1782 1783 1784 
3 
1781 1783 1784 
3 
1781 1782 1784 
3 
1781 1782 1783 
6 
564 999 1312 1786 1787 1788 
7 
563 564 1311 1312 1785 1787 1788 
3 
1785 1786 1788 
3 
1785 1786 1787 
7 
317 318 319 320 1790 1791 1792 
6 
257 318 319 1789 1791 1792 
6 
257 260 319 1789 1790 1792 
5 
319 320 1789 1790 1791 
3 
1794 1795 1796 
6 
745 1517 1520 1793 1795 1796 
5 
748 1520 1793 1794 1796 
3 
1793 1794 1795 
3 
1798 1799 1800 
3 
1797 1799 1800 
3 
1797 1798 1800 
3 
1797 1798 1799 
3 
1802 1803 1804 
3 
1801 1803 1804 
3 
1801 1802 1804 
3 
1801 1802 1803 
6 
258 626 627 1806 1807 1808 
3 
1805 1807 1808 
5 
1537 1538 1805 1806 1808 
7 
258 259 627 1537 1805 1806 1807 
7 
803 1045 1453 1454 1810 1811 1812 
6 
1045 1046 1454 1809 1811 1812 
9 
1045 1046 1047 1048 1454 1455 1809 1810 1812 
11 
1045 1048 1342 1453 1454 1455 1456 1506 1809 1810 1811 
5 
951 1172 1814 1815 1816 
5 
1171 1172 1813 1815 1816 
4 
418 1813 1814 1816 
5 
417 418 1813 1814 1815 
9 
1570 1571 1818 1819 1820 1833 1834 1835 1836 
5 
1817 1819 1820 1834 1835 
5 
1061 1817 1818 1820 1835 
6 
1571 1817 1818 1819 1835 1836 
3 
1822 1823 1824 
3 
1821 1823 1824 
3 
1821 1822 1824 
3 
1821 1822 1823 
3 
1826 1827 1828 
3 
1825 1827 1828 
3 
1825 1826 1828 
3 
1825 1826 1827 
3 
1830 1831 1832 
4 
828 1829 1831 1832 
4 
318 1829 1830 1832 
5 
317 318 1829 1830 1831 
6 
1569 1570 1817 1834 1835 1836 
7 
536 1570 1817 1818 1833 1835 1836 
8 
1571 1817 1818 1819 1820 1833 1834 1836 
7 
1571 1572 1817 1820 1833 1834 1835 
3 
1838 1839 1840 
3 
1837 1839 1840 
4 
1738 1837 1838 1840 
6 
1582 1737 1738 1837 1838 1839 
5 
8 183 1842 1843 1844 
4 
7 1841 1843 1844 
3 
1841 1842 1844 
3 
1841 1842 1843 
6 
1741 1742 1846 1847 1848 1932 
6 
1742 1845 1847 1848 1931 1932 
5 
1742 1743 1845 1846 1848 
8 
834 1741 1742 1743 1744 1845 1846 1847 
4 
585 1850 1851 1852 
5 
585 586 1849 1851 1852 
7 
587 588 1361 1362 1849 1850 1852 
5 
588 1361 1849 1850 1851 
4 
1550 1854 1855 1856 
4 
949 1853 1855 1856 
5 
949 952 1853 1854 1856 
5 
1550 1551 1853 1854 1855 
6 
435 1278 1279 1858 1859 1860 
3 
1857 1859 1860 
3 
1857 1858 1860 
4 
1279 1857 1858 1859 
6 
765 1109 1181 1862 1863 1864 
10 
766 1109 1110 1181 1182 1861 1863 1864 1905 1908 
13 
767 1109 1110 1111 1112 1181 1182 1183 1184 1861 1862 1864 1908 
9 
768 774 1109 1112 1181 1184 1861 1862 1863 
5 
1866 1867 1868 1938 1939 
3 
1865 1867 1868 
3 
1865 1866 1868 
4 
1865 1866 1867 1939 
5 
130 1617 1870 1871 1872 
5 
1617 1618 1869 1871 1872 
7 
1617 1618 1619 1620 1869 1870 1872 
7 
130 131 1617 1620 1869 1870 1871 
4 
203 1874 1875 1876 
5 
1733 1736 1873 1875 1876 
6 
242 1478 1736 1873 1874 1876 
7 
241 938 1477 1478 1873 1874 1875 
7 
117 118 119 120 1878 1879 1880 
5 
118 119 1877 1879 1880 
4 
119 1877 1878 1880 
5 
119 120 1877 1878 1879 
8 
157 158 823 824 1395 1882 1883 1884 
7 
45 48 158 823 1881 1883 1884 
7 
48 158 159 462 1881 1882 1884 
9 
157 158 159 160 461 462 1881 1882 1883 
4 
1514 1886 1887 1888 
3 
1885 1887 1888 
3 
1885 1886 1888 
5 
1514 1515 1885 1886 1887 
6 
727 728 1236 1890 1891 1892 
6 
727 1235 1236 1889 1891 1892 
3 
1889 1890 1892 
3 
1889 1890 1891 
3 
1894 1895 1896 
3 
1893 1895 1896 
3 
1893 1894 1896 
3 
1893 1894 1895 
3 
1898 1899 1900 
3 
1897 1899 1900 
3 
1897 1898 1900 
3 
1897 1898 1899 
3 
1902 1903 1904 
5 
737 740 1901 1903 1904 
4 
740 1901 1902 1904 
3 
1901 1902 1903 
8 
433 436 766 1580 1862 1906 1907 1908 
9 
433 434 435 436 1579 1580 1905 1907 1908 
7 
435 436 1277 1278 1905 1906 1908 
11 
436 766 767 1110 1182 1277 1862 1863 1905 1906 1907 
3 
1910 1911 1912 
5 
941 944 1909 1911 1912 
4 
944 1909 1910 1912 
3 
1909 1910 1911 
3 
1914 1915 1916 
4 
376 1913 1915 1916 
3 
1913 1914 1916 
3 
1913 1914 1915 
3 
1918 1919 1920 
3 
1917 1919 1920 
3 
1917 1918 1920 
3 
1917 1918 1919 
7 
793 794 795 796 1922 1923 1924 
5 
794 795 1921 1923 1924 
6 
141 718 795 1921 1922 1924 
7 
717 718 795 796 1921 1922 1923 
4 
1497 1926 1927 1928 
6 
1425 1497 1498 1925 1927 1928 
11 
741 742 1425 1428 1497 1498 1499 1500 1925 1926 1928 
6 
741 1497 1500 1925 1926 1927 
3 
1930 1931 1932 
4 
1168 1929 1931 1932 
4 
1846 1929 1930 1932 
6 
1742 1845 1846 1929 1930 1931 
5 
245 248 1934 1935 1936 
7 
245 246 247 248 1933 1935 1936 
5 
247 248 1933 1934 1936 
4 
248 1933 1934 1935 
3 
1938 1939 1940 
4 
1865 1937 1939 1940 
5 
1865 1868 1937 1938 1940 
3 
1937 1938 1939 
6 
937 940 1165 1942 1943 1944 
11 
937 938 939 940 1165 1166 1477 1480 1941 1943 1944 
10 
939 940 1165 1166 1167 1168 1480 1941 1942 1944 
6 
940 1165 1168 1941 1942 1943 
3 
1946 1947 1948 
3 
1945 1947 1948 
3 
1945 1946 1948 
3 
1945 1946 1947 
6 
526 527 1263 1950 1951 1952 
3 
1949 1951 1952 
4 
441 1949 1950 1952 
4 
527 1949 1950 1951 
4 
1046 1954 1955 1956 
3 
1953 1955 1956 
4 
221 1953 1954 1956 
5 
1046 1047 1953 1954 1955 
4 
1189 1958 1959 1960 
5 
1189 1190 1957 1959 1960 
7 
1189 1190 1191 1192 1957 1958 1960 
5 
1189 1192 1957 1958 1959 
7 
322 323 686 687 1962 1963 1964 
3 
1961 1963 1964 
3 
1961 1962 1964 
5 
323 687 1961 1962 1963 
6 
302 303 967 1966 1967 1968 
3 
1965 1967 1968 
6 
658 1089 1090 1965 1966 1968 
7 
303 657 658 1089 1965 1966 1967 
3 
1970 1971 1972 
5 
672 1096 1969 1971 1972 
5 
537 538 1969 1970 1972 
4 
537 1969 1970 1971 
5 
350 543 1974 1975 1976 
3 
1973 1975 1976 
3 
1973 1974 1976 
5 
350 351 1973 1974 1975 
6 
80 298 584 1978 1979 1980 
9 
79 80 583 584 1573 1576 1977 1979 1980 
6 
1576 1709 1710 1977 1978 1980 
7 
298 299 1126 1709 1977 1978 1979 
7 
1005 1008 1193 1196 1982 1983 1984 
12 
1005 1006 1007 1008 1193 1194 1195 1196 1469 1981 1983 1984 
12 
189 190 1007 1008 1195 1196 1469 1472 1629 1981 1982 1984 
6 
189 1008 1196 1981 1982 1983 
3 
1986 1987 1988 
3 
1985 1987 1988 
4 
910 1985 1986 1988 
5 
909 910 1985 1986 1987 
3 
1990 1991 1992 
5 
1501 1504 1989 1991 1992 
6 
1230 1504 1558 1989 1990 1992 
7 
1229 1230 1557 1558 1989 1990 1991 
7 
237 240 1406 1407 1994 1995 1996 
7 
237 238 239 240 1993 1995 1996 
5 
239 240 1993 1994 1996 
5 
240 1407 1993 1994 1995 
5 
1371 1372 1998 1999 2000 
4 
1371 1997 1999 2000 
3 
1997 1998 2000 
3 
1997 1998 1999 