
500 
4 
3 
2 3 4 
3 
1 3 4 
6 
1 2 4 1073 1513 1514 
4 
1 2 3 1513 
4 
6 7 8 1183 
4 
5 7 8 560 
3 
5 6 8 
3 
5 6 7 
5 
10 11 12 1789 1790 
4 
9 11 12 1790 
5 
9 10 12 1790 1791 
7 
9 10 11 1789 1790 1791 1792 
5 
14 15 16 1629 1632 
7 
13 15 16 1629 1630 1631 1632 
6 
13 14 16 1002 1631 1632 
6 
13 14 15 1001 1002 1632 
7 
18 19 20 71 394 1086 1087 
3 
17 19 20 
3 
17 18 20 
6 
17 18 19 394 395 1087 
3 
22 23 24 
3 
21 23 24 
3 
21 22 24 
3 
21 22 23 
5 
26 27 28 106 107 
6 
25 27 28 1045 1048 1965 
6 
25 26 28 1048 1965 1968 
4 
25 26 27 107 
8 
30 31 32 321 793 796 988 1089 
15 
29 31 32 321 322 793 794 795 796 945 948 987 988 1089 1090 
14 
29 30 32 321 322 323 324 795 796 948 1089 1090 1091 1092 
8 
29 30 31 321 324 796 1089 1092 
3 
34 35 36 
3 
33 35 36 
3 
33 34 36 
4 
33 34 35 50 
4 
38 39 40 378 
3 
37 39 40 
5 
37 38 40 885 886 
6 
37 38 39 378 379 885 
4 
42 43 44 618 
3 
41 43 44 
4 
41 42 44 658 
7 
41 42 43 618 619 657 658 
4 
46 47 48 1744 
5 
45 47 48 1743 1744 
3 
45 46 48 
3 
45 46 47 
3 
50 51 52 
4 
36 49 51 52 
5 
49 50 52 1717 1718 
4 
49 50 51 1717 
9 
54 55 56 237 240 1165 1166 1167 1168 
11 
53 55 56 237 238 239 240 717 720 1166 1167 
8 
53 54 56 239 240 720 1167 1642 
8 
53 54 55 240 1167 1168 1641 1642 
3 
58 59 60 
3 
57 59 60 
3 
57 58 60 
4 
57 58 59 1126 
3 
62 63 64 
5 
61 63 64 1661 1664 
4 
61 62 64 1664 
3 
61 62 63 
7 
66 67 68 589 590 591 592 
5 
65 67 68 590 591 
5 
65 66 68 591 998 
7 
65 66 67 591 592 997 998 
5 
70 71 72 1085 1786 
5 
69 71 72 1085 1086 
10 
17 69 70 72 394 1070 1085 1086 1087 1088 
11 
69 70 71 393 394 1069 1070 1085 1088 1786 1787 
5 
74 75 76 389 390 
6 
73 75 76 390 425 428 
7 
73 74 76 390 391 428 1970 
9 
73 74 75 389 390 391 392 1969 1970 
3 
78 79 80 
3 
77 79 80 
3 
77 78 80 
3 
77 78 79 
3 
82 83 84 
4 
81 83 84 445 
6 
81 82 84 445 448 1481 
3 
81 82 83 
6 
86 87 88 208 1189 1192 
10 
85 87 88 207 208 436 1189 1190 1191 1192 
7 
85 86 88 1191 1192 1341 1418 
6 
85 86 87 1192 1417 1418 
5 
90 91 92 1434 1435 
3 
89 91 92 
3 
89 90 92 
5 
89 90 91 522 1435 
4 
94 95 96 1616 
5 
93 95 96 1615 1616 
3 
93 94 96 
3 
93 94 95 
3 
98 99 100 
4 
97 99 100 221 
5 
97 98 100 221 224 
3 
97 98 99 
4 
102 103 104 485 
9 
101 103 104 485 486 897 900 1801 1804 
9 
101 102 104 485 486 487 488 900 1804 
5 
101 102 103 485 488 
5 
106 107 108 1602 1603 
4 
25 105 107 108 
5 
25 28 105 106 108 
4 
105 106 107 1603 
8 
110 111 112 329 332 1271 1272 1385 
10 
109 111 112 329 330 331 332 1271 1385 1386 
9 
109 110 112 331 332 1385 1386 1387 1388 
6 
109 110 111 332 1385 1388 
5 
114 115 116 758 759 
4 
113 115 116 216 
3 
113 114 116 
4 
113 114 115 759 
6 
118 119 120 275 1681 1821 
7 
117 119 120 1681 1682 1821 1822 
9 
117 118 120 1681 1682 1683 1684 1823 1824 
6 
117 118 119 1681 1684 1824 
5 
122 123 124 357 360 
8 
121 123 124 277 357 358 359 360 
7 
121 122 124 277 280 359 360 
4 
121 122 123 360 
8 
126 127 128 388 1080 1770 1771 1981 
10 
125 127 128 387 388 1079 1080 1184 1948 1982 
5 
125 126 128 1982 1983 
6 
125 126 127 1771 1981 1984 
4 
130 131 132 1453 
5 
129 131 132 1453 1454 
7 
129 130 132 1453 1454 1455 1456 
5 
129 130 131 1453 1456 
3 
134 135 136 
3 
133 135 136 
3 
133 134 136 
3 
133 134 135 
6 
138 139 140 1050 1051 1671 
3 
137 139 140 
3 
137 138 140 
4 
137 138 139 1051 
4 
142 143 144 570 
4 
141 143 144 193 
7 
141 142 144 193 196 661 1569 
5 
141 142 143 570 571 
4 
146 147 148 1296 
6 
145 147 148 1295 1296 1993 
5 
145 146 148 1993 1996 
3 
145 146 147 
5 
150 151 152 1417 1420 
9 
149 151 152 1341 1344 1417 1418 1419 1420 
7 
149 150 152 1344 1419 1420 1478 
6 
149 150 151 1420 1477 1478 
7 
154 155 156 1153 1154 1155 1156 
5 
153 155 156 1154 1155 
5 
153 154 156 565 1155 
5 
153 154 155 1155 1156 
4 
158 159 160 478 
3 
157 159 160 
3 
157 158 160 
5 
157 158 159 478 479 
3 
162 163 164 
5 
161 163 164 1749 1752 
4 
161 162 164 1752 
3 
161 162 163 
7 
166 167 168 1018 1019 1249 1252 
8 
165 167 168 1249 1250 1251 1252 1401 
7 
165 166 168 1251 1252 1401 1404 
5 
165 166 167 1019 1252 
4 
170 171 172 533 
7 
169 171 172 481 484 533 534 
11 
169 170 172 181 484 533 534 535 536 1222 1350 
9 
169 170 171 533 536 1221 1222 1349 1350 
4 
174 175 176 582 
4 
173 175 176 385 
7 
173 174 176 385 388 1769 1770 
5 
173 174 175 583 1769 
7 
178 179 180 384 902 956 1589 
9 
177 179 180 383 384 955 956 1589 1590 
7 
177 178 180 1589 1590 1591 1592 
7 
177 178 179 902 903 1589 1592 
8 
171 182 183 184 483 484 534 535 
6 
181 183 184 483 1625 1628 
5 
181 182 184 226 1628 
6 
181 182 183 225 226 535 
4 
186 187 188 1483 
3 
185 187 188 
4 
185 186 188 450 
5 
185 186 187 449 450 
4 
190 191 192 700 
6 
189 191 192 699 700 1537 
5 
189 190 192 1537 1540 
3 
189 190 191 
5 
142 143 194 195 196 
3 
193 195 196 
7 
193 194 196 662 1005 1006 1570 
9 
143 193 194 195 661 662 1005 1569 1570 
3 
198 199 200 
3 
197 199 200 
4 
197 198 200 1922 
5 
197 198 199 1921 1922 
7 
202 203 204 585 586 587 588 
6 
201 203 204 586 587 1301 
6 
201 202 204 587 909 1304 
5 
201 202 203 587 588 
4 
206 207 208 433 
7 
205 207 208 433 434 729 732 
11 
86 205 206 208 433 434 435 436 732 1190 1937 
9 
85 86 205 206 207 433 436 1189 1190 
3 
210 211 212 
3 
209 211 212 
3 
209 210 212 
3 
209 210 211 
7 
214 215 216 1407 1408 1415 1416 
6 
213 215 216 232 1407 1415 
3 
213 214 216 
4 
114 213 214 215 
4 
218 219 220 367 
5 
217 219 220 1905 1908 
4 
217 218 220 1908 
3 
217 218 219 
5 
98 99 222 223 224 
4 
221 223 224 701 
5 
221 222 224 701 704 
4 
99 221 222 223 
7 
184 226 227 228 1223 1350 1351 
6 
183 184 225 227 228 1628 
5 
225 226 228 537 1866 
6 
225 226 227 1351 1865 1866 
8 
230 231 232 527 528 1292 1635 1636 
7 
229 231 232 527 1291 1292 1635 
3 
229 230 232 
4 
214 229 230 231 
9 
234 235 236 1345 1346 1347 1348 1517 1520 
9 
233 235 236 1346 1347 1517 1518 1519 1520 
7 
233 234 236 1347 1519 1520 1702 
8 
233 234 235 1347 1348 1520 1701 1702 
9 
53 54 238 239 240 717 720 1166 1167 
9 
54 237 239 240 717 718 719 720 1245 
9 
54 55 237 238 240 719 720 1245 1248 
10 
53 54 55 56 237 238 239 720 1167 1642 
5 
242 243 244 409 410 
4 
241 243 244 410 
5 
241 242 244 410 411 
7 
241 242 243 409 410 411 412 
4 
246 247 248 1379 
3 
245 247 248 
4 
245 246 248 525 
3 
245 246 247 
4 
250 251 252 891 
3 
249 251 252 
3 
249 250 252 
3 
249 250 251 
3 
254 255 256 
3 
253 255 256 
3 
253 254 256 
3 
253 254 255 
4 
258 259 260 1500 
5 
257 259 260 1499 1500 
5 
257 258 260 1837 1838 
4 
257 258 259 1837 
11 
262 263 264 289 290 291 292 293 296 1043 1138 
9 
261 263 264 290 291 293 294 295 296 
6 
261 262 264 291 295 296 
8 
261 262 263 291 292 296 1139 1358 
4 
266 267 268 550 
3 
265 267 268 
3 
265 266 268 
5 
265 266 267 550 551 
6 
270 271 272 753 754 1827 
6 
269 271 272 754 1384 1449 
8 
269 270 272 318 754 755 1449 1452 
9 
269 270 271 317 318 753 754 755 756 
4 
274 275 276 1615 
5 
273 275 276 1185 1188 
6 
117 273 274 276 1188 1821 
3 
273 274 275 
9 
122 123 278 279 280 357 358 359 360 
5 
277 279 280 358 359 
6 
277 278 280 359 1169 1170 
7 
123 277 278 279 359 360 1169 
7 
282 283 284 995 996 1424 1816 
8 
281 283 284 995 1423 1424 1815 1816 
3 
281 282 284 
3 
281 282 283 
3 
286 287 288 
3 
285 287 288 
3 
285 286 288 
4 
285 286 287 598 
11 
261 290 291 292 293 1041 1042 1043 1044 1137 1138 
10 
261 262 289 291 292 293 294 1042 1043 1138 
12 
261 262 263 264 289 290 292 295 296 1043 1138 1139 
12 
261 264 289 290 291 296 1043 1044 1137 1138 1139 1140 
10 
261 262 289 290 294 295 296 1042 1043 1138 
5 
262 290 293 295 296 
6 
262 263 291 293 294 296 
12 
261 262 263 264 291 292 293 294 295 1043 1138 1139 
5 
298 299 300 782 1083 
3 
297 299 300 
3 
297 298 300 
5 
297 298 299 782 783 
3 
302 303 304 
5 
301 303 304 1513 1516 
5 
301 302 304 1277 1516 
3 
301 302 303 
4 
306 307 308 1559 
3 
305 307 308 
3 
305 306 308 
3 
305 306 307 
4 
310 311 312 916 
5 
309 311 312 915 916 
3 
309 310 312 
3 
309 310 311 
3 
314 315 316 
5 
313 315 316 1448 1845 
5 
313 314 316 1845 1848 
3 
313 314 315 
5 
272 318 319 320 756 
7 
271 272 317 319 320 755 756 
3 
317 318 320 
5 
317 318 319 786 1214 
11 
29 30 31 32 322 323 324 795 796 1089 1092 
11 
30 31 321 323 324 795 948 1089 1090 1091 1092 
6 
31 321 322 324 1091 1092 
6 
31 32 321 322 323 1092 
5 
326 327 328 1893 1896 
7 
325 327 328 1893 1894 1895 1896 
5 
325 326 328 1895 1896 
4 
325 326 327 1896 
7 
109 110 330 331 332 1270 1271 
4 
110 329 331 332 
7 
110 111 329 330 332 1385 1386 
9 
109 110 111 112 329 330 331 1271 1385 
3 
334 335 336 
3 
333 335 336 
3 
333 334 336 
4 
333 334 335 622 
4 
338 339 340 1739 
4 
337 339 340 1917 
5 
337 338 340 1917 1920 
3 
337 338 339 
4 
342 343 344 529 
5 
341 343 344 529 530 
7 
341 342 344 529 530 531 532 
6 
341 342 343 529 532 1326 
5 
346 347 348 1527 1528 
7 
345 347 348 516 817 820 1527 
4 
345 346 348 820 
3 
345 346 347 
4 
350 351 352 1793 
5 
349 351 352 1793 1794 
7 
349 350 352 1793 1794 1795 1796 
5 
349 350 351 1793 1796 
6 
354 355 356 1611 1745 1746 
5 
353 355 356 1233 1746 
8 
353 354 356 1233 1236 1329 1746 1747 
7 
353 354 355 1745 1746 1747 1748 
6 
121 122 277 358 359 360 
6 
122 277 278 357 359 360 
9 
122 123 277 278 279 280 357 358 360 
9 
121 122 123 124 277 280 357 358 359 
3 
362 363 364 
3 
361 363 364 
3 
361 362 364 
3 
361 362 363 
3 
366 367 368 
3 
365 367 368 
4 
217 365 366 368 
3 
365 366 367 
3 
370 371 372 
3 
369 371 372 
3 
369 370 372 
3 
369 370 371 
7 
374 375 376 1267 1268 1596 1830 
7 
373 375 376 1100 1267 1595 1596 
3 
373 374 376 
5 
373 374 375 1830 1831 
4 
378 379 380 1131 
6 
37 40 377 379 380 885 
6 
40 377 378 380 885 888 
3 
377 378 379 
5 
382 383 384 684 953 
7 
381 383 384 683 684 953 954 
8 
178 381 382 384 953 954 955 956 
8 
177 178 381 382 383 902 953 956 
6 
174 175 386 387 388 1077 
7 
385 387 388 1077 1078 1181 1945 
12 
126 385 386 388 1077 1078 1079 1080 1181 1184 1945 1948 
9 
125 126 175 385 386 387 1077 1080 1770 
7 
73 76 390 391 392 1969 1970 
10 
73 74 75 76 389 391 392 425 428 1970 
13 
75 76 389 390 392 428 993 994 1421 1422 1813 1970 1971 
10 
76 389 390 391 993 1421 1969 1970 1971 1972 
12 
72 394 395 396 942 943 1069 1070 1071 1072 1088 1787 
11 
17 20 71 72 393 395 396 1070 1071 1087 1088 
5 
20 393 394 396 1071 
6 
393 394 395 943 1071 1072 
3 
398 399 400 
3 
397 399 400 
4 
397 398 400 1150 
5 
397 398 399 1149 1150 
5 
402 403 404 1509 1512 
7 
401 403 404 1509 1510 1511 1512 
5 
401 402 404 1511 1512 
4 
401 402 403 1512 
7 
406 407 408 1762 1763 1870 1871 
3 
405 407 408 
3 
405 406 408 
5 
405 406 407 1763 1871 
5 
241 244 410 411 412 
7 
241 242 243 244 409 411 412 
5 
243 244 409 410 412 
4 
244 409 410 411 
3 
414 415 416 
3 
413 415 416 
3 
413 414 416 
3 
413 414 415 
3 
418 419 420 
3 
417 419 420 
5 
417 418 420 1645 1646 
4 
417 418 419 1645 
3 
422 423 424 
3 
421 423 424 
3 
421 422 424 
4 
421 422 423 1750 
5 
74 390 426 427 428 
3 
425 427 428 
3 
425 426 428 
8 
74 75 390 391 425 426 427 1970 
5 
430 431 432 1059 1060 
4 
429 431 432 1059 
6 
429 430 432 677 1549 1550 
4 
429 430 431 1549 
9 
205 206 207 208 434 435 436 729 732 
10 
206 207 433 435 436 729 730 731 732 1712 
8 
207 433 434 436 731 732 1937 1938 
9 
86 207 208 433 434 435 732 1190 1937 
7 
438 439 440 1577 1578 1579 1580 
5 
437 439 440 1578 1579 
4 
437 438 440 1579 
6 
437 438 439 898 1579 1580 
4 
442 443 444 1741 
7 
441 443 444 965 1308 1741 1742 
9 
441 442 444 965 968 1741 1742 1743 1744 
5 
441 442 443 1741 1744 
5 
82 83 446 447 448 
3 
445 447 448 
5 
445 446 448 1481 1482 
5 
83 445 446 447 1481 
4 
188 450 451 452 
5 
187 188 449 451 452 
3 
449 450 452 
3 
449 450 451 
3 
454 455 456 
3 
453 455 456 
3 
453 454 456 
4 
453 454 455 1910 
3 
458 459 460 
3 
457 459 460 
3 
457 458 460 
3 
457 458 459 
4 
462 463 464 1324 
6 
461 463 464 1323 1324 1337 
5 
461 462 464 1337 1340 
3 
461 462 463 
3 
466 467 468 
5 
465 467 468 1269 1272 
4 
465 466 468 1272 
3 
465 466 467 
3 
470 471 472 
3 
469 471 472 
3 
469 470 472 
3 
469 470 471 
4 
474 475 476 1663 
6 
473 475 476 1168 1641 1644 
4 
473 474 476 1644 
3 
473 474 475 
3 
478 479 480 
5 
157 160 477 479 480 
4 
160 477 478 480 
3 
477 478 479 
6 
170 482 483 484 533 534 
4 
481 483 484 534 
8 
181 182 481 482 484 534 535 1625 
11 
170 171 181 481 482 483 533 534 535 536 1350 
7 
101 102 103 104 486 487 488 
9 
102 103 485 487 488 897 900 1801 1804 
6 
103 485 486 488 900 1804 
5 
103 104 485 486 487 
4 
490 491 492 833 
5 
489 491 492 833 834 
7 
489 490 492 833 834 835 836 
5 
489 490 491 833 836 
8 
494 495 496 1229 1485 1486 1865 1868 
12 
493 495 496 825 828 1229 1230 1486 1865 1866 1867 1868 
13 
493 494 496 828 1229 1230 1231 1232 1466 1486 1487 1867 1868 
12 
493 494 495 1229 1232 1465 1466 1485 1486 1487 1488 1868 
3 
498 499 500 
3 
497 499 500 
3 
497 498 500 
3 
497 498 499 
4 
502 503 504 969 
7 
501 503 504 645 648 969 970 
8 
501 502 504 648 969 970 971 972 
5 
501 502 503 969 972 
3 
506 507 508 
4 
505 507 508 1920 
3 
505 506 508 
3 
505 506 507 
8 
510 511 512 695 1677 1678 1679 1680 
5 
509 511 512 1678 1679 
4 
509 510 512 1679 
5 
509 510 511 1679 1680 
5 
514 515 516 1209 1212 
7 
513 515 516 1209 1210 1211 1212 
6 
513 514 516 818 1211 1212 
7 
346 513 514 515 817 818 1212 
3 
518 519 520 
3 
517 519 520 
3 
517 518 520 
3 
517 518 519 
7 
522 523 524 1014 1015 1435 1436 
5 
92 521 523 524 1435 
5 
521 522 524 1989 1990 
5 
521 522 523 1015 1989 
7 
247 526 527 528 1633 1861 1864 
10 
525 527 528 1289 1633 1634 1861 1862 1863 1864 
13 
229 230 525 526 528 1289 1292 1633 1634 1635 1636 1863 1864 
8 
229 525 526 527 1406 1633 1636 1864 
8 
341 342 343 344 530 531 532 1326 
5 
342 343 529 531 532 
4 
343 529 530 532 
7 
343 344 529 530 531 1326 1327 
9 
169 170 171 172 481 484 534 535 536 
10 
170 171 181 481 482 483 484 533 535 536 
9 
171 181 184 483 484 533 534 536 1350 
9 
171 172 484 533 534 535 1222 1349 1350 
4 
227 538 539 540 
3 
537 539 540 
3 
537 538 540 
3 
537 538 539 
4 
542 543 544 892 
5 
541 543 544 891 892 
4 
541 542 544 1918 
5 
541 542 543 1917 1918 
6 
546 547 548 805 1997 1998 
5 
545 547 548 806 1998 
9 
545 546 548 773 774 806 807 1998 1999 
10 
545 546 547 773 805 808 1997 1998 1999 2000 
3 
550 551 552 
5 
265 268 549 551 552 
4 
268 549 550 552 
3 
549 550 551 
3 
554 555 556 
3 
553 555 556 
7 
553 554 556 1093 1094 1261 1262 
5 
553 554 555 1093 1261 
3 
558 559 560 
3 
557 559 560 
3 
557 558 560 
4 
6 557 558 559 
3 
562 563 564 
4 
561 563 564 696 
3 
561 562 564 
3 
561 562 563 
6 
155 566 567 568 1609 1610 
4 
565 567 568 1610 
5 
565 566 568 1610 1611 
8 
565 566 567 1609 1610 1611 1612 1758 
3 
570 571 572 
5 
141 144 569 571 572 
5 
144 569 570 572 1022 
5 
569 570 571 1021 1022 
4 
574 575 576 1654 
3 
573 575 576 
3 
573 574 576 
5 
573 574 575 1654 1655 
4 
578 579 580 1316 
5 
577 579 580 1315 1316 
5 
577 578 580 705 706 
4 
577 578 579 705 
3 
582 583 584 
4 
173 581 583 584 
4 
176 581 582 584 
3 
581 582 583 
5 
201 586 587 588 1439 
5 
201 202 585 587 588 
7 
201 202 203 204 585 586 588 
5 
201 204 585 586 587 
4 
65 590 591 592 
5 
65 66 589 591 592 
7 
65 66 67 68 589 590 592 
6 
65 68 589 590 591 1442 
3 
594 595 596 
5 
593 595 596 1889 1892 
4 
593 594 596 1892 
3 
593 594 595 
3 
598 599 600 
4 
288 597 599 600 
3 
597 598 600 
4 
597 598 599 1630 
5 
602 603 604 1237 1532 
8 
601 603 604 1197 1237 1238 1531 1532 
9 
601 602 604 1197 1200 1237 1238 1239 1240 
5 
601 602 603 1237 1240 
5 
606 607 608 906 907 
3 
605 607 608 
3 
605 606 608 
4 
605 606 607 907 
7 
610 611 612 933 936 1913 1916 
11 
609 611 612 933 934 935 936 1913 1914 1915 1916 
7 
609 610 612 935 936 1915 1916 
5 
609 610 611 936 1916 
5 
614 615 616 1105 1106 
5 
613 615 616 1106 1284 
5 
613 614 616 1106 1107 
7 
613 614 615 1105 1106 1107 1108 
3 
618 619 620 
6 
41 44 617 619 620 657 
6 
44 617 618 620 657 660 
3 
617 618 619 
3 
622 623 624 
4 
336 621 623 624 
3 
621 622 624 
3 
621 622 623 
3 
626 627 628 
3 
625 627 628 
3 
625 626 628 
3 
625 626 627 
4 
630 631 632 844 
6 
629 631 632 843 844 1584 
3 
629 630 632 
4 
629 630 631 1434 
6 
634 635 636 701 702 961 
6 
633 635 636 702 961 962 
9 
633 634 636 702 703 961 962 963 964 
9 
633 634 635 701 702 703 704 961 964 
3 
638 639 640 
3 
637 639 640 
3 
637 638 640 
3 
637 638 639 
7 
642 643 644 1713 1714 1715 1716 
7 
641 643 644 1585 1588 1714 1715 
7 
641 642 644 1133 1134 1588 1715 
6 
641 642 643 1133 1715 1716 
6 
502 646 647 648 969 970 
4 
645 647 648 970 
5 
645 646 648 970 971 
9 
502 503 645 646 647 969 970 971 972 
11 
650 651 652 1566 1567 1735 1736 1773 1774 1929 1930 
6 
649 651 652 1735 1774 1930 
7 
649 650 652 1774 1775 1930 1931 
12 
649 650 651 1567 1773 1774 1775 1776 1929 1930 1931 1932 
3 
654 655 656 
4 
653 655 656 1125 
5 
653 654 656 1125 1128 
3 
653 654 655 
6 
44 618 619 658 659 660 
5 
43 44 657 659 660 
3 
657 658 660 
4 
619 657 658 659 
7 
143 196 662 663 664 1005 1569 
9 
195 196 661 663 664 1005 1006 1569 1570 
11 
661 662 664 1005 1006 1007 1008 1569 1570 1571 1572 
7 
661 662 663 1005 1008 1569 1572 
3 
666 667 668 
4 
665 667 668 1037 
5 
665 666 668 1037 1040 
3 
665 666 667 
4 
670 671 672 1440 
5 
669 671 672 1439 1440 
3 
669 670 672 
3 
669 670 671 
6 
674 675 676 711 712 852 
6 
673 675 676 711 851 852 
3 
673 674 676 
3 
673 674 675 
6 
431 678 679 680 1141 1550 
5 
677 679 680 1141 1142 
7 
677 678 680 1141 1142 1143 1144 
7 
677 678 679 1141 1144 1550 1551 
3 
682 683 684 
3 
681 683 684 
5 
382 681 682 684 954 
7 
381 382 681 682 683 953 954 
6 
686 687 688 723 724 878 
4 
685 687 688 723 
3 
685 686 688 
5 
685 686 687 878 879 
3 
690 691 692 
3 
689 691 692 
4 
689 690 692 1361 
3 
689 690 691 
3 
694 695 696 
3 
693 695 696 
6 
509 693 694 696 1677 1678 
5 
562 693 694 695 1677 
3 
698 699 700 
3 
697 699 700 
4 
190 697 698 700 
5 
189 190 697 698 699 
7 
222 223 633 636 702 703 704 
9 
633 634 635 636 701 703 704 961 964 
7 
635 636 701 702 704 964 1269 
5 
223 636 701 702 703 
5 
579 580 706 707 708 
4 
579 705 707 708 
3 
705 706 708 
3 
705 706 707 
3 
710 711 712 
4 
709 711 712 849 
7 
673 674 709 710 712 849 852 
4 
673 709 710 711 
5 
714 715 716 1217 1220 
8 
713 715 716 741 1217 1218 1219 1220 
9 
713 714 716 741 744 1219 1220 1617 1618 
5 
713 714 715 1220 1617 
6 
54 237 238 718 719 720 
4 
238 717 719 720 
8 
238 239 717 718 720 1245 1246 1601 
10 
54 55 237 238 239 240 717 718 719 1245 
3 
722 723 724 
3 
721 723 724 
6 
685 686 721 722 724 878 
7 
685 721 722 723 877 878 1402 
4 
726 727 728 1400 
5 
725 727 728 1399 1400 
4 
725 726 728 830 
5 
725 726 727 829 830 
7 
206 433 434 730 731 732 1712 
6 
434 729 731 732 1711 1712 
5 
434 435 729 730 732 
9 
206 207 433 434 435 436 729 730 731 
4 
734 735 736 1311 
3 
733 735 736 
3 
733 734 736 
3 
733 734 735 
7 
738 739 740 1409 1410 1411 1412 
5 
737 739 740 1410 1411 
6 
737 738 740 1411 1497 1498 
6 
737 738 739 1411 1412 1497 
11 
714 715 742 743 744 1217 1218 1219 1220 1617 1618 
6 
741 743 744 1218 1219 1618 
6 
741 742 744 1219 1618 1619 
10 
715 741 742 743 1219 1220 1617 1618 1619 1620 
9 
746 747 748 1673 1674 1675 1676 1973 1976 
9 
745 747 748 1674 1675 1973 1974 1975 1976 
6 
745 746 748 1675 1975 1976 
6 
745 746 747 1675 1676 1976 
5 
750 751 752 901 904 
7 
749 751 752 901 902 903 904 
7 
749 750 752 903 904 1733 1734 
5 
749 750 751 904 1733 
6 
269 272 754 755 756 1827 
9 
269 270 271 272 753 755 756 1449 1452 
7 
271 272 318 753 754 756 1452 
6 
272 317 318 753 754 755 
6 
758 759 760 1235 1330 1331 
4 
113 757 759 760 
5 
113 116 757 758 760 
5 
757 758 759 914 1331 
7 
762 763 764 1256 1900 1901 1904 
11 
761 763 764 1255 1256 1899 1900 1901 1902 1903 1904 
5 
761 762 764 1903 1904 
5 
761 762 763 946 1904 
8 
766 767 768 785 788 1215 1216 1607 
8 
765 767 768 785 786 787 788 1215 
8 
765 766 768 769 787 788 1657 1658 
5 
765 766 767 788 1657 
8 
767 770 771 772 1657 1658 1659 1660 
7 
769 771 772 1176 1658 1659 1820 
4 
769 770 772 1659 
5 
769 770 771 1659 1660 
10 
547 548 774 775 776 805 806 807 808 1999 
6 
547 773 775 776 806 807 
4 
773 774 776 807 
5 
773 774 775 807 808 
3 
778 779 780 
3 
777 779 780 
3 
777 778 780 
3 
777 778 779 
3 
782 783 784 
5 
297 300 781 783 784 
5 
300 781 782 784 1562 
5 
781 782 783 1561 1562 
11 
765 766 786 787 788 1213 1214 1215 1216 1606 1607 
8 
320 766 785 787 788 1214 1215 1817 
8 
766 767 785 786 788 1215 1817 1820 
10 
765 766 767 768 785 786 787 1215 1216 1607 
5 
790 791 792 1855 1856 
6 
789 791 792 1737 1740 1855 
4 
789 790 792 1740 
3 
789 790 791 
6 
29 30 794 795 796 988 
8 
30 793 795 796 945 948 987 988 
10 
30 31 321 322 793 794 796 948 1089 1090 
9 
29 30 31 32 321 793 794 795 1089 
8 
798 799 800 989 1749 1750 1751 1752 
7 
797 799 800 989 990 1750 1751 
8 
797 798 800 989 990 991 992 1751 
7 
797 798 799 989 992 1751 1752 
3 
802 803 804 
3 
801 803 804 
3 
801 802 804 
3 
801 802 803 
10 
545 548 773 806 807 808 1997 1998 1999 2000 
9 
546 547 773 774 805 807 808 1998 1999 
9 
547 773 774 775 776 805 806 808 1999 
8 
548 773 776 805 806 807 1999 2000 
4 
810 811 812 1728 
5 
809 811 812 1727 1728 
3 
809 810 812 
3 
809 810 811 
4 
814 815 816 835 
3 
813 815 816 
3 
813 814 816 
3 
813 814 815 
7 
346 516 818 819 820 1526 1527 
6 
515 516 817 819 820 1212 
3 
817 818 820 
6 
346 347 817 818 819 1527 
4 
822 823 824 871 
3 
821 823 824 
3 
821 822 824 
4 
821 822 823 1274 
9 
494 826 827 828 1230 1865 1866 1867 1868 
5 
825 827 828 1866 1867 
4 
825 826 828 1867 
11 
494 495 825 826 827 1230 1231 1466 1486 1867 1868 
4 
728 830 831 832 
5 
727 728 829 831 832 
3 
829 830 832 
3 
829 830 831 
7 
489 490 491 492 834 835 836 
5 
490 491 833 835 836 
5 
491 813 833 834 836 
5 
491 492 833 834 835 
7 
838 839 840 1545 1546 1547 1548 
5 
837 839 840 1546 1547 
4 
837 838 840 1547 
5 
837 838 839 1547 1548 
5 
842 843 844 887 888 
5 
841 843 844 887 1581 
6 
630 841 842 844 1581 1584 
5 
629 630 841 842 843 
5 
846 847 848 1561 1564 
7 
845 847 848 1561 1562 1563 1564 
5 
845 846 848 1563 1564 
4 
845 846 847 1564 
5 
710 711 850 851 852 
3 
849 851 852 
4 
674 849 850 852 
6 
673 674 711 849 850 851 
3 
854 855 856 
3 
853 855 856 
3 
853 854 856 
3 
853 854 855 
4 
858 859 860 865 
5 
857 859 860 865 866 
8 
857 858 860 865 866 867 868 1445 
5 
857 858 859 865 868 
5 
862 863 864 1522 1523 
3 
861 863 864 
4 
861 862 864 870 
6 
861 862 863 869 870 1523 
8 
857 858 859 860 866 867 868 1445 
7 
858 859 865 867 868 1445 1446 
8 
859 865 866 868 1445 1446 1447 1448 
7 
859 860 865 866 867 1445 1448 
5 
864 870 871 872 1523 
5 
863 864 869 871 872 
4 
821 869 870 872 
3 
869 870 871 
7 
874 875 876 1257 1258 1259 1260 
5 
873 875 876 1258 1259 
4 
873 874 876 1259 
5 
873 874 875 1259 1260 
8 
724 878 879 880 1401 1402 1403 1404 
9 
685 688 723 724 877 879 880 1402 1403 
5 
688 877 878 880 1403 
5 
877 878 879 1403 1404 
4 
882 883 884 952 
7 
881 883 884 951 952 1297 1300 
5 
881 882 884 1300 1710 
5 
881 882 883 1709 1710 
7 
39 40 378 379 886 887 888 
4 
39 885 887 888 
6 
841 842 885 886 888 1581 
5 
379 841 885 886 887 
3 
890 891 892 
3 
889 891 892 
5 
249 542 889 890 892 
5 
541 542 889 890 891 
4 
894 895 896 1461 
5 
893 895 896 1461 1462 
7 
893 894 896 1461 1462 1463 1464 
5 
893 894 895 1461 1464 
9 
102 486 898 899 900 1801 1802 1803 1804 
6 
440 897 899 900 1802 1803 
4 
897 898 900 1803 
9 
102 103 486 487 897 898 899 1803 1804 
5 
749 750 902 903 904 
8 
177 180 384 750 901 903 904 956 
7 
180 750 751 901 902 904 1734 
9 
749 750 751 752 901 902 903 1733 1734 
3 
906 907 908 
4 
605 905 907 908 
5 
605 608 905 906 908 
3 
905 906 907 
5 
203 910 911 912 1304 
5 
909 911 912 1303 1304 
3 
909 910 912 
3 
909 910 911 
4 
914 915 916 1332 
6 
760 913 915 916 1331 1332 
4 
310 913 914 916 
5 
309 310 913 914 915 
3 
918 919 920 
3 
917 919 920 
3 
917 918 920 
3 
917 918 919 
3 
922 923 924 
3 
921 923 924 
3 
921 922 924 
3 
921 922 923 
11 
926 927 928 1053 1054 1055 1056 1171 1172 1394 1395 
6 
925 927 928 1054 1055 1171 
4 
925 926 928 1055 
6 
925 926 927 1055 1056 1395 
7 
930 931 932 979 1491 1957 1958 
4 
929 931 932 1958 
5 
929 930 932 1958 1959 
7 
929 930 931 1957 1958 1959 1960 
7 
609 610 934 935 936 1913 1914 
5 
610 933 935 936 1914 
7 
610 611 933 934 936 1914 1915 
11 
609 610 611 612 933 934 935 1913 1914 1915 1916 
3 
938 939 940 
3 
937 939 940 
3 
937 938 940 
3 
937 938 939 
5 
942 943 944 1785 1788 
9 
393 941 943 944 1069 1785 1786 1787 1788 
9 
393 396 941 942 944 1069 1072 1787 1788 
4 
941 942 943 1788 
6 
30 794 946 947 948 987 
4 
764 945 947 948 
4 
945 946 948 1090 
10 
30 31 322 794 795 945 946 947 1089 1090 
4 
950 951 952 1204 
5 
949 951 952 1203 1204 
5 
882 949 950 952 1297 
5 
881 882 949 950 951 
8 
381 382 383 384 684 954 955 956 
7 
382 383 683 684 953 955 956 
5 
178 383 953 954 956 
8 
177 178 383 384 902 953 954 955 
3 
958 959 960 
3 
957 959 960 
3 
957 958 960 
3 
957 958 959 
8 
633 634 635 636 702 962 963 964 
5 
634 635 961 963 964 
4 
635 961 962 964 
7 
635 636 702 703 961 962 963 
7 
442 443 966 967 968 1741 1742 
4 
965 967 968 1742 
5 
965 966 968 1742 1743 
8 
443 965 966 967 1741 1742 1743 1744 
9 
501 502 503 504 645 648 970 971 972 
9 
502 503 645 646 647 648 969 971 972 
6 
503 647 648 969 970 972 
6 
503 504 648 969 970 971 
5 
974 975 976 1224 1352 
7 
973 975 976 1223 1224 1351 1352 
4 
973 974 976 1865 
3 
973 974 975 
5 
978 979 980 1489 1490 
4 
977 979 980 1490 
6 
929 977 978 980 1490 1491 
7 
977 978 979 1489 1490 1491 1492 
7 
982 983 984 1193 1196 1598 1599 
7 
981 983 984 1193 1194 1195 1196 
7 
981 982 984 1065 1066 1195 1196 
6 
981 982 983 1065 1196 1599 
3 
986 987 988 
3 
985 987 988 
6 
30 794 945 985 986 988 
7 
29 30 793 794 985 986 987 
9 
797 798 799 800 990 991 992 1751 1752 
6 
798 799 989 991 992 1751 
4 
799 989 990 992 
5 
799 800 989 990 991 
9 
391 392 994 995 996 1421 1424 1971 1972 
11 
391 993 995 996 1421 1422 1423 1424 1813 1816 1971 
8 
281 282 993 994 996 1423 1424 1816 
6 
281 993 994 995 1424 1766 
6 
68 998 999 1000 1442 1443 
5 
67 68 997 999 1000 
3 
997 998 1000 
4 
997 998 999 1443 
4 
16 1002 1003 1004 
5 
15 16 1001 1003 1004 
3 
1001 1002 1004 
3 
1001 1002 1003 
13 
195 196 661 662 663 664 1006 1007 1008 1569 1570 1571 1572 
8 
195 662 663 1005 1007 1008 1570 1571 
6 
663 1005 1006 1008 1571 1806 
9 
663 664 1005 1006 1007 1571 1572 1805 1806 
3 
1010 1011 1012 
3 
1009 1011 1012 
3 
1009 1010 1012 
3 
1009 1010 1011 
3 
1014 1015 1016 
5 
521 1013 1015 1016 1436 
5 
521 524 1013 1014 1016 
4 
1013 1014 1015 1210 
3 
1018 1019 1020 
5 
165 1017 1019 1020 1249 
7 
165 168 1017 1018 1020 1249 1252 
4 
1017 1018 1019 1978 
4 
572 1022 1023 1024 
5 
571 572 1021 1023 1024 
3 
1021 1022 1024 
3 
1021 1022 1023 
3 
1026 1027 1028 
3 
1025 1027 1028 
3 
1025 1026 1028 
3 
1025 1026 1027 
3 
1030 1031 1032 
3 
1029 1031 1032 
3 
1029 1030 1032 
3 
1029 1030 1031 
5 
1034 1035 1036 1067 1068 
4 
1033 1035 1036 1067 
3 
1033 1034 1036 
3 
1033 1034 1035 
5 
666 667 1038 1039 1040 
3 
1037 1039 1040 
5 
1037 1038 1040 1334 1494 
8 
667 1037 1038 1039 1333 1334 1493 1494 
6 
289 1042 1043 1044 1137 1138 
7 
289 290 293 1041 1043 1044 1138 
12 
261 289 290 291 292 293 296 1041 1042 1044 1138 1139 
9 
289 292 1041 1042 1043 1137 1138 1139 1140 
6 
26 1046 1047 1048 1965 1966 
4 
1045 1047 1048 1966 
5 
1045 1046 1048 1966 1967 
9 
26 27 1045 1046 1047 1965 1966 1967 1968 
5 
1050 1051 1052 1671 1672 
5 
137 1049 1051 1052 1671 
5 
137 140 1049 1050 1052 
3 
1049 1050 1051 
8 
925 1054 1055 1056 1169 1172 1393 1394 
10 
925 926 1053 1055 1056 1169 1170 1171 1172 1394 
11 
925 926 927 928 1053 1054 1056 1171 1172 1394 1395 
10 
925 928 1053 1054 1055 1172 1393 1394 1395 1396 
3 
1058 1059 1060 
3 
1057 1059 1060 
5 
429 430 1057 1058 1060 
4 
429 1057 1058 1059 
3 
1062 1063 1064 
4 
1061 1063 1064 1853 
7 
1061 1062 1064 1621 1622 1853 1856 
4 
1061 1062 1063 1621 
5 
983 984 1066 1067 1068 
4 
983 1065 1067 1068 
5 
1033 1034 1065 1066 1068 
4 
1033 1065 1066 1067 
11 
72 393 942 943 1070 1071 1072 1785 1786 1787 1788 
11 
71 72 393 394 1069 1071 1072 1085 1088 1786 1787 
9 
393 394 395 396 1069 1070 1072 1088 1787 
8 
393 396 943 1069 1070 1071 1787 1788 
10 
3 1074 1075 1076 1513 1514 1515 1516 1553 1556 
9 
1073 1075 1076 1514 1515 1553 1554 1555 1556 
6 
1073 1074 1076 1515 1555 1556 
7 
1073 1074 1075 1278 1515 1516 1556 
9 
385 386 387 388 1078 1079 1080 1945 1948 
10 
386 387 1077 1079 1080 1181 1945 1946 1947 1948 
8 
126 387 1077 1078 1080 1184 1947 1948 
8 
125 126 387 388 1077 1078 1079 1948 
3 
1082 1083 1084 
3 
1081 1083 1084 
4 
297 1081 1082 1084 
3 
1081 1082 1083 
8 
69 70 71 72 1070 1086 1087 1088 
6 
17 70 71 1085 1087 1088 
7 
17 20 71 394 1085 1086 1088 
9 
71 72 393 394 1070 1071 1085 1086 1087 
12 
29 30 31 32 321 322 795 796 948 1090 1091 1092 
9 
30 31 322 795 947 948 1089 1091 1092 
6 
31 322 323 1089 1090 1092 
9 
31 32 321 322 323 324 1089 1090 1091 
8 
555 556 1094 1095 1096 1261 1429 1430 
7 
555 1093 1095 1096 1261 1262 1430 
9 
1093 1094 1096 1261 1262 1263 1264 1430 1431 
9 
1093 1094 1095 1261 1264 1429 1430 1431 1432 
4 
1098 1099 1100 1594 
3 
1097 1099 1100 
5 
1097 1098 1100 1669 1670 
7 
374 1097 1098 1099 1594 1595 1669 
3 
1102 1103 1104 
3 
1101 1103 1104 
3 
1101 1102 1104 
3 
1101 1102 1103 
5 
613 616 1106 1107 1108 
8 
613 614 615 616 1105 1107 1108 1284 
5 
615 616 1105 1106 1108 
4 
616 1105 1106 1107 
3 
1110 1111 1112 
3 
1109 1111 1112 
3 
1109 1110 1112 
3 
1109 1110 1111 
3 
1114 1115 1116 
3 
1113 1115 1116 
3 
1113 1114 1116 
3 
1113 1114 1115 
3 
1118 1119 1120 
3 
1117 1119 1120 
3 
1117 1118 1120 
3 
1117 1118 1119 
3 
1122 1123 1124 
3 
1121 1123 1124 
3 
1121 1122 1124 
3 
1121 1122 1123 
5 
654 655 1126 1127 1128 
4 
60 1125 1127 1128 
3 
1125 1126 1128 
4 
655 1125 1126 1127 
3 
1130 1131 1132 
3 
1129 1131 1132 
4 
377 1129 1130 1132 
3 
1129 1130 1131 
7 
643 644 1134 1135 1136 1905 1906 
5 
643 1133 1135 1136 1906 
7 
1133 1134 1136 1557 1558 1906 1907 
8 
1133 1134 1135 1557 1905 1906 1907 1908 
7 
289 292 1041 1044 1138 1139 1140 
14 
261 289 290 291 292 293 296 1041 1042 1043 1044 1137 1139 1140 
10 
264 291 292 296 1043 1044 1137 1138 1140 1358 
7 
292 1044 1137 1138 1139 1357 1358 
7 
677 678 679 680 1142 1143 1144 
5 
678 679 1141 1143 1144 
4 
679 1141 1142 1144 
5 
679 680 1141 1142 1143 
7 
1146 1147 1148 1383 1450 1851 1852 
6 
1145 1147 1148 1389 1392 1851 
4 
1145 1146 1148 1392 
5 
1145 1146 1147 1450 1451 
4 
400 1150 1151 1152 
5 
399 400 1149 1151 1152 
3 
1149 1150 1152 
3 
1149 1150 1151 
4 
153 1154 1155 1156 
5 
153 154 1153 1155 1156 
7 
153 154 155 156 1153 1154 1156 
5 
153 156 1153 1154 1155 
5 
1158 1159 1160 1437 1780 
7 
1157 1159 1160 1437 1438 1779 1780 
7 
1157 1158 1160 1437 1438 1439 1440 
5 
1157 1158 1159 1437 1440 
3 
1162 1163 1164 
3 
1161 1163 1164 
3 
1161 1162 1164 
3 
1161 1162 1163 
4 
53 1166 1167 1168 
6 
53 54 237 1165 1167 1168 
10 
53 54 55 56 237 240 1165 1166 1168 1642 
8 
53 56 474 1165 1166 1167 1641 1642 
9 
279 280 1053 1054 1170 1171 1172 1393 1394 
6 
279 1054 1169 1171 1172 1394 
9 
925 926 1054 1055 1169 1170 1172 1394 1395 
12 
925 1053 1054 1055 1056 1169 1170 1171 1393 1394 1395 1396 
5 
1174 1175 1176 1817 1818 
4 
1173 1175 1176 1818 
5 
1173 1174 1176 1818 1819 
8 
770 1173 1174 1175 1817 1818 1819 1820 
4 
1178 1179 1180 1381 
6 
1177 1179 1180 1381 1382 1849 
9 
1177 1178 1180 1381 1382 1383 1384 1849 1852 
5 
1177 1178 1179 1381 1384 
10 
386 387 1078 1182 1183 1184 1945 1946 1947 1948 
5 
1181 1183 1184 1946 1947 
5 
5 1181 1182 1184 1947 
8 
126 387 1079 1181 1182 1183 1947 1948 
4 
274 1186 1187 1188 
3 
1185 1187 1188 
3 
1185 1186 1188 
5 
274 275 1185 1186 1187 
6 
85 86 208 1190 1191 1192 
7 
86 207 208 436 1189 1191 1192 
6 
86 87 1189 1190 1192 1418 
9 
85 86 87 88 1189 1190 1191 1417 1418 
5 
981 982 1194 1195 1196 
6 
982 1193 1195 1196 1521 1524 
6 
982 983 1193 1194 1196 1524 
7 
981 982 983 984 1193 1194 1195 
7 
602 603 1198 1199 1200 1238 1531 
3 
1197 1199 1200 
3 
1197 1198 1200 
6 
603 1197 1198 1199 1238 1239 
3 
1202 1203 1204 
3 
1201 1203 1204 
4 
950 1201 1202 1204 
5 
949 950 1201 1202 1203 
4 
1206 1207 1208 1942 
3 
1205 1207 1208 
4 
1205 1206 1208 1950 
7 
1205 1206 1207 1942 1943 1949 1950 
5 
513 514 1210 1211 1212 
5 
514 1016 1209 1211 1212 
5 
514 515 1209 1210 1212 
8 
513 514 515 516 818 1209 1210 1211 
5 
785 1214 1215 1216 1606 
6 
320 785 786 1213 1215 1216 
9 
765 766 785 786 787 788 1213 1214 1216 
8 
765 785 788 1213 1214 1215 1606 1607 
6 
713 714 741 1218 1219 1220 
6 
714 741 742 1217 1219 1220 
10 
714 715 741 742 743 744 1217 1218 1220 1618 
11 
713 714 715 716 741 744 1217 1218 1219 1617 1618 
5 
172 1222 1223 1224 1349 
8 
171 172 536 1221 1223 1224 1349 1350 
9 
225 974 1221 1222 1224 1349 1350 1351 1352 
7 
973 974 1221 1222 1223 1349 1352 
5 
1226 1227 1228 1355 1356 
4 
1225 1227 1228 1355 
3 
1225 1226 1228 
3 
1225 1226 1227 
12 
493 494 495 496 1230 1231 1232 1465 1466 1485 1486 1868 
11 
494 495 825 828 1229 1231 1232 1466 1486 1867 1868 
9 
495 828 1229 1230 1232 1466 1467 1486 1487 
13 
495 496 1229 1230 1231 1465 1466 1467 1468 1485 1486 1487 1488 
5 
354 355 1234 1235 1236 
3 
1233 1235 1236 
5 
757 1233 1234 1236 1330 
6 
355 1233 1234 1235 1329 1330 
7 
601 602 603 604 1238 1239 1240 
7 
602 603 1197 1200 1237 1239 1240 
6 
603 1200 1237 1238 1240 1506 
7 
603 604 1237 1238 1239 1505 1506 
3 
1242 1243 1244 
3 
1241 1243 1244 
3 
1241 1242 1244 
3 
1241 1242 1243 
7 
238 239 719 720 1246 1247 1248 
6 
719 1245 1247 1248 1601 1604 
4 
1245 1246 1248 1604 
5 
239 1245 1246 1247 1286 
7 
165 166 1018 1019 1250 1251 1252 
4 
166 1249 1251 1252 
6 
166 167 1249 1250 1252 1401 
8 
165 166 167 168 1019 1249 1250 1251 
5 
1254 1255 1256 1897 1900 
7 
1253 1255 1256 1897 1898 1899 1900 
8 
762 1253 1254 1256 1899 1900 1901 1902 
7 
761 762 1253 1254 1255 1900 1901 
4 
873 1258 1259 1260 
5 
873 874 1257 1259 1260 
7 
873 874 875 876 1257 1258 1260 
5 
873 876 1257 1258 1259 
11 
555 556 1093 1094 1095 1096 1262 1263 1264 1429 1430 
7 
555 1094 1095 1261 1263 1264 1430 
6 
1095 1261 1262 1264 1430 1431 
9 
1095 1096 1261 1262 1263 1429 1430 1431 1432 
5 
1266 1267 1268 1507 1694 
4 
1265 1267 1268 1593 
7 
373 374 1265 1266 1268 1593 1596 
6 
373 1265 1266 1267 1694 1695 
5 
466 703 1270 1271 1272 
4 
329 1269 1271 1272 
8 
109 110 329 332 1269 1270 1272 1385 
6 
109 466 467 1269 1270 1271 
3 
1274 1275 1276 
4 
824 1273 1275 1276 
3 
1273 1274 1276 
3 
1273 1274 1275 
5 
303 1278 1279 1280 1516 
6 
1076 1277 1279 1280 1515 1516 
3 
1277 1278 1280 
3 
1277 1278 1279 
3 
1282 1283 1284 
3 
1281 1283 1284 
3 
1281 1282 1284 
5 
614 1106 1281 1282 1283 
4 
1286 1287 1288 1643 
4 
1248 1285 1287 1288 
3 
1285 1286 1288 
4 
1285 1286 1287 1378 
8 
526 527 1290 1291 1292 1634 1862 1863 
3 
1289 1291 1292 
4 
230 1289 1290 1292 
8 
229 230 527 1289 1290 1291 1635 1863 
3 
1294 1295 1296 
3 
1293 1295 1296 
6 
146 1293 1294 1296 1993 1994 
6 
145 146 1293 1294 1295 1993 
5 
882 951 1298 1299 1300 
4 
1297 1299 1300 1725 
5 
1297 1298 1300 1725 1728 
5 
882 883 1297 1298 1299 
4 
202 1302 1303 1304 
3 
1301 1303 1304 
5 
910 1301 1302 1304 1325 
6 
203 909 910 1301 1302 1303 
3 
1306 1307 1308 
3 
1305 1307 1308 
3 
1305 1306 1308 
4 
442 1305 1306 1307 
3 
1310 1311 1312 
3 
1309 1311 1312 
4 
733 1309 1310 1312 
3 
1309 1310 1311 
3 
1314 1315 1316 
3 
1313 1315 1316 
4 
578 1313 1314 1316 
5 
577 578 1313 1314 1315 
7 
1318 1319 1320 1921 1922 1923 1924 
5 
1317 1319 1320 1922 1923 
4 
1317 1318 1320 1923 
5 
1317 1318 1319 1923 1924 
3 
1322 1323 1324 
4 
1321 1323 1324 1648 
6 
462 1321 1322 1324 1337 1338 
6 
461 462 1321 1322 1323 1337 
4 
1303 1326 1327 1328 
6 
344 529 532 1325 1327 1328 
4 
532 1325 1326 1328 
3 
1325 1326 1327 
5 
355 1236 1330 1331 1332 
6 
757 1235 1236 1329 1331 1332 
6 
757 760 914 1329 1330 1332 
5 
913 914 1329 1330 1331 
7 
1040 1334 1335 1336 1493 1542 1543 
7 
1039 1040 1333 1335 1336 1493 1494 
5 
1333 1334 1336 1495 1496 
6 
1333 1334 1335 1496 1543 1546 
7 
462 463 1323 1324 1338 1339 1340 
4 
1323 1337 1339 1340 
4 
1337 1338 1340 1985 
4 
463 1337 1338 1339 
8 
87 150 1342 1343 1344 1418 1419 1940 
5 
1341 1343 1344 1939 1940 
3 
1341 1342 1344 
6 
150 151 1341 1342 1343 1419 
6 
233 1346 1347 1348 1517 1520 
9 
233 234 1345 1347 1348 1517 1518 1519 1520 
9 
233 234 235 236 1345 1346 1348 1519 1520 
6 
233 236 1345 1346 1347 1520 
9 
172 536 1221 1222 1223 1224 1350 1351 1352 
11 
171 172 225 484 535 536 1222 1223 1349 1351 1352 
7 
225 228 974 1223 1349 1350 1352 
7 
973 974 1223 1224 1349 1350 1351 
3 
1354 1355 1356 
3 
1353 1355 1356 
5 
1225 1226 1353 1354 1356 
4 
1225 1353 1354 1355 
4 
1140 1358 1359 1360 
6 
264 1139 1140 1357 1359 1360 
3 
1357 1358 1360 
4 
1357 1358 1359 1390 
4 
691 1362 1363 1364 
3 
1361 1363 1364 
4 
1361 1362 1364 1709 
3 
1361 1362 1363 
3 
1366 1367 1368 
3 
1365 1367 1368 
3 
1365 1366 1368 
3 
1365 1366 1367 
4 
1370 1371 1372 1649 
5 
1369 1371 1372 1649 1650 
7 
1369 1370 1372 1649 1650 1651 1652 
5 
1369 1370 1371 1649 1652 
3 
1374 1375 1376 
3 
1373 1375 1376 
3 
1373 1374 1376 
3 
1373 1374 1375 
3 
1378 1379 1380 
4 
1288 1377 1379 1380 
4 
245 1377 1378 1380 
3 
1377 1378 1379 
7 
1177 1178 1179 1180 1382 1383 1384 
6 
1178 1179 1381 1383 1384 1849 
6 
1145 1179 1381 1382 1384 1852 
6 
270 1179 1180 1381 1382 1383 
10 
109 110 111 112 331 332 1271 1386 1387 1388 
6 
110 111 331 1385 1387 1388 
4 
111 1385 1386 1388 
5 
111 112 1385 1386 1387 
5 
1146 1390 1391 1392 1851 
4 
1360 1389 1391 1392 
3 
1389 1390 1392 
5 
1146 1147 1389 1390 1391 
7 
1053 1056 1169 1172 1394 1395 1396 
12 
925 1053 1054 1055 1056 1169 1170 1171 1172 1393 1395 1396 
9 
925 928 1055 1056 1171 1172 1393 1394 1396 
5 
1056 1172 1393 1394 1395 
3 
1398 1399 1400 
5 
1397 1399 1400 1605 1608 
5 
726 1397 1398 1400 1608 
5 
725 726 1397 1398 1399 
7 
166 167 877 1251 1402 1403 1404 
6 
724 877 878 1401 1403 1404 
7 
877 878 879 880 1401 1402 1404 
6 
167 877 880 1401 1402 1403 
5 
1406 1407 1408 1413 1414 
7 
528 1405 1407 1408 1414 1636 1864 
7 
213 214 1405 1406 1408 1414 1415 
8 
213 1405 1406 1407 1413 1414 1415 1416 
6 
737 1410 1411 1412 1683 1684 
6 
737 738 1409 1411 1412 1683 
7 
737 738 739 740 1409 1410 1412 
5 
737 740 1409 1410 1411 
5 
1405 1408 1414 1415 1416 
8 
1405 1406 1407 1408 1413 1415 1416 1636 
7 
213 214 1407 1408 1413 1414 1416 
5 
213 1408 1413 1414 1415 
7 
88 149 150 1192 1418 1419 1420 
9 
87 88 150 1191 1192 1341 1417 1419 1420 
7 
150 151 1341 1344 1417 1418 1420 
7 
149 150 151 152 1417 1418 1419 
9 
391 392 993 994 1422 1423 1424 1813 1971 
7 
391 994 1421 1423 1424 1813 1814 
8 
282 994 995 1421 1422 1424 1815 1816 
10 
281 282 993 994 995 996 1421 1422 1423 1816 
3 
1426 1427 1428 
3 
1425 1427 1428 
3 
1425 1426 1428 
3 
1425 1426 1427 
7 
1093 1096 1261 1264 1430 1431 1432 
11 
1093 1094 1095 1096 1261 1262 1263 1264 1429 1431 1432 
7 
1095 1096 1263 1264 1429 1430 1432 
5 
1096 1264 1429 1430 1431 
3 
1434 1435 1436 
5 
89 632 1433 1435 1436 
7 
89 92 521 522 1433 1434 1436 
5 
521 1014 1433 1434 1435 
7 
1157 1158 1159 1160 1438 1439 1440 
6 
1158 1159 1437 1439 1440 1640 
6 
585 670 1159 1437 1438 1440 
7 
669 670 1159 1160 1437 1438 1439 
3 
1442 1443 1444 
5 
592 997 1441 1443 1444 
5 
997 1000 1441 1442 1444 
3 
1441 1442 1443 
8 
859 865 866 867 868 1446 1447 1448 
5 
866 867 1445 1447 1448 
4 
867 1445 1446 1448 
6 
314 867 868 1445 1446 1447 
6 
270 271 754 1450 1451 1452 
5 
1145 1148 1449 1451 1452 
4 
1148 1449 1450 1452 
6 
271 754 755 1449 1450 1451 
7 
129 130 131 132 1454 1455 1456 
5 
130 131 1453 1455 1456 
4 
131 1453 1454 1456 
5 
131 132 1453 1454 1455 
3 
1458 1459 1460 
3 
1457 1459 1460 
3 
1457 1458 1460 
3 
1457 1458 1459 
7 
893 894 895 896 1462 1463 1464 
5 
894 895 1461 1463 1464 
4 
895 1461 1462 1464 
5 
895 896 1461 1462 1463 
8 
496 1229 1232 1466 1467 1468 1485 1488 
14 
495 496 828 1229 1230 1231 1232 1465 1467 1468 1485 1486 1487 1488 
10 
1231 1232 1465 1466 1468 1487 1488 1674 1973 1974 
8 
1232 1465 1466 1467 1488 1673 1674 1973 
3 
1470 1471 1472 
3 
1469 1471 1472 
3 
1469 1470 1472 
3 
1469 1470 1471 
3 
1474 1475 1476 
3 
1473 1475 1476 
6 
1473 1474 1476 1961 1962 1977 
4 
1473 1474 1475 1961 
4 
152 1478 1479 1480 
5 
151 152 1477 1479 1480 
3 
1477 1478 1480 
3 
1477 1478 1479 
6 
83 447 448 1482 1483 1484 
4 
447 1481 1483 1484 
4 
185 1481 1482 1484 
3 
1481 1482 1483 
10 
493 496 1229 1232 1465 1466 1486 1487 1488 1868 
15 
493 494 495 496 828 1229 1230 1231 1232 1466 1485 1487 1488 1867 1868 
9 
495 496 1231 1232 1466 1467 1485 1486 1488 
9 
496 1232 1465 1466 1467 1468 1485 1486 1487 
5 
977 980 1490 1491 1492 
7 
977 978 979 980 1489 1491 1492 
6 
929 979 980 1489 1490 1492 
4 
980 1489 1490 1491 
6 
1040 1333 1334 1494 1495 1496 
6 
1039 1040 1334 1493 1495 1496 
4 
1335 1493 1494 1496 
5 
1335 1336 1493 1494 1495 
5 
739 740 1498 1499 1500 
4 
739 1497 1499 1500 
4 
258 1497 1498 1500 
5 
257 258 1497 1498 1499 
4 
1502 1503 1504 1688 
5 
1501 1503 1504 1687 1688 
4 
1501 1502 1504 1638 
5 
1501 1502 1503 1637 1638 
4 
1240 1506 1507 1508 
5 
1239 1240 1505 1507 1508 
4 
1265 1505 1506 1508 
3 
1505 1506 1507 
5 
401 402 1510 1511 1512 
5 
402 1509 1511 1512 1560 
5 
402 403 1509 1510 1512 
7 
401 402 403 404 1509 1510 1511 
7 
3 4 302 1073 1514 1515 1516 
8 
3 1073 1074 1513 1515 1516 1553 1556 
9 
1073 1074 1075 1076 1278 1513 1514 1516 1556 
9 
302 303 1073 1076 1277 1278 1513 1514 1515 
7 
233 234 1345 1346 1518 1519 1520 
5 
234 1346 1517 1519 1520 
7 
234 235 1346 1347 1517 1518 1520 
11 
233 234 235 236 1345 1346 1347 1348 1517 1518 1519 
4 
1194 1522 1523 1524 
4 
861 1521 1523 1524 
6 
861 864 869 1521 1522 1524 
5 
1194 1195 1521 1522 1523 
3 
1526 1527 1528 
4 
817 1525 1527 1528 
7 
345 346 817 820 1525 1526 1528 
4 
345 1525 1526 1527 
3 
1530 1531 1532 
3 
1529 1531 1532 
5 
602 1197 1529 1530 1532 
5 
601 602 1529 1530 1531 
3 
1534 1535 1536 
3 
1533 1535 1536 
3 
1533 1534 1536 
3 
1533 1534 1535 
5 
190 191 1538 1539 1540 
3 
1537 1539 1540 
3 
1537 1538 1540 
4 
191 1537 1538 1539 
3 
1542 1543 1544 
4 
1333 1541 1543 1544 
5 
1333 1336 1541 1542 1544 
3 
1541 1542 1543 
4 
837 1546 1547 1548 
6 
837 838 1336 1545 1547 1548 
7 
837 838 839 840 1545 1546 1548 
5 
837 840 1545 1546 1547 
5 
431 432 1550 1551 1552 
6 
431 677 680 1549 1551 1552 
4 
680 1549 1550 1552 
3 
1549 1550 1551 
7 
1073 1074 1514 1554 1555 1556 1840 
6 
1074 1553 1555 1556 1839 1840 
5 
1074 1075 1553 1554 1556 
9 
1073 1074 1075 1076 1514 1515 1553 1554 1555 
7 
1135 1136 1558 1559 1560 1906 1907 
4 
1135 1557 1559 1560 
4 
305 1557 1558 1560 
5 
1510 1557 1558 1559 1907 
6 
784 845 846 1562 1563 1564 
6 
783 784 846 1561 1563 1564 
5 
846 847 1561 1562 1564 
7 
845 846 847 848 1561 1562 1563 
5 
1566 1567 1568 1733 1736 
8 
649 1565 1567 1568 1733 1734 1735 1736 
11 
649 652 1565 1566 1568 1735 1736 1773 1774 1929 1930 
6 
1565 1566 1567 1736 1773 1929 
10 
143 196 661 662 663 664 1005 1570 1571 1572 
9 
195 196 662 663 1005 1006 1569 1571 1572 
10 
663 1005 1006 1007 1008 1569 1570 1572 1805 1806 
8 
663 664 1005 1008 1569 1570 1571 1805 
3 
1574 1575 1576 
3 
1573 1575 1576 
3 
1573 1574 1576 
3 
1573 1574 1575 
4 
437 1578 1579 1580 
5 
437 438 1577 1579 1580 
7 
437 438 439 440 1577 1578 1580 
5 
437 440 1577 1578 1579 
6 
842 843 887 1582 1583 1584 
3 
1581 1583 1584 
3 
1581 1582 1584 
5 
630 843 1581 1582 1583 
5 
642 1586 1587 1588 1714 
3 
1585 1587 1588 
3 
1585 1586 1588 
6 
642 643 1585 1586 1587 1715 
7 
177 178 179 180 1590 1591 1592 
5 
178 179 1589 1591 1592 
4 
179 1589 1590 1592 
5 
179 180 1589 1590 1591 
5 
1266 1267 1594 1595 1596 
5 
1097 1100 1593 1595 1596 
6 
374 1100 1593 1594 1596 1669 
6 
373 374 1267 1593 1594 1595 
3 
1598 1599 1600 
4 
981 1597 1599 1600 
6 
981 984 1597 1598 1600 1690 
5 
1597 1598 1599 1689 1690 
5 
719 1246 1602 1603 1604 
4 
105 1601 1603 1604 
5 
105 108 1601 1602 1604 
5 
1246 1247 1601 1602 1603 
4 
1398 1606 1607 1608 
6 
785 1213 1216 1605 1607 1608 
7 
765 785 788 1216 1605 1606 1608 
5 
1398 1399 1605 1606 1607 
7 
565 568 1610 1611 1612 1757 1758 
8 
565 566 567 568 1609 1611 1612 1758 
9 
353 567 568 1609 1610 1612 1745 1758 1759 
8 
568 1609 1610 1611 1757 1758 1759 1760 
3 
1614 1615 1616 
3 
1613 1615 1616 
5 
94 273 1613 1614 1616 
5 
93 94 1613 1614 1615 
8 
715 716 741 744 1220 1618 1619 1620 
10 
715 741 742 743 744 1219 1220 1617 1619 1620 
5 
743 744 1617 1618 1620 
4 
744 1617 1618 1619 
5 
1063 1064 1622 1623 1624 
5 
1063 1621 1623 1624 1856 
3 
1621 1622 1624 
3 
1621 1622 1623 
5 
182 483 1626 1627 1628 
3 
1625 1627 1628 
3 
1625 1626 1628 
6 
182 183 226 1625 1626 1627 
5 
13 14 1630 1631 1632 
5 
14 600 1629 1631 1632 
5 
14 15 1629 1630 1632 
7 
13 14 15 16 1629 1630 1631 
9 
525 526 527 528 1634 1635 1636 1861 1864 
10 
526 527 1289 1633 1635 1636 1861 1862 1863 1864 
9 
229 230 527 1292 1633 1634 1636 1863 1864 
9 
229 527 528 1406 1414 1633 1634 1635 1864 
4 
1504 1638 1639 1640 
5 
1503 1504 1637 1639 1640 
3 
1637 1638 1640 
4 
1438 1637 1638 1639 
6 
56 474 1168 1642 1643 1644 
8 
55 56 240 1167 1168 1641 1643 1644 
4 
1285 1641 1642 1644 
5 
474 475 1641 1642 1643 
5 
419 420 1646 1647 1648 
4 
419 1645 1647 1648 
3 
1645 1646 1648 
4 
1322 1645 1646 1647 
7 
1369 1370 1371 1372 1650 1651 1652 
5 
1370 1371 1649 1651 1652 
4 
1371 1649 1650 1652 
5 
1371 1372 1649 1650 1651 
3 
1654 1655 1656 
5 
573 576 1653 1655 1656 
4 
576 1653 1654 1656 
3 
1653 1654 1655 
6 
767 768 769 1658 1659 1660 
7 
767 769 770 1657 1659 1660 1820 
7 
769 770 771 772 1657 1658 1660 
5 
769 772 1657 1658 1659 
4 
62 1662 1663 1664 
3 
1661 1663 1664 
4 
473 1661 1662 1664 
5 
62 63 1661 1662 1663 
3 
1666 1667 1668 
3 
1665 1667 1668 
3 
1665 1666 1668 
3 
1665 1666 1667 
6 
1099 1100 1595 1670 1671 1672 
4 
1099 1669 1671 1672 
6 
137 1049 1050 1669 1670 1672 
4 
1049 1669 1670 1671 
7 
745 1468 1674 1675 1676 1973 1976 
11 
745 746 1467 1468 1673 1675 1676 1973 1974 1975 1976 
9 
745 746 747 748 1673 1674 1676 1975 1976 
6 
745 748 1673 1674 1675 1976 
6 
509 695 696 1678 1679 1680 
6 
509 510 695 1677 1679 1680 
7 
509 510 511 512 1677 1678 1680 
5 
509 512 1677 1678 1679 
9 
117 118 119 120 1682 1683 1684 1821 1824 
9 
118 119 1681 1683 1684 1821 1822 1823 1824 
8 
119 1409 1410 1681 1682 1684 1823 1824 
7 
119 120 1409 1681 1682 1683 1824 
5 
1686 1687 1688 1809 1812 
7 
1685 1687 1688 1809 1810 1811 1812 
6 
1502 1685 1686 1688 1811 1812 
6 
1501 1502 1685 1686 1687 1812 
4 
1600 1690 1691 1692 
5 
1599 1600 1689 1691 1692 
3 
1689 1690 1692 
3 
1689 1690 1691 
3 
1694 1695 1696 
5 
1265 1268 1693 1695 1696 
5 
1268 1693 1694 1696 1829 
3 
1693 1694 1695 
3 
1698 1699 1700 
5 
1697 1699 1700 1757 1760 
4 
1697 1698 1700 1760 
3 
1697 1698 1699 
4 
236 1702 1703 1704 
5 
235 236 1701 1703 1704 
3 
1701 1702 1704 
3 
1701 1702 1703 
5 
1706 1707 1708 1717 1720 
7 
1705 1707 1708 1717 1718 1719 1720 
5 
1705 1706 1708 1719 1720 
4 
1705 1706 1707 1720 
5 
884 1363 1710 1711 1712 
5 
883 884 1709 1711 1712 
4 
730 1709 1710 1712 
6 
434 729 730 1709 1710 1711 
4 
641 1714 1715 1716 
6 
641 642 1585 1713 1715 1716 
8 
641 642 643 644 1588 1713 1714 1716 
5 
641 644 1713 1714 1715 
7 
51 52 1705 1706 1718 1719 1720 
5 
51 1706 1717 1719 1720 
5 
1706 1707 1717 1718 1720 
7 
1705 1706 1707 1708 1717 1718 1719 
3 
1722 1723 1724 
3 
1721 1723 1724 
3 
1721 1722 1724 
3 
1721 1722 1723 
5 
1298 1299 1726 1727 1728 
3 
1725 1727 1728 
4 
810 1725 1726 1728 
6 
809 810 1299 1725 1726 1727 
3 
1730 1731 1732 
3 
1729 1731 1732 
3 
1729 1730 1732 
3 
1729 1730 1731 
8 
751 752 904 1565 1566 1734 1735 1736 
7 
751 903 904 1566 1733 1735 1736 
8 
649 650 1566 1567 1733 1734 1736 1774 
10 
649 1565 1566 1567 1568 1733 1734 1735 1773 1774 
4 
790 1738 1739 1740 
3 
1737 1739 1740 
4 
337 1737 1738 1740 
5 
790 791 1737 1738 1739 
9 
441 442 443 444 965 968 1742 1743 1744 
9 
442 443 965 966 967 968 1741 1743 1744 
7 
46 443 967 968 1741 1742 1744 
8 
45 46 443 444 968 1741 1742 1743 
7 
353 356 1611 1746 1747 1748 1759 
7 
353 354 355 356 1745 1747 1748 
5 
355 356 1745 1746 1748 
4 
356 1745 1746 1747 
5 
162 797 1750 1751 1752 
6 
424 797 798 1749 1751 1752 
9 
797 798 799 800 989 990 1749 1750 1752 
8 
162 163 797 800 989 1749 1750 1751 
5 
1754 1755 1756 1858 1859 
3 
1753 1755 1756 
3 
1753 1754 1756 
4 
1753 1754 1755 1859 
6 
1609 1612 1698 1758 1759 1760 
8 
568 1609 1610 1611 1612 1757 1759 1760 
6 
1611 1612 1745 1757 1758 1760 
6 
1612 1698 1699 1757 1758 1759 
5 
1762 1763 1764 1869 1870 
5 
405 1761 1763 1764 1870 
7 
405 408 1761 1762 1764 1870 1871 
7 
1761 1762 1763 1869 1870 1871 1872 
3 
1766 1767 1768 
4 
996 1765 1767 1768 
3 
1765 1766 1768 
3 
1765 1766 1767 
5 
175 176 1770 1771 1772 
6 
125 175 388 1769 1771 1772 
6 
125 128 1769 1770 1772 1981 
3 
1769 1770 1771 
10 
649 652 1567 1568 1736 1774 1775 1776 1929 1930 
11 
649 650 651 652 1567 1735 1736 1773 1775 1776 1930 
7 
651 652 1773 1774 1776 1930 1931 
8 
652 1773 1774 1775 1929 1930 1931 1932 
3 
1778 1779 1780 
3 
1777 1779 1780 
4 
1158 1777 1778 1780 
5 
1157 1158 1777 1778 1779 
3 
1782 1783 1784 
3 
1781 1783 1784 
3 
1781 1782 1784 
3 
1781 1782 1783 
6 
941 942 1069 1786 1787 1788 
8 
69 72 942 1069 1070 1785 1787 1788 
11 
72 393 942 943 1069 1070 1071 1072 1785 1786 1788 
9 
941 942 943 944 1069 1072 1785 1786 1787 
5 
9 12 1790 1791 1792 
7 
9 10 11 12 1789 1791 1792 
5 
11 12 1789 1790 1792 
4 
12 1789 1790 1791 
7 
349 350 351 352 1794 1795 1796 
5 
350 351 1793 1795 1796 
4 
351 1793 1794 1796 
5 
351 352 1793 1794 1795 
3 
1798 1799 1800 
3 
1797 1799 1800 
3 
1797 1798 1800 
3 
1797 1798 1799 
6 
102 486 897 1802 1803 1804 
5 
897 898 1801 1803 1804 
7 
897 898 899 900 1801 1802 1804 
9 
102 103 486 487 897 900 1801 1802 1803 
6 
1008 1571 1572 1806 1807 1808 
6 
1007 1008 1571 1805 1807 1808 
3 
1805 1806 1808 
3 
1805 1806 1807 
5 
1685 1686 1810 1811 1812 
4 
1686 1809 1811 1812 
5 
1686 1687 1809 1810 1812 
7 
1685 1686 1687 1688 1809 1810 1811 
8 
391 994 1421 1422 1814 1815 1816 1971 
4 
1422 1813 1815 1816 
5 
282 1423 1813 1814 1816 
9 
281 282 994 995 1423 1424 1813 1814 1815 
7 
786 787 1173 1176 1818 1819 1820 
7 
1173 1174 1175 1176 1817 1819 1820 
5 
1175 1176 1817 1818 1820 
7 
770 787 1176 1658 1817 1818 1819 
8 
117 118 275 1681 1682 1822 1823 1824 
5 
118 1682 1821 1823 1824 
6 
119 1682 1683 1821 1822 1824 
9 
119 120 1681 1682 1683 1684 1821 1822 1823 
3 
1826 1827 1828 
3 
1825 1827 1828 
5 
269 753 1825 1826 1828 
3 
1825 1826 1827 
4 
1695 1830 1831 1832 
5 
373 376 1829 1831 1832 
4 
376 1829 1830 1832 
3 
1829 1830 1831 
4 
1834 1835 1836 1873 
5 
1833 1835 1836 1873 1874 
5 
1833 1834 1836 1875 1876 
4 
1833 1834 1835 1876 
5 
259 260 1838 1839 1840 
4 
259 1837 1839 1840 
4 
1554 1837 1838 1840 
5 
1553 1554 1837 1838 1839 
3 
1842 1843 1844 
3 
1841 1843 1844 
3 
1841 1842 1844 
3 
1841 1842 1843 
5 
314 315 1846 1847 1848 
3 
1845 1847 1848 
3 
1845 1846 1848 
4 
315 1845 1846 1847 
6 
1178 1179 1382 1850 1851 1852 
3 
1849 1851 1852 
6 
1145 1146 1389 1849 1850 1852 
6 
1145 1179 1383 1849 1850 1851 
5 
1062 1063 1854 1855 1856 
3 
1853 1855 1856 
5 
789 790 1853 1854 1856 
6 
789 1063 1622 1853 1854 1855 
3 
1858 1859 1860 
4 
1753 1857 1859 1860 
5 
1753 1756 1857 1858 1860 
3 
1857 1858 1859 
7 
525 526 1633 1634 1862 1863 1864 
6 
526 1289 1634 1861 1863 1864 
9 
526 527 1289 1292 1634 1635 1861 1862 1864 
12 
525 526 527 528 1406 1633 1634 1635 1636 1861 1862 1863 
8 
228 493 494 825 975 1866 1867 1868 
8 
227 228 494 825 826 1865 1867 1868 
11 
494 495 825 826 827 828 1230 1486 1865 1866 1868 
13 
493 494 495 496 825 828 1229 1230 1485 1486 1865 1866 1867 
5 
1761 1764 1870 1871 1872 
8 
405 1761 1762 1763 1764 1869 1871 1872 
7 
405 408 1763 1764 1869 1870 1872 
4 
1764 1869 1870 1871 
5 
1833 1834 1874 1875 1876 
4 
1834 1873 1875 1876 
4 
1835 1873 1874 1876 
5 
1835 1836 1873 1874 1875 
3 
1878 1879 1880 
3 
1877 1879 1880 
3 
1877 1878 1880 
3 
1877 1878 1879 
3 
1882 1883 1884 
3 
1881 1883 1884 
3 
1881 1882 1884 
3 
1881 1882 1883 
3 
1886 1887 1888 
3 
1885 1887 1888 
3 
1885 1886 1888 
3 
1885 1886 1887 
4 
594 1890 1891 1892 
3 
1889 1891 1892 
3 
1889 1890 1892 
5 
594 595 1889 1890 1891 
5 
325 326 1894 1895 1896 
4 
326 1893 1895 1896 
5 
326 327 1893 1894 1896 
7 
325 326 327 328 1893 1894 1895 
5 
1253 1254 1898 1899 1900 
4 
1254 1897 1899 1900 
8 
762 1254 1255 1897 1898 1900 1901 1902 
10 
761 762 1253 1254 1255 1256 1897 1898 1899 1901 
9 
761 762 1255 1256 1899 1900 1902 1903 1904 
6 
762 1255 1899 1901 1903 1904 
5 
762 763 1901 1902 1904 
7 
761 762 763 764 1901 1902 1903 
6 
218 1133 1136 1906 1907 1908 
8 
1133 1134 1135 1136 1557 1905 1907 1908 
7 
1135 1136 1557 1560 1905 1906 1908 
6 
218 219 1136 1905 1906 1907 
3 
1910 1911 1912 
4 
456 1909 1911 1912 
3 
1909 1910 1912 
3 
1909 1910 1911 
7 
609 610 933 936 1914 1915 1916 
8 
610 933 934 935 936 1913 1915 1916 
7 
610 611 935 936 1913 1914 1916 
8 
609 610 611 612 936 1913 1914 1915 
6 
338 339 544 1918 1919 1920 
5 
543 544 1917 1919 1920 
3 
1917 1918 1920 
5 
339 506 1917 1918 1919 
5 
200 1317 1922 1923 1924 
7 
199 200 1317 1318 1921 1923 1924 
7 
1317 1318 1319 1320 1921 1922 1924 
5 
1317 1320 1921 1922 1923 
3 
1926 1927 1928 
3 
1925 1927 1928 
3 
1925 1926 1928 
3 
1925 1926 1927 
9 
649 652 1567 1568 1773 1776 1930 1931 1932 
12 
649 650 651 652 1567 1773 1774 1775 1776 1929 1931 1932 
7 
651 652 1775 1776 1929 1930 1932 
5 
652 1776 1929 1930 1931 
3 
1934 1935 1936 
3 
1933 1935 1936 
3 
1933 1934 1936 
3 
1933 1934 1935 
6 
207 435 436 1938 1939 1940 
4 
435 1937 1939 1940 
4 
1342 1937 1938 1940 
5 
1341 1342 1937 1938 1939 
3 
1942 1943 1944 
6 
1205 1208 1941 1943 1944 1949 
6 
1208 1941 1942 1944 1949 1952 
3 
1941 1942 1943 
8 
386 387 1077 1078 1181 1946 1947 1948 
6 
1078 1181 1182 1945 1947 1948 
9 
1078 1079 1181 1182 1183 1184 1945 1946 1948 
11 
126 387 1077 1078 1079 1080 1181 1184 1945 1946 1947 
6 
1208 1942 1943 1950 1951 1952 
5 
1207 1208 1949 1951 1952 
3 
1949 1950 1952 
4 
1943 1949 1950 1951 
3 
1954 1955 1956 
3 
1953 1955 1956 
3 
1953 1954 1956 
3 
1953 1954 1955 
5 
929 932 1958 1959 1960 
7 
929 930 931 932 1957 1959 1960 
5 
931 932 1957 1958 1960 
4 
932 1957 1958 1959 
5 
1475 1476 1962 1963 1964 
6 
1475 1961 1963 1964 1977 1980 
4 
1961 1962 1964 1980 
3 
1961 1962 1963 
7 
26 27 1045 1048 1966 1967 1968 
7 
1045 1046 1047 1048 1965 1967 1968 
5 
1047 1048 1965 1966 1968 
5 
27 1048 1965 1966 1967 
6 
76 389 392 1970 1971 1972 
10 
75 76 389 390 391 392 428 1969 1971 1972 
9 
391 392 993 994 1421 1813 1969 1970 1972 
5 
392 993 1969 1970 1971 
9 
745 746 1467 1468 1673 1674 1974 1975 1976 
6 
746 1467 1674 1973 1975 1976 
7 
746 747 1674 1675 1973 1974 1976 
11 
745 746 747 748 1673 1674 1675 1676 1973 1974 1975 
5 
1475 1962 1978 1979 1980 
4 
1020 1977 1979 1980 
3 
1977 1978 1980 
5 
1962 1963 1977 1978 1979 
6 
125 128 1771 1982 1983 1984 
5 
126 127 1981 1983 1984 
4 
127 1981 1982 1984 
4 
128 1981 1982 1983 
4 
1339 1986 1987 1988 
3 
1985 1987 1988 
3 
1985 1986 1988 
3 
1985 1986 1987 
5 
523 524 1990 1991 1992 
4 
523 1989 1991 1992 
3 
1989 1990 1992 
3 
1989 1990 1991 
7 
146 147 1295 1296 1994 1995 1996 
4 
1295 1993 1995 1996 
3 
1993 1994 1996 
4 
147 1993 1994 1995 
6 
545 548 805 1998 1999 2000 
9 
545 546 547 548 805 806 1997 1999 2000 
10 
547 548 773 805 806 807 808 1997 1998 2000 
6 
548 805 808 1997 1998 1999 