
500 
4 
3 
2 3 4 
3 
1 3 4 
3 
1 2 4 
3 
1 2 3 
5 
6 7 8 217 220 
8 
5 7 8 217 218 219 220 233 
7 
5 6 8 219 220 233 236 
4 
5 6 7 220 
9 
10 11 12 937 938 939 940 967 968 
6 
9 11 12 938 939 967 
4 
9 10 12 939 
5 
9 10 11 939 940 
6 
14 15 16 1337 1340 1855 
7 
13 15 16 1337 1338 1339 1340 
7 
13 14 16 1339 1340 1821 1822 
6 
13 14 15 438 1340 1821 
5 
18 19 20 602 841 
5 
17 19 20 841 842 
9 
17 18 20 58 841 842 843 844 969 
9 
17 18 19 57 58 602 603 841 844 
3 
22 23 24 
3 
21 23 24 
3 
21 22 24 
3 
21 22 23 
8 
26 27 28 947 948 1086 1087 1285 
6 
25 27 28 947 1285 1286 
8 
25 26 28 1285 1286 1287 1288 1973 
7 
25 26 27 1087 1285 1288 1666 
4 
30 31 32 1393 
5 
29 31 32 1393 1394 
7 
29 30 32 1393 1394 1395 1396 
5 
29 30 31 1393 1396 
3 
34 35 36 
3 
33 35 36 
3 
33 34 36 
3 
33 34 35 
4 
38 39 40 1263 
3 
37 39 40 
4 
37 38 40 1617 
3 
37 38 39 
9 
42 43 44 171 739 740 819 820 1481 
7 
41 43 44 739 819 1481 1482 
8 
41 42 44 1481 1482 1483 1484 1881 
6 
41 42 43 466 1481 1484 
4 
46 47 48 137 
6 
45 47 48 137 138 1121 
8 
45 46 48 139 140 1121 1124 1593 
4 
45 46 47 140 
4 
50 51 52 1524 
7 
49 51 52 869 872 1523 1524 
4 
49 50 52 872 
3 
49 50 51 
6 
54 55 56 945 1519 1520 
8 
53 55 56 945 946 1519 1601 1604 
9 
53 54 56 945 946 947 948 1086 1604 
7 
53 54 55 945 948 1085 1086 
7 
20 58 59 60 322 323 603 
8 
19 20 57 59 60 844 969 972 
4 
57 58 60 972 
4 
57 58 59 323 
5 
62 63 64 425 426 
4 
61 63 64 426 
5 
61 62 64 426 427 
7 
61 62 63 425 426 427 428 
8 
66 67 68 269 270 1258 1997 1998 
6 
65 67 68 270 893 1998 
11 
65 66 68 270 271 797 798 893 896 1998 1999 
14 
65 66 67 269 270 271 272 797 1258 1259 1997 1998 1999 2000 
6 
70 71 72 186 1658 1659 
3 
69 71 72 
4 
69 70 72 1626 
8 
69 70 71 186 187 1625 1626 1659 
5 
74 75 76 1083 1698 
4 
73 75 76 120 
3 
73 74 76 
5 
73 74 75 1698 1699 
4 
78 79 80 1163 
5 
77 79 80 369 372 
5 
77 78 80 353 372 
3 
77 78 79 
3 
82 83 84 
3 
81 83 84 
3 
81 82 84 
3 
81 82 83 
7 
86 87 88 556 803 804 1990 
9 
85 87 88 555 556 803 1236 1749 1752 
7 
85 86 88 1230 1385 1386 1752 
8 
85 86 87 1229 1230 1385 1990 1991 
3 
90 91 92 
3 
89 91 92 
3 
89 90 92 
3 
89 90 91 
7 
94 95 96 495 1345 1346 1497 
6 
93 95 96 1346 1497 1498 
10 
93 94 96 522 1346 1347 1497 1498 1499 1500 
11 
93 94 95 521 522 1345 1346 1347 1348 1497 1500 
3 
98 99 100 
3 
97 99 100 
3 
97 98 100 
3 
97 98 99 
4 
102 103 104 1080 
5 
101 103 104 1079 1080 
3 
101 102 104 
3 
101 102 103 
4 
106 107 108 1544 
5 
105 107 108 1543 1544 
3 
105 106 108 
3 
105 106 107 
5 
110 111 112 313 316 
7 
109 111 112 313 314 315 316 
5 
109 110 112 315 316 
6 
109 110 111 316 706 1006 
7 
114 115 116 834 835 1637 1640 
7 
113 115 116 1637 1638 1639 1640 
5 
113 114 116 1639 1640 
5 
113 114 115 835 1640 
3 
118 119 120 
4 
117 119 120 1052 
3 
117 118 120 
4 
74 117 118 119 
4 
122 123 124 1955 
5 
121 123 124 1241 1244 
4 
121 122 124 1244 
3 
121 122 123 
3 
126 127 128 
3 
125 127 128 
4 
125 126 128 614 
5 
125 126 127 613 614 
3 
130 131 132 
5 
129 131 132 1305 1308 
4 
129 130 132 1308 
3 
129 130 131 
6 
134 135 136 925 1547 1548 
6 
133 135 136 925 926 1547 
7 
133 134 136 925 926 927 928 
5 
133 134 135 925 928 
5 
45 46 138 139 140 
5 
46 137 139 140 1121 
8 
47 137 138 140 1121 1124 1593 1594 
6 
47 48 137 138 139 1593 
4 
142 143 144 853 
5 
141 143 144 853 854 
5 
141 142 144 855 856 
4 
141 142 143 856 
7 
146 147 148 496 906 1435 1436 
7 
145 147 148 495 496 1345 1435 
6 
145 146 148 521 1345 1348 
5 
145 146 147 906 907 
7 
150 151 152 481 482 483 484 
6 
149 151 152 482 483 1072 
6 
149 150 152 483 805 806 
6 
149 150 151 483 484 805 
5 
154 155 156 895 1176 
5 
153 155 156 1175 1176 
3 
153 154 156 
3 
153 154 155 
6 
158 159 160 1003 1004 1889 
7 
157 159 160 312 1003 1889 1890 
7 
157 158 160 1889 1890 1891 1892 
5 
157 158 159 1889 1892 
7 
162 163 164 889 892 1014 1015 
9 
161 163 164 689 889 890 891 892 1744 
6 
161 162 164 692 891 892 
5 
161 162 163 892 1015 
3 
166 167 168 
3 
165 167 168 
3 
165 166 168 
3 
165 166 167 
6 
170 171 172 791 792 1444 
8 
169 171 172 737 791 817 1443 1444 
7 
41 169 170 172 737 740 820 
4 
169 170 171 1370 
10 
174 175 176 689 690 890 1741 1742 1743 1744 
6 
173 175 176 690 1742 1743 
6 
173 174 176 690 691 1743 
11 
173 174 175 689 690 691 692 890 891 1743 1744 
8 
178 179 180 1137 1449 1450 1451 1452 
7 
177 179 180 1137 1138 1450 1451 
8 
177 178 180 1137 1138 1139 1140 1451 
8 
177 178 179 1137 1140 1451 1452 1562 
4 
182 183 184 1836 
5 
181 183 184 1835 1836 
5 
181 182 184 1025 1026 
5 
181 182 183 1025 1334 
7 
186 187 188 857 858 1266 1660 
8 
69 72 185 187 188 858 1659 1660 
8 
72 185 186 188 858 859 1625 1626 
10 
185 186 187 857 858 859 860 1266 1267 1625 
3 
190 191 192 
3 
189 191 192 
3 
189 190 192 
4 
189 190 191 1862 
9 
194 195 196 1105 1106 1107 1108 1649 1652 
11 
193 195 196 1106 1107 1301 1304 1649 1650 1651 1652 
9 
193 194 196 1107 1304 1651 1652 1777 1778 
8 
193 194 195 754 1107 1108 1652 1777 
3 
198 199 200 
3 
197 199 200 
5 
197 198 200 1309 1310 
4 
197 198 199 1309 
6 
202 203 204 1033 1113 1984 
9 
201 203 204 1033 1034 1113 1114 1983 1984 
11 
201 202 204 1033 1034 1035 1036 1113 1114 1115 1116 
7 
201 202 203 1033 1036 1113 1116 
3 
206 207 208 
4 
205 207 208 1872 
3 
205 206 208 
3 
205 206 207 
11 
210 211 212 325 772 949 950 951 952 1473 1474 
10 
209 211 212 325 326 771 772 950 951 1474 
11 
209 210 212 325 326 327 328 951 1469 1470 1475 
11 
209 210 211 325 328 606 951 952 1469 1475 1476 
3 
214 215 216 
3 
213 215 216 
3 
213 214 216 
3 
213 214 215 
5 
5 6 218 219 220 
5 
6 217 219 220 233 
7 
6 7 217 218 220 233 236 
7 
5 6 7 8 217 218 219 
9 
222 223 224 473 474 521 524 1347 1348 
10 
221 223 224 474 521 522 523 524 1347 1500 
7 
221 222 224 474 475 523 524 
8 
221 222 223 473 474 475 476 524 
4 
226 227 228 1146 
3 
225 227 228 
3 
225 226 228 
5 
225 226 227 1146 1147 
5 
230 231 232 349 352 
7 
229 231 232 349 350 351 352 
5 
229 230 232 351 352 
4 
229 230 231 352 
7 
6 7 218 219 234 235 236 
5 
233 235 236 1501 1504 
4 
233 234 236 1504 
5 
7 219 233 234 235 
4 
238 239 240 1248 
5 
237 239 240 1247 1248 
3 
237 238 240 
3 
237 238 239 
5 
242 243 244 1832 1994 
6 
241 243 244 1721 1831 1832 
5 
241 242 244 1721 1724 
5 
241 242 243 1994 1995 
4 
246 247 248 1491 
3 
245 247 248 
3 
245 246 248 
3 
245 246 247 
4 
250 251 252 971 
5 
249 251 252 577 580 
4 
249 250 252 580 
4 
249 250 251 1954 
4 
254 255 256 1056 
5 
253 255 256 1055 1056 
3 
253 254 256 
3 
253 254 255 
3 
258 259 260 
3 
257 259 260 
3 
257 258 260 
3 
257 258 259 
3 
262 263 264 
3 
261 263 264 
4 
261 262 264 734 
6 
261 262 263 733 734 1654 
6 
266 267 268 912 1132 1213 
9 
265 267 268 911 912 1131 1132 1213 1214 
5 
265 266 268 1215 1216 
4 
265 266 267 1216 
8 
65 68 270 271 272 1257 1258 1997 
10 
65 66 67 68 269 271 272 1258 1997 1998 
12 
67 68 269 270 272 797 1258 1259 1997 1998 1999 2000 
10 
68 269 270 271 1257 1258 1259 1260 1997 2000 
3 
274 275 276 
4 
273 275 276 944 
3 
273 274 276 
3 
273 274 275 
4 
278 279 280 1433 
6 
277 279 280 493 1433 1434 
9 
277 278 280 493 496 1433 1434 1435 1436 
6 
277 278 279 830 1433 1436 
7 
282 283 284 1249 1250 1978 1979 
4 
281 283 284 1250 
5 
281 282 284 1250 1251 
8 
281 282 283 1249 1250 1251 1252 1979 
4 
286 287 288 1935 
4 
285 287 288 453 
5 
285 286 288 453 456 
3 
285 286 287 
5 
290 291 292 293 296 
8 
289 291 292 293 294 295 296 1289 
7 
289 290 292 295 296 1289 1292 
5 
289 290 291 296 494 
5 
289 290 294 295 296 
5 
290 293 295 296 1289 
7 
290 291 293 294 296 1289 1292 
7 
289 290 291 292 293 294 295 
5 
298 299 300 1767 1768 
4 
297 299 300 1767 
4 
297 298 300 373 
3 
297 298 299 
4 
302 303 304 965 
5 
301 303 304 965 966 
8 
301 302 304 937 965 966 967 968 
5 
301 302 303 965 968 
4 
306 307 308 1395 
3 
305 307 308 
3 
305 306 308 
3 
305 306 307 
4 
310 311 312 1002 
3 
309 311 312 
4 
309 310 312 1890 
8 
158 309 310 311 1002 1003 1889 1890 
5 
109 110 314 315 316 
4 
110 313 315 316 
5 
110 111 313 314 316 
8 
109 110 111 112 313 314 315 1006 
9 
318 319 320 342 343 1681 1682 1683 1684 
6 
317 319 320 1682 1683 1705 
8 
317 318 320 1683 1705 1708 1833 1834 
7 
317 318 319 343 1683 1684 1833 
5 
322 323 324 601 604 
8 
57 321 323 324 601 602 603 604 
7 
57 60 321 322 324 603 604 
4 
321 322 323 604 
10 
209 210 211 212 326 327 328 951 1474 1475 
5 
210 211 325 327 328 
5 
211 325 326 328 1470 
8 
211 212 325 326 327 1469 1470 1475 
4 
330 331 332 1503 
5 
329 331 332 365 368 
5 
329 330 332 368 1282 
5 
329 330 331 1281 1282 
3 
334 335 336 
3 
333 335 336 
3 
333 334 336 
3 
333 334 335 
4 
338 339 340 860 
5 
337 339 340 859 860 
3 
337 338 340 
3 
337 338 339 
4 
342 343 344 1681 
7 
317 341 343 344 784 1681 1682 
10 
317 320 341 342 344 1098 1681 1682 1683 1684 
9 
341 342 343 1097 1098 1194 1318 1681 1684 
6 
346 347 348 779 780 1794 
4 
345 347 348 779 
5 
345 346 348 1061 1062 
6 
345 346 347 962 1061 1795 
5 
229 230 350 351 352 
5 
230 349 351 352 1748 
5 
230 231 349 350 352 
7 
229 230 231 232 349 350 351 
5 
79 354 355 356 1262 
3 
353 355 356 
3 
353 354 356 
5 
353 354 355 1262 1263 
7 
358 359 360 1913 1914 1915 1916 
7 
357 359 360 1196 1709 1914 1915 
6 
357 358 360 1709 1712 1915 
5 
357 358 359 1915 1916 
3 
362 363 364 
3 
361 363 364 
4 
361 362 364 1790 
5 
361 362 363 1789 1790 
4 
330 366 367 368 
3 
365 367 368 
4 
365 366 368 1901 
6 
330 331 365 366 367 1282 
4 
78 370 371 372 
3 
369 371 372 
3 
369 370 372 
5 
78 79 369 370 371 
4 
299 374 375 376 
3 
373 375 376 
3 
373 374 376 
3 
373 374 375 
3 
378 379 380 
3 
377 379 380 
3 
377 378 380 
3 
377 378 379 
3 
382 383 384 
4 
381 383 384 1856 
3 
381 382 384 
4 
381 382 383 1302 
3 
386 387 388 
4 
385 387 388 1260 
4 
385 386 388 1233 
3 
385 386 387 
3 
390 391 392 
3 
389 391 392 
3 
389 390 392 
3 
389 390 391 
3 
394 395 396 
3 
393 395 396 
4 
393 394 396 1798 
5 
393 394 395 1797 1798 
3 
398 399 400 
3 
397 399 400 
3 
397 398 400 
3 
397 398 399 
11 
402 403 404 913 916 1237 1238 1239 1240 1729 1730 
10 
401 403 404 913 914 915 916 1238 1239 1730 
8 
401 402 404 915 916 1239 1730 1731 
10 
401 402 403 916 1239 1240 1729 1730 1731 1732 
4 
406 407 408 718 
3 
405 407 408 
3 
405 406 408 
5 
405 406 407 718 719 
3 
410 411 412 
3 
409 411 412 
4 
409 410 412 1694 
5 
409 410 411 1693 1694 
5 
414 415 416 847 848 
5 
413 415 416 847 921 
5 
413 414 416 921 924 
3 
413 414 415 
9 
418 419 420 959 960 1677 1678 1679 1680 
9 
417 419 420 959 1609 1612 1678 1679 1817 
8 
417 418 420 1357 1612 1679 1817 1820 
5 
417 418 419 1679 1680 
4 
422 423 424 525 
5 
421 423 424 525 526 
8 
421 422 424 525 526 527 528 1461 
5 
421 422 423 525 528 
5 
61 64 426 427 428 
7 
61 62 63 64 425 427 428 
5 
63 64 425 426 428 
4 
64 425 426 427 
3 
430 431 432 
3 
429 431 432 
5 
429 430 432 629 630 
5 
429 430 431 629 954 
7 
434 435 436 1569 1570 1571 1572 
5 
433 435 436 1570 1571 
4 
433 434 436 1571 
5 
433 434 435 1571 1572 
3 
438 439 440 
7 
16 437 439 440 1340 1821 1824 
4 
437 438 440 1824 
4 
437 438 439 1450 
6 
442 443 444 1109 1279 1280 
7 
441 443 444 621 1109 1110 1279 
9 
441 442 444 624 685 1109 1110 1111 1112 
5 
441 442 443 1109 1112 
9 
446 447 448 570 901 902 903 904 1776 
7 
445 447 448 902 903 1775 1776 
4 
445 446 448 903 
8 
445 446 447 570 571 903 904 1506 
3 
450 451 452 
3 
449 451 452 
3 
449 450 452 
3 
449 450 451 
5 
286 287 454 455 456 
3 
453 455 456 
4 
453 454 456 582 
6 
287 453 454 455 581 582 
7 
458 459 460 591 873 1965 1968 
9 
457 459 460 873 874 1965 1966 1967 1968 
9 
457 458 460 873 874 875 876 1967 1968 
6 
457 458 459 873 876 1968 
11 
462 463 464 997 998 1153 1156 1361 1362 1363 1364 
10 
461 463 464 998 1153 1154 1155 1156 1362 1363 
9 
461 462 464 998 999 1155 1156 1363 1662 
12 
461 462 463 997 998 999 1000 1156 1363 1364 1661 1662 
4 
466 467 468 1371 
6 
44 465 467 468 1481 1484 
4 
465 466 468 1484 
3 
465 466 467 
4 
470 471 472 1112 
7 
469 471 472 685 688 1111 1112 
4 
469 470 472 688 
3 
469 470 471 
6 
221 224 474 475 476 1348 
10 
221 222 223 224 473 475 476 524 1347 1348 
5 
223 224 473 474 476 
4 
224 473 474 475 
3 
478 479 480 
4 
477 479 480 1252 
3 
477 478 480 
3 
477 478 479 
6 
149 482 483 484 863 1951 
6 
149 150 481 483 484 1072 
8 
149 150 151 152 481 482 484 805 
5 
149 152 481 482 483 
5 
486 487 488 559 560 
4 
485 487 488 559 
4 
485 486 488 1934 
5 
485 486 487 1933 1934 
7 
490 491 492 1549 1550 1551 1552 
5 
489 491 492 1550 1551 
4 
489 490 492 1551 
5 
489 490 491 1551 1552 
6 
278 279 494 495 496 1434 
4 
292 493 495 496 
6 
93 146 493 494 496 1345 
8 
145 146 279 493 494 495 906 1435 
3 
498 499 500 
3 
497 499 500 
5 
497 498 500 1945 1946 
4 
497 498 499 1945 
3 
502 503 504 
3 
501 503 504 
3 
501 502 504 
3 
501 502 503 
5 
506 507 508 1269 1270 
4 
505 507 508 1270 
5 
505 506 508 1270 1271 
7 
505 506 507 1269 1270 1271 1272 
3 
510 511 512 
3 
509 511 512 
3 
509 510 512 
3 
509 510 511 
4 
514 515 516 1369 
6 
513 515 516 792 1369 1370 
7 
513 514 516 1369 1370 1371 1372 
5 
513 514 515 1369 1372 
5 
518 519 520 1529 1532 
8 
517 519 520 1045 1529 1530 1531 1532 
7 
517 518 520 1045 1048 1531 1532 
4 
517 518 519 1532 
11 
96 147 221 222 522 523 524 1345 1346 1347 1348 
10 
95 96 222 521 523 524 1346 1347 1497 1500 
7 
222 223 521 522 524 1347 1500 
10 
221 222 223 224 474 521 522 523 1347 1348 
7 
421 422 423 424 526 527 528 
5 
422 423 525 527 528 
6 
423 525 526 528 1461 1937 
5 
423 424 525 526 527 
4 
530 531 532 1429 
9 
529 531 532 1029 1032 1125 1429 1430 1812 
10 
529 530 532 1032 1125 1128 1429 1430 1431 1432 
6 
529 530 531 1429 1432 1646 
5 
534 535 536 735 736 
5 
533 535 536 677 735 
8 
533 534 536 677 680 1222 1781 1782 
6 
533 534 535 1221 1222 1781 
6 
538 539 540 954 955 1975 
5 
537 539 540 629 632 
4 
537 538 540 632 
4 
537 538 539 955 
3 
542 543 544 
4 
541 543 544 1877 
5 
541 542 544 1877 1880 
3 
541 542 543 
3 
546 547 548 
4 
545 547 548 1844 
3 
545 546 548 
3 
545 546 547 
5 
550 551 552 1453 1454 
6 
549 551 552 1454 1493 1496 
6 
549 550 552 1454 1455 1496 
7 
549 550 551 1453 1454 1455 1456 
6 
554 555 556 802 1233 1236 
8 
553 555 556 849 1233 1234 1235 1236 
10 
86 553 554 556 849 852 1235 1236 1749 1750 
9 
85 86 553 554 555 802 803 1236 1749 
4 
558 559 560 704 
5 
557 559 560 703 704 
5 
485 486 557 558 560 
4 
485 557 558 559 
3 
562 563 564 
3 
561 563 564 
3 
561 562 564 
3 
561 562 563 
9 
566 567 568 659 660 1189 1190 1191 1192 
6 
565 567 568 659 1190 1191 
4 
565 566 568 1191 
5 
565 566 567 1191 1192 
4 
570 571 572 1505 
9 
445 448 569 571 572 904 1505 1506 1776 
8 
448 569 570 572 1505 1506 1507 1508 
5 
569 570 571 1505 1508 
3 
574 575 576 
6 
573 575 576 673 676 1096 
4 
573 574 576 676 
3 
573 574 575 
4 
250 578 579 580 
3 
577 579 580 
5 
577 578 580 1073 1669 
5 
250 251 577 578 579 
6 
456 582 583 584 809 810 
6 
455 456 581 583 584 810 
7 
581 582 584 810 811 813 814 
9 
581 582 583 742 809 810 811 812 813 
3 
586 587 588 
4 
585 587 588 1065 
4 
585 586 588 1068 
4 
585 586 587 1274 
3 
590 591 592 
5 
589 591 592 1232 1965 
6 
457 589 590 592 1965 1968 
3 
589 590 591 
5 
594 595 596 1590 1703 
3 
593 595 596 
3 
593 594 596 
5 
593 594 595 1590 1591 
4 
598 599 600 1542 
3 
597 599 600 
3 
597 598 600 
5 
597 598 599 1542 1543 
5 
321 322 602 603 604 
6 
17 20 322 601 603 604 
7 
20 57 322 323 601 602 604 
7 
321 322 323 324 601 602 603 
4 
606 607 608 1476 
7 
212 605 607 608 1469 1475 1476 
5 
605 606 608 1469 1472 
3 
605 606 607 
3 
610 611 612 
3 
609 611 612 
3 
609 610 612 
3 
609 610 611 
5 
128 614 615 616 878 
5 
127 128 613 615 616 
3 
613 614 616 
5 
613 614 615 878 879 
4 
618 619 620 1495 
3 
617 619 620 
3 
617 618 620 
3 
617 618 619 
5 
442 622 623 624 1110 
3 
621 623 624 
5 
621 622 624 686 1621 
8 
443 621 622 623 685 686 1110 1111 
8 
626 627 628 1405 1406 1407 1408 1871 
6 
625 627 628 1406 1407 1653 
5 
625 626 628 1407 1656 
5 
625 626 627 1407 1408 
6 
431 432 538 630 631 632 
4 
431 629 631 632 
3 
629 630 632 
5 
538 539 629 630 631 
3 
634 635 636 
3 
633 635 636 
4 
633 634 636 1189 
3 
633 634 635 
5 
638 639 640 793 794 
4 
637 639 640 794 
4 
637 638 640 795 
5 
637 638 639 795 796 
4 
642 643 644 1209 
7 
641 643 644 725 728 1209 1210 
8 
641 642 644 728 1209 1210 1211 1212 
5 
641 642 643 1209 1212 
4 
646 647 648 778 
3 
645 647 648 
3 
645 646 648 
5 
645 646 647 778 779 
5 
650 651 652 1539 1540 
4 
649 651 652 1539 
3 
649 650 652 
3 
649 650 651 
7 
654 655 656 1349 1350 1351 1352 
6 
653 655 656 1085 1350 1351 
6 
653 654 656 1085 1088 1351 
5 
653 654 655 1351 1352 
5 
658 659 660 1189 1190 
4 
657 659 660 1190 
7 
565 566 657 658 660 1190 1191 
8 
565 657 658 659 1189 1190 1191 1192 
3 
662 663 664 
3 
661 663 664 
3 
661 662 664 
3 
661 662 663 
3 
666 667 668 
3 
665 667 668 
3 
665 666 668 
4 
665 666 667 1766 
5 
670 671 672 1882 1883 
3 
669 671 672 
3 
669 670 672 
4 
669 670 671 1883 
8 
574 674 675 676 1095 1096 1355 1356 
5 
673 675 676 1095 1355 
3 
673 674 676 
5 
574 575 673 674 675 
8 
534 535 678 679 680 1222 1781 1782 
4 
677 679 680 1782 
5 
677 678 680 1782 1783 
10 
535 677 678 679 1222 1223 1781 1782 1783 1784 
3 
682 683 684 
3 
681 683 684 
3 
681 682 684 
3 
681 682 683 
7 
443 470 624 686 687 688 1111 
7 
623 624 685 687 688 1621 1624 
4 
685 686 688 1624 
5 
470 471 685 686 687 
10 
162 173 176 690 691 692 890 891 1743 1744 
8 
173 174 175 176 689 691 692 1743 
5 
175 176 689 690 692 
6 
163 176 689 690 691 891 
3 
694 695 696 
3 
693 695 696 
3 
693 694 696 
3 
693 694 695 
8 
698 699 700 1074 1075 1670 1671 1928 
6 
697 699 700 1321 1927 1928 
5 
697 698 700 1254 1324 
8 
697 698 699 1075 1253 1254 1438 1671 
5 
702 703 704 1419 1420 
4 
701 703 704 1419 
4 
558 701 702 704 
5 
557 558 701 702 703 
7 
706 707 708 1005 1008 1159 1378 
8 
112 705 707 708 1005 1006 1007 1008 
5 
705 706 708 1007 1008 
7 
705 706 707 770 1008 1378 1379 
3 
710 711 712 
3 
709 711 712 
6 
709 710 712 746 865 866 
6 
709 710 711 745 746 865 
3 
714 715 716 
3 
713 715 716 
3 
713 714 716 
3 
713 714 715 
3 
718 719 720 
5 
405 408 717 719 720 
4 
408 717 718 720 
3 
717 718 719 
3 
722 723 724 
3 
721 723 724 
5 
721 722 724 1637 1638 
4 
721 722 723 1637 
7 
642 726 727 728 1104 1203 1210 
5 
725 727 728 1103 1104 
5 
725 726 728 1245 1246 
8 
642 643 725 726 727 1210 1211 1245 
3 
730 731 732 
3 
729 731 732 
3 
729 730 732 
3 
729 730 731 
6 
264 734 735 736 1654 1655 
5 
263 264 733 735 736 
5 
533 534 733 734 736 
5 
533 733 734 735 1655 
8 
170 171 738 739 740 791 817 820 
7 
737 739 740 817 818 819 820 
7 
41 42 737 738 740 819 820 
6 
41 171 737 738 739 820 
3 
742 743 744 
5 
584 741 743 744 812 
3 
741 742 744 
3 
741 742 743 
5 
712 746 747 748 865 
7 
711 712 745 747 748 865 866 
5 
745 746 748 867 868 
4 
745 746 747 868 
4 
750 751 752 1686 
3 
749 751 752 
3 
749 750 752 
5 
749 750 751 1686 1687 
3 
754 755 756 
5 
196 753 755 756 1108 
5 
753 754 756 1925 1926 
4 
753 754 755 1925 
3 
758 759 760 
3 
757 759 760 
5 
757 758 760 1909 1910 
4 
757 758 759 1909 
3 
762 763 764 
3 
761 763 764 
3 
761 762 764 
3 
761 762 763 
5 
766 767 768 1969 1972 
7 
765 767 768 1969 1970 1971 1972 
5 
765 766 768 1971 1972 
4 
765 766 767 1972 
9 
770 771 772 949 950 1377 1378 1379 1380 
7 
708 769 771 772 950 1378 1379 
8 
210 769 770 772 950 951 1379 1474 
13 
209 210 769 770 771 949 950 951 952 1379 1380 1473 1474 
6 
774 775 776 883 884 1961 
6 
773 775 776 883 1961 1962 
5 
773 774 776 1963 1964 
4 
773 774 775 1964 
3 
778 779 780 
5 
645 648 777 779 780 
6 
345 346 648 777 778 780 
4 
345 777 778 779 
3 
782 783 784 
3 
781 783 784 
4 
781 782 784 1682 
6 
342 781 782 783 1681 1682 
5 
786 787 788 1081 1084 
7 
785 787 788 1081 1082 1083 1084 
7 
785 786 788 1083 1084 1697 1918 
6 
785 786 787 1084 1917 1918 
5 
790 791 792 1457 1460 
9 
789 791 792 1441 1444 1457 1458 1459 1460 
10 
169 170 737 789 790 792 817 1444 1459 1460 
6 
169 514 789 790 791 1460 
4 
637 794 795 796 
5 
637 638 793 795 796 
5 
639 640 793 794 796 
4 
640 793 794 795 
10 
67 68 271 798 799 800 896 1259 1999 2000 
7 
67 797 799 800 895 896 1999 
3 
797 798 800 
3 
797 798 799 
4 
802 803 804 1583 
6 
553 556 801 803 804 1749 
9 
85 86 556 801 802 804 1749 1752 1990 
6 
85 801 802 803 1989 1990 
6 
151 152 483 806 807 808 
4 
151 805 807 808 
3 
805 806 808 
3 
805 806 807 
5 
581 584 810 811 812 
7 
581 582 583 584 809 811 812 
7 
583 584 809 810 812 813 814 
6 
584 742 809 810 811 813 
7 
583 584 811 812 814 815 816 
5 
583 811 813 815 816 
3 
813 814 816 
3 
813 814 815 
7 
170 737 738 791 818 819 820 
4 
738 817 819 820 
7 
41 42 738 739 817 818 820 
9 
41 171 737 738 739 740 817 818 819 
9 
822 823 824 981 982 983 984 1753 1754 
6 
821 823 824 982 983 1754 
6 
821 822 824 983 1754 1755 
9 
821 822 823 983 984 1753 1754 1755 1756 
3 
826 827 828 
3 
825 827 828 
4 
825 826 828 1418 
5 
825 826 827 1417 1418 
3 
830 831 832 
6 
280 829 831 832 1433 1436 
5 
829 830 832 905 1436 
3 
829 830 831 
3 
834 835 836 
4 
113 833 835 836 
5 
113 116 833 834 836 
3 
833 834 835 
6 
838 839 840 1478 1479 1818 
3 
837 839 840 
3 
837 838 840 
8 
837 838 839 986 1358 1479 1818 1819 
8 
17 18 19 20 842 843 844 969 
7 
18 19 841 843 844 969 970 
8 
19 841 842 844 969 970 971 972 
8 
19 20 58 841 842 843 969 972 
5 
846 847 848 1067 1410 
3 
845 847 848 
5 
413 414 845 846 848 
6 
413 845 846 847 1410 1411 
10 
554 555 850 851 852 1233 1234 1235 1236 1750 
6 
849 851 852 1001 1234 1235 
5 
849 850 852 1004 1235 
8 
555 849 850 851 1235 1236 1750 1751 
5 
141 142 854 855 856 
4 
142 853 855 856 
4 
143 853 854 856 
5 
143 144 853 854 855 
8 
185 188 858 859 860 1266 1267 1619 
9 
185 186 187 188 857 859 860 1625 1660 
8 
187 188 338 857 858 860 1625 1628 
7 
188 337 338 857 858 859 1267 
7 
862 863 864 1197 1200 1949 1952 
11 
861 863 864 1197 1198 1199 1200 1949 1950 1951 1952 
8 
481 861 862 864 1199 1200 1951 1952 
5 
861 862 863 1200 1952 
7 
711 712 745 746 866 867 868 
5 
711 746 865 867 868 
4 
747 865 866 868 
5 
747 748 865 866 867 
8 
50 870 871 872 1019 1020 1522 1523 
4 
869 871 872 1019 
3 
869 870 872 
6 
50 51 869 870 871 1523 
9 
457 458 459 460 874 875 876 1967 1968 
6 
458 459 873 875 876 1967 
4 
459 873 874 876 
5 
459 460 873 874 875 
3 
878 879 880 
5 
613 616 877 879 880 
4 
616 877 878 880 
3 
877 878 879 
3 
882 883 884 
3 
881 883 884 
7 
773 774 881 882 884 1961 1962 
5 
773 881 882 883 1961 
3 
886 887 888 
3 
885 887 888 
3 
885 886 888 
3 
885 886 887 
6 
161 162 890 891 892 1744 
9 
162 173 176 689 889 891 892 1743 1744 
8 
162 163 176 689 692 889 890 892 
7 
161 162 163 164 889 890 891 
6 
66 67 894 895 896 1998 
4 
893 895 896 1173 
7 
153 798 893 894 896 1173 1176 
7 
67 797 798 893 894 895 1999 
3 
898 899 900 
3 
897 899 900 
3 
897 898 900 
3 
897 898 899 
6 
445 902 903 904 1773 1776 
9 
445 446 901 903 904 1773 1774 1775 1776 
9 
445 446 447 448 901 902 904 1775 1776 
8 
445 448 570 901 902 903 1506 1776 
5 
831 906 907 908 1436 
8 
145 148 496 905 907 908 1435 1436 
4 
148 905 906 908 
3 
905 906 907 
4 
910 911 912 1129 
5 
909 911 912 1129 1130 
10 
266 909 910 912 1129 1130 1131 1132 1213 1214 
8 
265 266 909 910 911 1129 1132 1213 
11 
401 402 914 915 916 1237 1238 1239 1240 1729 1730 
7 
402 913 915 916 1238 1239 1730 
8 
402 403 913 914 916 1239 1730 1731 
13 
401 402 403 404 913 914 915 1239 1240 1729 1730 1731 1732 
8 
918 919 920 989 990 991 992 1560 
7 
917 919 920 990 991 1559 1560 
4 
917 918 920 991 
5 
917 918 919 991 992 
5 
414 415 922 923 924 
5 
921 923 924 1613 1616 
4 
921 922 924 1616 
4 
415 921 922 923 
9 
133 134 135 136 926 927 928 1547 1548 
6 
134 135 925 927 928 1547 
4 
135 925 926 928 
5 
135 136 925 926 927 
3 
930 931 932 
3 
929 931 932 
3 
929 930 932 
3 
929 930 931 
5 
934 935 936 1905 1906 
4 
933 935 936 1906 
5 
933 934 936 1906 1907 
7 
933 934 935 1905 1906 1907 1908 
7 
9 303 938 939 940 967 968 
6 
9 10 937 939 940 967 
7 
9 10 11 12 937 938 940 
5 
9 12 937 938 939 
3 
942 943 944 
3 
941 943 944 
3 
941 942 944 
4 
274 941 942 943 
7 
53 54 55 56 946 947 948 
6 
54 55 945 947 948 1604 
7 
25 26 55 945 946 948 1086 
8 
25 55 56 945 946 947 1085 1086 
8 
209 769 772 950 951 952 1380 1473 
13 
209 210 769 770 771 772 949 951 952 1379 1380 1473 1474 
14 
209 210 211 212 325 771 772 949 950 952 1473 1474 1475 1476 
8 
209 212 772 949 950 951 1473 1476 
7 
954 955 956 1973 1974 1975 1976 
7 
432 537 953 955 956 1974 1975 
6 
537 540 953 954 956 1975 
5 
953 954 955 1975 1976 
4 
958 959 960 1677 
6 
957 959 960 1609 1677 1678 
11 
417 418 957 958 960 1609 1612 1677 1678 1679 1680 
6 
417 957 958 959 1677 1680 
6 
962 963 964 1796 1910 1911 
6 
348 961 963 964 1795 1796 
4 
961 962 964 1873 
4 
961 962 963 1911 
7 
301 302 303 304 966 967 968 
5 
302 303 965 967 968 
8 
9 10 303 937 938 965 966 968 
7 
9 303 304 937 965 966 967 
9 
19 58 841 842 843 844 970 971 972 
5 
842 843 969 971 972 
5 
249 843 969 970 972 
7 
58 59 843 844 969 970 971 
3 
974 975 976 
4 
973 975 976 1172 
4 
973 974 976 1885 
3 
973 974 975 
4 
978 979 980 1664 
5 
977 979 980 1663 1664 
3 
977 978 980 
3 
977 978 979 
6 
821 982 983 984 1753 1754 
6 
821 822 981 983 984 1754 
9 
821 822 823 824 981 982 984 1754 1755 
9 
821 824 981 982 983 1753 1754 1755 1756 
11 
986 987 988 1357 1358 1480 1611 1817 1818 1819 1820 
9 
840 985 987 988 1358 1479 1480 1818 1819 
6 
985 986 988 1358 1359 1819 
9 
985 986 987 1357 1358 1359 1360 1819 1820 
5 
917 990 991 992 1327 
7 
917 918 989 991 992 1557 1560 
8 
917 918 919 920 989 990 992 1560 
5 
917 920 989 990 991 
3 
994 995 996 
3 
993 995 996 
3 
993 994 996 
3 
993 994 995 
10 
461 464 998 999 1000 1153 1156 1363 1364 1661 
14 
461 462 463 464 997 999 1000 1153 1154 1155 1156 1363 1661 1662 
11 
463 464 997 998 1000 1155 1156 1661 1662 1663 1664 
7 
464 997 998 999 1156 1661 1664 
4 
850 1002 1003 1004 
5 
309 312 1001 1003 1004 
7 
157 158 312 1001 1002 1004 1889 
5 
157 851 1001 1002 1003 
7 
705 706 1006 1007 1008 1158 1159 
6 
112 316 706 1005 1007 1008 
5 
706 707 1005 1006 1008 
9 
705 706 707 708 1005 1006 1007 1159 1378 
3 
1010 1011 1012 
3 
1009 1011 1012 
5 
1009 1010 1012 1225 1902 
5 
1009 1010 1011 1901 1902 
3 
1014 1015 1016 
4 
161 1013 1015 1016 
5 
161 164 1013 1014 1016 
3 
1013 1014 1015 
3 
1018 1019 1020 
4 
1017 1019 1020 1804 
6 
869 870 1017 1018 1020 1522 
6 
869 1017 1018 1019 1521 1522 
4 
1022 1023 1024 1332 
7 
1021 1023 1024 1331 1332 1797 1800 
4 
1021 1022 1024 1800 
3 
1021 1022 1023 
5 
183 184 1026 1027 1028 
4 
183 1025 1027 1028 
4 
1025 1026 1028 1458 
5 
1025 1026 1027 1457 1458 
8 
530 1030 1031 1032 1809 1810 1811 1812 
5 
1029 1031 1032 1810 1811 
5 
1029 1030 1032 1126 1811 
10 
530 531 1029 1030 1031 1125 1126 1430 1811 1812 
9 
201 202 203 204 1034 1035 1036 1113 1984 
9 
202 203 1033 1035 1036 1113 1114 1983 1984 
8 
203 1033 1034 1036 1113 1114 1115 1116 
7 
203 204 1033 1034 1035 1113 1116 
3 
1038 1039 1040 
3 
1037 1039 1040 
5 
1037 1038 1040 1713 1714 
4 
1037 1038 1039 1713 
5 
1042 1043 1044 1102 1563 
4 
1041 1043 1044 1733 
5 
1041 1042 1044 1733 1736 
5 
1041 1042 1043 1102 1103 
7 
518 519 1046 1047 1048 1531 1532 
4 
1045 1047 1048 1531 
3 
1045 1046 1048 
4 
519 1045 1046 1047 
5 
1050 1051 1052 1634 1635 
4 
1049 1051 1052 1365 
4 
1049 1050 1052 1368 
5 
118 1049 1050 1051 1635 
3 
1054 1055 1056 
3 
1053 1055 1056 
4 
254 1053 1054 1056 
5 
253 254 1053 1054 1055 
3 
1058 1059 1060 
5 
1057 1059 1060 1909 1912 
6 
1057 1058 1060 1673 1674 1912 
4 
1057 1058 1059 1673 
6 
347 348 1062 1063 1064 1795 
4 
347 1061 1063 1064 
4 
1061 1062 1064 1874 
5 
1061 1062 1063 1873 1874 
4 
586 1066 1067 1068 
3 
1065 1067 1068 
4 
845 1065 1066 1068 
4 
587 1065 1066 1067 
4 
1070 1071 1072 1848 
5 
1069 1071 1072 1847 1848 
3 
1069 1070 1072 
5 
150 482 1069 1070 1071 
6 
579 1074 1075 1076 1669 1672 
10 
697 1073 1075 1076 1669 1670 1671 1672 1925 1928 
8 
697 700 1073 1074 1076 1671 1672 1928 
5 
1073 1074 1075 1242 1672 
3 
1078 1079 1080 
3 
1077 1079 1080 
4 
102 1077 1078 1080 
5 
101 102 1077 1078 1079 
6 
785 786 1082 1083 1084 1227 
4 
786 1081 1083 1084 
8 
73 786 787 1081 1082 1084 1697 1698 
8 
785 786 787 788 1081 1082 1083 1697 
9 
56 654 655 948 1086 1087 1088 1350 1351 
8 
25 55 56 947 948 1085 1087 1088 
5 
25 28 1085 1086 1088 
5 
655 1085 1086 1087 1351 
4 
1090 1091 1092 1828 
5 
1089 1091 1092 1827 1828 
4 
1089 1090 1092 1570 
6 
1089 1090 1091 1569 1570 1786 
5 
1094 1095 1096 1353 1356 
5 
1093 1095 1096 1354 1355 
6 
673 674 1093 1094 1096 1355 
6 
574 673 1093 1094 1095 1356 
8 
344 1098 1099 1100 1193 1194 1317 1318 
9 
343 344 1097 1099 1100 1194 1318 1681 1684 
8 
1097 1098 1100 1194 1195 1318 1319 1684 
11 
1097 1098 1099 1193 1194 1195 1196 1317 1318 1319 1320 
7 
1102 1103 1104 1399 1563 1564 1923 
6 
1041 1044 1101 1103 1104 1563 
5 
726 1044 1101 1102 1104 
5 
725 726 1101 1102 1103 
4 
193 1106 1107 1108 
9 
193 194 1105 1107 1108 1301 1304 1649 1652 
10 
193 194 195 196 1105 1106 1108 1304 1652 1777 
6 
193 196 754 1105 1106 1107 
8 
441 442 443 444 1110 1111 1112 1279 
7 
442 443 621 624 1109 1111 1112 
7 
443 470 624 685 1109 1110 1112 
7 
443 444 469 470 1109 1110 1111 
11 
201 202 203 204 1033 1034 1035 1036 1114 1115 1116 
7 
202 203 1034 1035 1113 1115 1116 
5 
203 1035 1113 1114 1116 
7 
203 204 1035 1036 1113 1114 1115 
3 
1118 1119 1120 
3 
1117 1119 1120 
3 
1117 1118 1120 
3 
1117 1118 1119 
7 
46 47 138 139 1122 1123 1124 
3 
1121 1123 1124 
4 
1121 1122 1124 1594 
7 
47 139 1121 1122 1123 1593 1594 
8 
530 531 1032 1126 1127 1128 1430 1812 
7 
1031 1032 1125 1127 1128 1811 1812 
3 
1125 1126 1128 
6 
531 1125 1126 1127 1430 1431 
7 
909 910 911 912 1130 1131 1132 
5 
910 911 1129 1131 1132 
7 
266 911 1129 1130 1132 1213 1214 
8 
265 266 911 912 1129 1130 1131 1213 
5 
1134 1135 1136 1271 1272 
4 
1133 1135 1136 1271 
3 
1133 1134 1136 
4 
1133 1134 1135 1858 
10 
177 178 179 180 1138 1139 1140 1451 1452 1562 
6 
178 179 1137 1139 1140 1451 
4 
179 1137 1138 1140 
7 
179 180 1137 1138 1139 1562 1563 
7 
1142 1143 1144 1401 1402 1403 1404 
5 
1141 1143 1144 1402 1403 
4 
1141 1142 1144 1403 
5 
1141 1142 1143 1403 1404 
3 
1146 1147 1148 
5 
225 228 1145 1147 1148 
4 
228 1145 1146 1148 
3 
1145 1146 1147 
3 
1150 1151 1152 
3 
1149 1151 1152 
3 
1149 1150 1152 
3 
1149 1150 1151 
9 
461 462 997 998 1154 1155 1156 1362 1363 
5 
462 998 1153 1155 1156 
8 
462 463 998 999 1153 1154 1156 1662 
14 
461 462 463 464 997 998 999 1000 1153 1154 1155 1363 1661 1662 
3 
1158 1159 1160 
4 
1005 1157 1159 1160 
6 
705 1005 1008 1157 1158 1160 
3 
1157 1158 1159 
3 
1162 1163 1164 
3 
1161 1163 1164 
4 
77 1161 1162 1164 
4 
1161 1162 1163 1426 
3 
1166 1167 1168 
3 
1165 1167 1168 
3 
1165 1166 1168 
3 
1165 1166 1167 
3 
1170 1171 1172 
4 
1169 1171 1172 1944 
4 
1169 1170 1172 1273 
4 
974 1169 1170 1171 
5 
894 895 1174 1175 1176 
3 
1173 1175 1176 
4 
154 1173 1174 1176 
6 
153 154 895 1173 1174 1175 
7 
1178 1179 1180 1306 1307 1585 1588 
7 
1177 1179 1180 1585 1586 1587 1588 
5 
1177 1178 1180 1587 1588 
5 
1177 1178 1179 1307 1588 
4 
1182 1183 1184 1987 
3 
1181 1183 1184 
3 
1181 1182 1184 
3 
1181 1182 1183 
9 
1186 1187 1188 1641 1642 1643 1644 1761 1762 
6 
1185 1187 1188 1642 1643 1762 
5 
1185 1186 1188 1643 1763 
7 
1185 1186 1187 1643 1644 1763 1764 
7 
565 635 657 660 1190 1191 1192 
9 
565 566 657 658 659 660 1189 1191 1192 
9 
565 566 567 568 659 660 1189 1190 1192 
6 
565 568 660 1189 1190 1191 
6 
1097 1100 1194 1195 1196 1317 
10 
344 1097 1098 1099 1100 1193 1195 1196 1317 1318 
10 
1099 1100 1193 1194 1196 1317 1318 1319 1320 1710 
9 
358 1100 1193 1194 1195 1317 1320 1709 1710 
7 
861 862 1198 1199 1200 1949 1950 
5 
862 1197 1199 1200 1950 
7 
862 863 1197 1198 1200 1950 1951 
11 
861 862 863 864 1197 1198 1199 1949 1950 1951 1952 
10 
1202 1203 1204 1208 1321 1322 1323 1324 1400 1927 
10 
1201 1203 1204 1207 1208 1322 1323 1399 1400 1924 
5 
725 1201 1202 1204 1323 
5 
1201 1202 1203 1323 1324 
11 
1206 1207 1208 1321 1322 1397 1400 1921 1924 1926 1927 
14 
1205 1207 1208 1322 1397 1398 1399 1400 1561 1564 1921 1922 1923 1924 
11 
1202 1205 1206 1208 1322 1323 1399 1400 1564 1923 1924 
12 
1201 1202 1205 1206 1207 1321 1322 1323 1324 1400 1924 1927 
7 
641 642 643 644 1210 1211 1212 
7 
642 643 725 728 1209 1211 1212 
5 
643 728 1209 1210 1212 
5 
643 644 1209 1210 1211 
9 
265 266 911 912 1131 1132 1214 1215 1216 
6 
266 911 1131 1213 1215 1216 
4 
267 1213 1214 1216 
5 
267 268 1213 1214 1215 
3 
1218 1219 1220 
4 
1217 1219 1220 1416 
3 
1217 1218 1220 
3 
1217 1218 1219 
5 
536 1222 1223 1224 1226 
9 
535 536 677 680 1221 1223 1224 1781 1784 
5 
680 1221 1222 1224 1784 
5 
1221 1222 1223 1226 1227 
4 
1011 1226 1227 1228 
5 
1221 1224 1225 1227 1228 
5 
1081 1224 1225 1226 1228 
3 
1225 1226 1227 
7 
88 1230 1231 1232 1385 1991 1992 
8 
87 88 1229 1231 1232 1385 1386 1991 
5 
1229 1230 1232 1387 1388 
5 
590 1229 1230 1231 1388 
7 
387 553 554 849 1234 1235 1236 
6 
554 849 850 1233 1235 1236 
10 
554 555 849 850 851 852 1233 1234 1236 1750 
12 
86 553 554 555 556 849 852 1233 1234 1235 1749 1750 
5 
401 913 1238 1239 1240 
7 
401 402 913 914 1237 1239 1240 
13 
401 402 403 404 913 914 915 916 1237 1238 1240 1729 1730 
8 
401 404 913 916 1237 1238 1239 1729 
4 
122 1242 1243 1244 
6 
1076 1241 1243 1244 1437 1672 
5 
1241 1242 1244 1437 1440 
5 
122 123 1241 1242 1243 
5 
727 728 1246 1247 1248 
4 
727 1245 1247 1248 
4 
238 1245 1246 1248 
5 
237 238 1245 1246 1247 
7 
281 284 1250 1251 1252 1979 1980 
8 
281 282 283 284 1249 1251 1252 1979 
5 
283 284 1249 1250 1252 
5 
284 478 1249 1250 1251 
6 
700 1254 1255 1256 1437 1438 
6 
699 700 1253 1255 1256 1438 
4 
1253 1254 1256 1439 
5 
1253 1254 1255 1439 1440 
5 
269 272 1258 1259 1260 
10 
65 68 269 270 271 272 1257 1259 1260 1997 
8 
68 271 272 797 1257 1258 1260 2000 
5 
272 386 1257 1258 1259 
3 
1262 1263 1264 
5 
353 356 1261 1263 1264 
5 
37 356 1261 1262 1264 
3 
1261 1262 1263 
7 
1266 1267 1268 1617 1618 1619 1620 
8 
185 188 857 1265 1267 1268 1618 1619 
7 
188 857 860 1265 1266 1268 1619 
5 
1265 1266 1267 1619 1620 
5 
505 508 1270 1271 1272 
7 
505 506 507 508 1269 1271 1272 
7 
507 508 1133 1134 1269 1270 1272 
5 
508 1133 1269 1270 1271 
5 
1171 1274 1275 1276 1886 
4 
588 1273 1275 1276 
4 
1273 1274 1276 1409 
5 
1273 1274 1275 1886 1887 
3 
1278 1279 1280 
3 
1277 1279 1280 
6 
441 442 1109 1277 1278 1280 
4 
441 1277 1278 1279 
4 
332 1282 1283 1284 
6 
331 332 368 1281 1283 1284 
3 
1281 1282 1284 
3 
1281 1282 1283 
8 
25 26 27 28 1286 1287 1288 1666 
7 
26 27 1285 1287 1288 1573 1576 
7 
27 1285 1286 1288 1576 1973 1974 
8 
27 28 1285 1286 1287 1666 1667 1973 
7 
290 291 294 295 1290 1291 1292 
7 
1289 1291 1292 1341 1344 1605 1608 
5 
1289 1290 1292 1344 1608 
5 
291 295 1289 1290 1291 
3 
1294 1295 1296 
3 
1293 1295 1296 
3 
1293 1294 1296 
3 
1293 1294 1295 
4 
1298 1299 1300 1577 
5 
1297 1299 1300 1577 1578 
5 
1297 1298 1300 1579 1580 
4 
1297 1298 1299 1580 
9 
194 1106 1302 1303 1304 1649 1650 1651 1652 
6 
384 1301 1303 1304 1650 1651 
5 
1301 1302 1304 1381 1651 
9 
194 195 1106 1107 1301 1302 1303 1651 1652 
4 
130 1306 1307 1308 
4 
1177 1305 1307 1308 
5 
1177 1180 1305 1306 1308 
5 
130 131 1305 1306 1307 
6 
199 200 1310 1311 1312 1466 
4 
199 1309 1311 1312 
3 
1309 1310 1312 
5 
1309 1310 1311 1466 1467 
4 
1314 1315 1316 1468 
5 
1313 1315 1316 1467 1468 
4 
1313 1314 1316 1446 
5 
1313 1314 1315 1445 1446 
9 
1097 1100 1193 1194 1195 1196 1318 1319 1320 
10 
344 1097 1098 1099 1100 1194 1195 1317 1319 1320 
7 
1099 1100 1195 1317 1318 1320 1710 
8 
1100 1195 1196 1317 1318 1319 1709 1710 
10 
698 1201 1205 1208 1322 1323 1324 1397 1400 1927 
15 
1201 1202 1205 1206 1207 1208 1321 1323 1324 1397 1398 1399 1400 1921 1924 
12 
1201 1202 1203 1204 1207 1208 1321 1322 1324 1399 1400 1924 
8 
699 1201 1204 1208 1321 1322 1323 1400 
4 
1326 1327 1328 1863 
3 
1325 1327 1328 
4 
989 1325 1326 1328 
3 
1325 1326 1327 
3 
1330 1331 1332 
3 
1329 1331 1332 
5 
1022 1329 1330 1332 1797 
5 
1021 1022 1329 1330 1331 
4 
1334 1335 1336 1711 
4 
184 1333 1335 1336 
3 
1333 1334 1336 
3 
1333 1334 1335 
6 
13 14 1338 1339 1340 1855 
6 
14 1337 1339 1340 1985 1988 
8 
14 15 1337 1338 1340 1821 1822 1988 
9 
13 14 15 16 438 1337 1338 1339 1821 
8 
1290 1342 1343 1344 1605 1606 1607 1608 
5 
1341 1343 1344 1606 1607 
4 
1341 1342 1344 1607 
7 
1290 1291 1341 1342 1343 1607 1608 
9 
93 96 146 147 495 521 1346 1347 1348 
10 
93 94 95 96 521 522 1345 1347 1348 1497 
14 
95 96 221 222 474 521 522 523 524 1345 1346 1348 1497 1500 
10 
96 147 221 473 474 521 524 1345 1346 1347 
4 
653 1350 1351 1352 
6 
653 654 1085 1349 1351 1352 
9 
653 654 655 656 1085 1088 1349 1350 1352 
5 
653 656 1349 1350 1351 
4 
1093 1354 1355 1356 
4 
1094 1353 1355 1356 
7 
673 674 1094 1095 1353 1354 1356 
6 
673 1093 1096 1353 1354 1355 
13 
419 985 988 1358 1359 1360 1480 1611 1612 1817 1818 1819 1820 
13 
840 985 986 987 988 1357 1359 1360 1479 1480 1611 1818 1819 
6 
987 988 1357 1358 1360 1819 
6 
988 1357 1358 1359 1819 1820 
4 
461 1362 1363 1364 
6 
461 462 1153 1361 1363 1364 
13 
461 462 463 464 997 998 1153 1156 1361 1362 1364 1661 1662 
7 
461 464 997 1361 1362 1363 1661 
4 
1050 1366 1367 1368 
3 
1365 1367 1368 
4 
1365 1366 1368 1837 
4 
1051 1365 1366 1367 
7 
513 514 515 516 1370 1371 1372 
6 
172 514 515 1369 1371 1372 
5 
465 515 1369 1370 1372 
5 
515 516 1369 1370 1371 
3 
1374 1375 1376 
3 
1373 1375 1376 
3 
1373 1374 1376 
3 
1373 1374 1375 
4 
769 1378 1379 1380 
8 
705 708 769 770 1008 1377 1379 1380 
9 
708 769 770 771 772 950 1377 1378 1380 
7 
769 772 949 950 1377 1378 1379 
5 
1303 1382 1383 1384 1651 
3 
1381 1383 1384 
4 
1381 1382 1384 1449 
4 
1381 1382 1383 1778 
8 
87 88 1229 1230 1386 1387 1388 1991 
5 
87 1230 1385 1387 1388 
4 
1231 1385 1386 1388 
5 
1231 1232 1385 1386 1387 
3 
1390 1391 1392 
5 
1389 1391 1392 1525 1528 
4 
1389 1390 1392 1528 
3 
1389 1390 1391 
7 
29 30 31 32 1394 1395 1396 
5 
30 31 1393 1395 1396 
5 
31 305 1393 1394 1396 
5 
31 32 1393 1394 1395 
8 
1205 1206 1321 1322 1398 1399 1400 1921 
8 
1206 1322 1397 1399 1400 1561 1921 1922 
15 
1101 1202 1206 1207 1322 1323 1397 1398 1400 1561 1564 1921 1922 1923 1924 
15 
1201 1202 1205 1206 1207 1208 1321 1322 1323 1324 1397 1398 1399 1921 1924 
4 
1141 1402 1403 1404 
5 
1141 1142 1401 1403 1404 
7 
1141 1142 1143 1144 1401 1402 1404 
5 
1141 1144 1401 1402 1403 
5 
625 1406 1407 1408 1871 
5 
625 626 1405 1407 1408 
7 
625 626 627 628 1405 1406 1408 
5 
625 628 1405 1406 1407 
4 
1275 1410 1411 1412 
5 
845 848 1409 1411 1412 
4 
848 1409 1410 1412 
3 
1409 1410 1411 
5 
1414 1415 1416 1627 1628 
4 
1413 1415 1416 1627 
3 
1413 1414 1416 
4 
1218 1413 1414 1415 
4 
828 1418 1419 1420 
5 
827 828 1417 1419 1420 
5 
701 702 1417 1418 1420 
4 
701 1417 1418 1419 
3 
1422 1423 1424 
3 
1421 1423 1424 
4 
1421 1422 1424 1830 
5 
1421 1422 1423 1829 1830 
3 
1426 1427 1428 
4 
1164 1425 1427 1428 
3 
1425 1426 1428 
3 
1425 1426 1427 
7 
529 530 531 532 1430 1431 1432 
8 
530 531 1032 1125 1128 1429 1431 1432 
5 
531 1128 1429 1430 1432 
6 
531 532 1429 1430 1431 1646 
8 
277 278 279 280 830 1434 1435 1436 
6 
278 279 493 1433 1435 1436 
8 
145 146 279 496 906 1433 1434 1436 
10 
145 279 280 830 831 905 906 1433 1434 1435 
6 
1242 1243 1253 1438 1439 1440 
6 
700 1253 1254 1437 1439 1440 
5 
1255 1256 1437 1438 1440 
5 
1243 1256 1437 1438 1439 
6 
790 1442 1443 1444 1458 1459 
3 
1441 1443 1444 
4 
170 1441 1442 1444 
8 
169 170 790 791 1441 1442 1443 1459 
4 
1316 1446 1447 1448 
5 
1315 1316 1445 1447 1448 
3 
1445 1446 1448 
3 
1445 1446 1447 
5 
177 1383 1450 1451 1452 
6 
177 178 440 1449 1451 1452 
9 
177 178 179 180 1137 1138 1449 1450 1452 
7 
177 180 1137 1449 1450 1451 1562 
5 
549 552 1454 1455 1456 
8 
549 550 551 552 1453 1455 1456 1496 
5 
551 552 1453 1454 1456 
4 
552 1453 1454 1455 
6 
789 790 1028 1458 1459 1460 
7 
790 1027 1028 1441 1457 1459 1460 
7 
790 791 1441 1444 1457 1458 1460 
7 
789 790 791 792 1457 1458 1459 
6 
423 527 1462 1463 1464 1937 
5 
1461 1463 1464 1937 1938 
8 
1461 1462 1464 1502 1937 1938 1939 1940 
7 
1461 1462 1463 1501 1502 1937 1940 
3 
1466 1467 1468 
5 
1309 1312 1465 1467 1468 
5 
1312 1314 1465 1466 1468 
5 
1313 1314 1465 1466 1467 
10 
211 212 328 606 607 1470 1471 1472 1475 1476 
7 
211 327 328 1469 1471 1472 1475 
3 
1469 1470 1472 
4 
607 1469 1470 1471 
9 
209 772 949 950 951 952 1474 1475 1476 
10 
209 210 325 771 772 950 951 1473 1475 1476 
11 
211 212 325 328 606 951 1469 1470 1473 1474 1476 
9 
212 605 606 951 952 1469 1473 1474 1475 
7 
1478 1479 1480 1610 1611 1817 1818 
5 
837 1477 1479 1480 1818 
9 
837 840 986 1358 1477 1478 1480 1818 1819 
12 
985 986 1357 1358 1477 1478 1479 1611 1817 1818 1819 1820 
9 
41 42 43 44 466 1482 1483 1484 1881 
7 
42 43 1481 1483 1484 1881 1882 
8 
43 1481 1482 1484 1881 1882 1883 1884 
9 
43 44 466 467 1481 1482 1483 1881 1884 
3 
1486 1487 1488 
3 
1485 1487 1488 
5 
1485 1486 1488 1685 1686 
4 
1485 1486 1487 1685 
3 
1490 1491 1492 
3 
1489 1491 1492 
4 
245 1489 1490 1492 
3 
1489 1490 1491 
5 
550 1494 1495 1496 1868 
5 
1493 1495 1496 1867 1868 
4 
617 1493 1494 1496 
6 
550 551 1454 1493 1494 1495 
10 
93 94 95 96 522 1346 1347 1498 1499 1500 
5 
94 95 1497 1499 1500 
4 
95 1497 1498 1500 
9 
95 96 222 522 523 1347 1497 1498 1499 
7 
234 1464 1502 1503 1504 1937 1940 
9 
1463 1464 1501 1503 1504 1937 1938 1939 1940 
6 
329 1501 1502 1504 1939 1940 
6 
234 235 1501 1502 1503 1940 
7 
569 570 571 572 1506 1507 1508 
7 
448 570 571 904 1505 1507 1508 
4 
571 1505 1506 1508 
5 
571 572 1505 1506 1507 
3 
1510 1511 1512 
3 
1509 1511 1512 
3 
1509 1510 1512 
3 
1509 1510 1511 
5 
1514 1515 1516 1941 1942 
4 
1513 1515 1516 1942 
5 
1513 1514 1516 1942 1943 
7 
1513 1514 1515 1941 1942 1943 1944 
3 
1518 1519 1520 
4 
1517 1519 1520 1601 
7 
53 54 1517 1518 1520 1601 1604 
4 
53 1517 1518 1519 
4 
1020 1522 1523 1524 
6 
869 1019 1020 1521 1523 1524 
6 
50 869 872 1521 1522 1524 
5 
49 50 1521 1522 1523 
4 
1390 1526 1527 1528 
3 
1525 1527 1528 
3 
1525 1526 1528 
5 
1390 1391 1525 1526 1527 
5 
517 518 1530 1531 1532 
4 
518 1529 1531 1532 
7 
518 519 1045 1046 1529 1530 1532 
8 
517 518 519 520 1045 1529 1530 1531 
3 
1534 1535 1536 
3 
1533 1535 1536 
5 
1533 1534 1536 1853 1854 
4 
1533 1534 1535 1853 
4 
1538 1539 1540 1904 
5 
1537 1539 1540 1903 1904 
5 
649 650 1537 1538 1540 
4 
649 1537 1538 1539 
3 
1542 1543 1544 
5 
597 600 1541 1543 1544 
5 
106 600 1541 1542 1544 
5 
105 106 1541 1542 1543 
3 
1546 1547 1548 
3 
1545 1547 1548 
7 
133 134 925 926 1545 1546 1548 
5 
133 925 1545 1546 1547 
4 
489 1550 1551 1552 
5 
489 490 1549 1551 1552 
7 
489 490 491 492 1549 1550 1552 
5 
489 492 1549 1550 1551 
3 
1554 1555 1556 
3 
1553 1555 1556 
3 
1553 1554 1556 
3 
1553 1554 1555 
4 
990 1558 1559 1560 
3 
1557 1559 1560 
4 
918 1557 1558 1560 
7 
917 918 990 991 1557 1558 1559 
8 
1206 1398 1399 1562 1563 1564 1922 1923 
7 
180 1137 1140 1452 1561 1563 1564 
7 
1041 1101 1102 1140 1561 1562 1564 
8 
1101 1206 1207 1399 1561 1562 1563 1923 
3 
1566 1567 1568 
3 
1565 1567 1568 
3 
1565 1566 1568 
3 
1565 1566 1567 
7 
433 1092 1570 1571 1572 1786 1787 
7 
433 434 1091 1092 1569 1571 1572 
7 
433 434 435 436 1569 1570 1572 
6 
433 436 1569 1570 1571 1787 
4 
1286 1574 1575 1576 
3 
1573 1575 1576 
3 
1573 1574 1576 
5 
1286 1287 1573 1574 1575 
5 
1297 1298 1578 1579 1580 
4 
1298 1577 1579 1580 
4 
1299 1577 1578 1580 
5 
1299 1300 1577 1578 1579 
3 
1582 1583 1584 
3 
1581 1583 1584 
4 
801 1581 1582 1584 
3 
1581 1582 1583 
5 
1177 1178 1586 1587 1588 
4 
1178 1585 1587 1588 
5 
1178 1179 1585 1586 1588 
7 
1177 1178 1179 1180 1585 1586 1587 
5 
1590 1591 1592 1703 1704 
6 
593 596 1589 1591 1592 1703 
4 
596 1589 1590 1592 
3 
1589 1590 1591 
7 
47 139 140 1124 1594 1595 1596 
6 
139 1123 1124 1593 1595 1596 
3 
1593 1594 1596 
3 
1593 1594 1595 
3 
1598 1599 1600 
3 
1597 1599 1600 
3 
1597 1598 1600 
3 
1597 1598 1599 
6 
54 1518 1519 1602 1603 1604 
3 
1601 1603 1604 
3 
1601 1602 1604 
7 
54 55 946 1519 1601 1602 1603 
5 
1290 1341 1606 1607 1608 
5 
1341 1342 1605 1607 1608 
7 
1341 1342 1343 1344 1605 1606 1608 
7 
1290 1291 1341 1344 1605 1606 1607 
7 
418 958 959 1610 1611 1612 1678 
4 
1477 1609 1611 1612 
10 
985 1357 1358 1477 1480 1609 1610 1612 1817 1818 
9 
418 419 959 1357 1609 1610 1611 1679 1817 
4 
922 1614 1615 1616 
3 
1613 1615 1616 
3 
1613 1614 1616 
5 
922 923 1613 1614 1615 
5 
39 1265 1618 1619 1620 
5 
1265 1266 1617 1619 1620 
8 
857 1265 1266 1267 1268 1617 1618 1620 
5 
1265 1268 1617 1618 1619 
5 
623 686 1622 1623 1624 
3 
1621 1623 1624 
3 
1621 1622 1624 
5 
686 687 1621 1622 1623 
8 
72 187 188 858 859 1626 1627 1628 
6 
71 72 187 1625 1627 1628 
5 
1413 1414 1625 1626 1628 
5 
859 1413 1625 1626 1627 
3 
1630 1631 1632 
3 
1629 1631 1632 
3 
1629 1630 1632 
3 
1629 1630 1631 
3 
1634 1635 1636 
4 
1049 1633 1635 1636 
5 
1049 1052 1633 1634 1636 
3 
1633 1634 1635 
7 
113 114 723 724 1638 1639 1640 
5 
114 723 1637 1639 1640 
5 
114 115 1637 1638 1640 
7 
113 114 115 116 1637 1638 1639 
5 
1185 1642 1643 1644 1761 
7 
1185 1186 1641 1643 1644 1761 1762 
11 
1185 1186 1187 1188 1641 1642 1644 1761 1762 1763 1764 
7 
1185 1188 1641 1642 1643 1761 1764 
4 
1646 1647 1648 1870 
5 
532 1432 1645 1647 1648 
3 
1645 1646 1648 
5 
1645 1646 1647 1870 1871 
7 
193 194 1106 1301 1650 1651 1652 
6 
194 1301 1302 1649 1651 1652 
10 
194 195 1301 1302 1303 1304 1381 1649 1650 1652 
11 
193 194 195 196 1106 1107 1301 1304 1649 1650 1651 
4 
626 1654 1655 1656 
5 
264 733 1653 1655 1656 
5 
733 736 1653 1654 1656 
4 
627 1653 1654 1655 
3 
1658 1659 1660 
4 
69 1657 1659 1660 
6 
69 72 186 1657 1658 1660 
6 
185 186 858 1657 1658 1659 
11 
464 997 998 999 1000 1156 1363 1364 1662 1663 1664 
10 
463 464 998 999 1155 1156 1363 1661 1663 1664 
5 
978 999 1661 1662 1664 
7 
977 978 999 1000 1661 1662 1663 
3 
1666 1667 1668 
6 
28 1285 1288 1665 1667 1668 
4 
1288 1665 1666 1668 
3 
1665 1666 1667 
6 
579 1073 1074 1670 1671 1672 
7 
697 1074 1669 1671 1672 1925 1928 
8 
697 700 1074 1075 1669 1670 1672 1928 
8 
1073 1074 1075 1076 1242 1669 1670 1671 
6 
1059 1060 1674 1675 1676 1912 
6 
1059 1673 1675 1676 1911 1912 
3 
1673 1674 1676 
3 
1673 1674 1675 
8 
417 957 958 959 960 1678 1679 1680 
8 
417 418 958 959 1609 1677 1679 1680 
9 
417 418 419 420 959 1612 1677 1678 1680 
7 
417 420 959 960 1677 1678 1679 
10 
317 341 342 343 344 784 1098 1682 1683 1684 
10 
317 318 342 343 783 784 1681 1683 1684 1705 
10 
317 318 319 320 343 1681 1682 1684 1705 1708 
9 
317 320 343 344 1098 1099 1681 1682 1683 
5 
1487 1488 1686 1687 1688 
6 
749 752 1487 1685 1687 1688 
4 
752 1685 1686 1688 
3 
1685 1686 1687 
3 
1690 1691 1692 
4 
1689 1691 1692 1900 
3 
1689 1690 1692 
3 
1689 1690 1691 
4 
412 1694 1695 1696 
5 
411 412 1693 1695 1696 
3 
1693 1694 1696 
3 
1693 1694 1695 
7 
787 1083 1084 1698 1699 1700 1918 
6 
73 76 1083 1697 1699 1700 
4 
76 1697 1698 1700 
5 
1697 1698 1699 1918 1919 
3 
1702 1703 1704 
4 
1701 1703 1704 1920 
6 
593 1589 1590 1701 1702 1704 
4 
1589 1701 1702 1703 
7 
318 319 1682 1683 1706 1707 1708 
3 
1705 1707 1708 
4 
1705 1706 1708 1834 
7 
319 1683 1705 1706 1707 1833 1834 
9 
358 359 1196 1320 1710 1711 1712 1914 1915 
7 
1195 1196 1319 1320 1709 1711 1712 
4 
1333 1709 1710 1712 
5 
359 1709 1710 1711 1915 
5 
1039 1040 1714 1715 1716 
4 
1039 1713 1715 1716 
3 
1713 1714 1716 
3 
1713 1714 1715 
3 
1718 1719 1720 
3 
1717 1719 1720 
3 
1717 1718 1720 
3 
1717 1718 1719 
5 
242 243 1722 1723 1724 
3 
1721 1723 1724 
3 
1721 1722 1724 
4 
243 1721 1722 1723 
4 
1726 1727 1728 1898 
3 
1725 1727 1728 
3 
1725 1726 1728 
5 
1725 1726 1727 1898 1899 
9 
401 404 913 916 1239 1240 1730 1731 1732 
12 
401 402 403 404 913 914 915 916 1239 1729 1731 1732 
7 
403 404 915 916 1729 1730 1732 
5 
404 916 1729 1730 1731 
5 
1042 1043 1734 1735 1736 
3 
1733 1735 1736 
3 
1733 1734 1736 
4 
1043 1733 1734 1735 
3 
1738 1739 1740 
3 
1737 1739 1740 
3 
1737 1738 1740 
3 
1737 1738 1739 
4 
173 1742 1743 1744 
5 
173 174 1741 1743 1744 
10 
173 174 175 176 689 690 890 1741 1742 1744 
9 
162 173 176 689 889 890 1741 1742 1743 
3 
1746 1747 1748 
3 
1745 1747 1748 
3 
1745 1746 1748 
4 
350 1745 1746 1747 
9 
86 555 556 802 803 1236 1750 1751 1752 
8 
555 849 852 1235 1236 1749 1751 1752 
4 
852 1749 1750 1752 
6 
86 87 803 1749 1750 1751 
7 
821 824 981 984 1754 1755 1756 
11 
821 822 823 824 981 982 983 984 1753 1755 1756 
7 
823 824 983 984 1753 1754 1756 
5 
824 984 1753 1754 1755 
3 
1758 1759 1760 
3 
1757 1759 1760 
3 
1757 1758 1760 
3 
1757 1758 1759 
8 
1185 1641 1642 1643 1644 1762 1763 1764 
7 
1185 1186 1642 1643 1761 1763 1764 
6 
1187 1188 1643 1761 1762 1764 
6 
1188 1643 1644 1761 1762 1763 
3 
1766 1767 1768 
4 
668 1765 1767 1768 
5 
297 298 1765 1766 1768 
4 
297 1765 1766 1767 
3 
1770 1771 1772 
3 
1769 1771 1772 
3 
1769 1770 1772 
3 
1769 1770 1771 
5 
901 902 1774 1775 1776 
4 
902 1773 1775 1776 
6 
446 902 903 1773 1774 1776 
10 
445 446 570 901 902 903 904 1773 1774 1775 
6 
195 196 1107 1778 1779 1780 
5 
195 1384 1777 1779 1780 
3 
1777 1778 1780 
3 
1777 1778 1779 
8 
535 536 677 680 1222 1782 1783 1784 
8 
535 677 678 679 680 1781 1783 1784 
5 
679 680 1781 1782 1784 
6 
680 1222 1223 1781 1782 1783 
3 
1786 1787 1788 
5 
1092 1569 1785 1787 1788 
5 
1569 1572 1785 1786 1788 
3 
1785 1786 1787 
4 
364 1790 1791 1792 
5 
363 364 1789 1791 1792 
3 
1789 1790 1792 
3 
1789 1790 1791 
3 
1794 1795 1796 
4 
345 1793 1795 1796 
6 
348 962 1061 1793 1794 1796 
5 
961 962 1793 1794 1795 
6 
396 1022 1331 1798 1799 1800 
5 
395 396 1797 1799 1800 
3 
1797 1798 1800 
5 
1022 1023 1797 1798 1799 
3 
1802 1803 1804 
3 
1801 1803 1804 
3 
1801 1802 1804 
4 
1018 1801 1802 1803 
3 
1806 1807 1808 
3 
1805 1807 1808 
3 
1805 1806 1808 
3 
1805 1806 1807 
4 
1029 1810 1811 1812 
5 
1029 1030 1809 1811 1812 
8 
1029 1030 1031 1032 1126 1809 1810 1812 
8 
530 1029 1032 1125 1126 1809 1810 1811 
3 
1814 1815 1816 
3 
1813 1815 1816 
3 
1813 1814 1816 
3 
1813 1814 1815 
11 
418 419 985 1357 1477 1480 1611 1612 1818 1819 1820 
14 
837 840 985 986 1357 1358 1477 1478 1479 1480 1611 1817 1819 1820 
14 
840 985 986 987 988 1357 1358 1359 1360 1479 1480 1817 1818 1820 
9 
419 985 988 1357 1360 1480 1817 1818 1819 
8 
15 16 438 1339 1340 1822 1823 1824 
5 
15 1339 1821 1823 1824 
3 
1821 1822 1824 
5 
438 439 1821 1822 1823 
3 
1826 1827 1828 
3 
1825 1827 1828 
4 
1090 1825 1826 1828 
5 
1089 1090 1825 1826 1827 
4 
1424 1830 1831 1832 
5 
1423 1424 1829 1831 1832 
4 
242 1829 1830 1832 
5 
241 242 1829 1830 1831 
6 
319 320 1708 1834 1835 1836 
6 
319 1707 1708 1833 1835 1836 
4 
182 1833 1834 1836 
5 
181 182 1833 1834 1835 
4 
1367 1838 1839 1840 
3 
1837 1839 1840 
3 
1837 1838 1840 
3 
1837 1838 1839 
3 
1842 1843 1844 
3 
1841 1843 1844 
3 
1841 1842 1844 
4 
546 1841 1842 1843 
3 
1846 1847 1848 
3 
1845 1847 1848 
4 
1070 1845 1846 1848 
5 
1069 1070 1845 1846 1847 
3 
1850 1851 1852 
3 
1849 1851 1852 
3 
1849 1850 1852 
3 
1849 1850 1851 
5 
1535 1536 1854 1855 1856 
4 
1535 1853 1855 1856 
5 
13 1337 1853 1854 1856 
4 
382 1853 1854 1855 
4 
1858 1859 1860 1957 
6 
1136 1857 1859 1860 1957 1958 
7 
1857 1858 1860 1957 1958 1959 1960 
5 
1857 1858 1859 1957 1960 
3 
1862 1863 1864 
4 
192 1861 1863 1864 
4 
1325 1861 1862 1864 
3 
1861 1862 1863 
3 
1866 1867 1868 
3 
1865 1867 1868 
4 
1494 1865 1866 1868 
5 
1493 1494 1865 1866 1867 
3 
1870 1871 1872 
5 
1645 1648 1869 1871 1872 
6 
625 1405 1648 1869 1870 1872 
4 
206 1869 1870 1871 
5 
963 1064 1874 1875 1876 
5 
1063 1064 1873 1875 1876 
3 
1873 1874 1876 
3 
1873 1874 1875 
5 
542 543 1878 1879 1880 
3 
1877 1879 1880 
5 
1877 1878 1880 1893 1894 
5 
543 1877 1878 1879 1893 
8 
43 1481 1482 1483 1484 1882 1883 1884 
6 
669 1482 1483 1881 1883 1884 
6 
669 672 1483 1881 1882 1884 
5 
1483 1484 1881 1882 1883 
4 
975 1886 1887 1888 
5 
1273 1276 1885 1887 1888 
4 
1276 1885 1886 1888 
3 
1885 1886 1887 
9 
157 158 159 160 312 1003 1890 1891 1892 
7 
158 159 311 312 1889 1891 1892 
4 
159 1889 1890 1892 
5 
159 160 1889 1890 1891 
5 
1879 1880 1894 1895 1896 
4 
1879 1893 1895 1896 
3 
1893 1894 1896 
3 
1893 1894 1895 
3 
1898 1899 1900 
5 
1725 1728 1897 1899 1900 
4 
1728 1897 1898 1900 
4 
1690 1897 1898 1899 
5 
367 1012 1902 1903 1904 
5 
1011 1012 1901 1903 1904 
4 
1538 1901 1902 1904 
5 
1537 1538 1901 1902 1903 
5 
933 936 1906 1907 1908 
7 
933 934 935 936 1905 1907 1908 
5 
935 936 1905 1906 1908 
4 
936 1905 1906 1907 
6 
759 760 1058 1910 1911 1912 
5 
759 961 1909 1911 1912 
6 
961 964 1674 1909 1910 1912 
7 
1058 1059 1673 1674 1909 1910 1911 
4 
357 1914 1915 1916 
6 
357 358 1709 1913 1915 1916 
9 
357 358 359 360 1709 1712 1913 1914 1916 
5 
357 360 1913 1914 1915 
4 
788 1918 1919 1920 
7 
787 788 1697 1700 1917 1919 1920 
4 
1700 1917 1918 1920 
4 
1702 1917 1918 1919 
10 
1205 1206 1322 1397 1398 1399 1400 1922 1923 1924 
7 
1206 1398 1399 1561 1921 1923 1924 
9 
1101 1206 1207 1399 1561 1564 1921 1922 1924 
12 
1202 1205 1206 1207 1208 1322 1323 1399 1400 1921 1922 1923 
7 
755 756 1074 1670 1926 1927 1928 
5 
755 1205 1925 1927 1928 
8 
698 1201 1205 1208 1321 1925 1926 1928 
9 
697 698 1074 1075 1670 1671 1925 1926 1927 
3 
1930 1931 1932 
3 
1929 1931 1932 
3 
1929 1930 1932 
3 
1929 1930 1931 
4 
488 1934 1935 1936 
5 
487 488 1933 1935 1936 
4 
285 1933 1934 1936 
3 
1933 1934 1935 
10 
527 1461 1462 1463 1464 1501 1502 1938 1939 1940 
6 
1462 1463 1502 1937 1939 1940 
6 
1463 1502 1503 1937 1938 1940 
9 
1463 1464 1501 1502 1503 1504 1937 1938 1939 
5 
1513 1516 1942 1943 1944 
7 
1513 1514 1515 1516 1941 1943 1944 
5 
1515 1516 1941 1942 1944 
5 
1170 1516 1941 1942 1943 
5 
499 500 1946 1947 1948 
4 
499 1945 1947 1948 
3 
1945 1946 1948 
3 
1945 1946 1947 
7 
861 862 1197 1200 1950 1951 1952 
8 
862 1197 1198 1199 1200 1949 1951 1952 
8 
481 862 863 1199 1200 1949 1950 1952 
8 
861 862 863 864 1200 1949 1950 1951 
3 
1954 1955 1956 
4 
252 1953 1955 1956 
4 
121 1953 1954 1956 
3 
1953 1954 1955 
7 
1857 1858 1859 1860 1958 1959 1960 
5 
1858 1859 1957 1959 1960 
4 
1859 1957 1958 1960 
5 
1859 1860 1957 1958 1959 
7 
773 774 883 884 1962 1963 1964 
5 
774 883 1961 1963 1964 
4 
775 1961 1962 1964 
5 
775 776 1961 1962 1963 
7 
457 458 590 591 1966 1967 1968 
4 
458 1965 1967 1968 
7 
458 459 873 874 1965 1966 1968 
9 
457 458 459 460 591 873 1965 1966 1967 
5 
765 766 1970 1971 1972 
4 
766 1969 1971 1972 
5 
766 767 1969 1970 1972 
7 
765 766 767 768 1969 1970 1971 
7 
27 953 1287 1288 1974 1975 1976 
6 
953 954 1287 1973 1975 1976 
8 
537 953 954 955 956 1973 1974 1976 
5 
953 956 1973 1974 1975 
3 
1978 1979 1980 
4 
281 1977 1979 1980 
7 
281 284 1249 1250 1977 1978 1980 
4 
1249 1977 1978 1979 
3 
1982 1983 1984 
3 
1981 1983 1984 
5 
202 1034 1981 1982 1984 
7 
201 202 1033 1034 1981 1982 1983 
4 
1338 1986 1987 1988 
3 
1985 1987 1988 
4 
1181 1985 1986 1988 
5 
1338 1339 1985 1986 1987 
4 
804 1990 1991 1992 
7 
85 88 803 804 1989 1991 1992 
7 
88 1229 1230 1385 1989 1990 1992 
4 
1229 1989 1990 1991 
3 
1994 1995 1996 
5 
241 244 1993 1995 1996 
4 
244 1993 1994 1996 
3 
1993 1994 1995 
10 
65 68 269 270 271 272 1258 1998 1999 2000 
10 
65 66 67 68 270 271 893 1997 1999 2000 
9 
67 68 271 797 798 896 1997 1998 2000 
8 
68 271 272 797 1259 1997 1998 1999 