
500 
4 
5 
2 3 4 191 1132 
5 
1 3 4 1131 1132 
5 
1 2 4 1145 1146 
4 
1 2 3 1145 
5 
6 7 8 1301 1304 
7 
5 7 8 1301 1302 1303 1304 
5 
5 6 8 1303 1304 
4 
5 6 7 1304 
3 
10 11 12 
3 
9 11 12 
3 
9 10 12 
3 
9 10 11 
4 
14 15 16 732 
5 
13 15 16 731 732 
3 
13 14 16 
4 
13 14 15 670 
3 
18 19 20 
5 
17 19 20 205 784 
5 
17 18 20 205 208 
3 
17 18 19 
5 
22 23 24 1662 1663 
6 
21 23 24 577 580 804 
5 
21 22 24 580 805 
4 
21 22 23 1663 
3 
26 27 28 
3 
25 27 28 
6 
25 26 28 569 1029 1030 
4 
25 26 27 1029 
5 
30 31 32 987 988 
4 
29 31 32 987 
3 
29 30 32 
3 
29 30 31 
3 
34 35 36 
3 
33 35 36 
4 
33 34 36 485 
4 
33 34 35 94 
11 
38 39 40 503 504 722 723 1273 1276 1903 1904 
9 
37 39 40 503 1273 1274 1275 1276 1903 
5 
37 38 40 1275 1276 
6 
37 38 39 386 723 1276 
4 
42 43 44 1521 
5 
41 43 44 1521 1522 
7 
41 42 44 1521 1522 1523 1524 
6 
41 42 43 1114 1521 1524 
4 
46 47 48 816 
7 
45 47 48 145 148 815 816 
6 
45 46 48 148 937 938 
4 
45 46 47 937 
5 
50 51 52 469 472 
8 
49 51 52 469 470 471 472 1060 
6 
49 50 52 471 472 1313 
4 
49 50 51 472 
4 
54 55 56 744 
5 
53 55 56 743 744 
3 
53 54 56 
3 
53 54 55 
3 
58 59 60 
5 
57 59 60 121 753 
7 
57 58 60 121 124 753 756 
3 
57 58 59 
4 
62 63 64 886 
5 
61 63 64 333 336 
6 
61 62 64 336 1025 1026 
6 
61 62 63 886 887 1025 
4 
66 67 68 1713 
5 
65 67 68 1713 1714 
9 
65 66 68 821 845 1713 1714 1715 1716 
5 
65 66 67 1713 1716 
6 
70 71 72 1464 1497 1500 
9 
69 71 72 1463 1464 1497 1498 1499 1500 
5 
69 70 72 1499 1500 
4 
69 70 71 1500 
4 
74 75 76 462 
3 
73 75 76 
6 
73 74 76 969 970 1585 
6 
73 74 75 462 463 969 
4 
78 79 80 1549 
6 
77 79 80 317 1549 1550 
7 
77 78 80 317 320 1551 1552 
4 
77 78 79 1552 
4 
82 83 84 1417 
5 
81 83 84 1417 1418 
5 
81 82 84 1419 1420 
5 
81 82 83 814 1420 
5 
86 87 88 189 190 
5 
85 87 88 190 1944 
6 
85 86 88 190 191 1129 
7 
85 86 87 189 190 191 192 
7 
90 91 92 786 787 1109 1953 
11 
89 91 92 609 612 1109 1110 1645 1648 1953 1954 
14 
89 90 92 612 1034 1109 1110 1111 1112 1648 1953 1954 1955 1956 
12 
89 90 91 290 787 1033 1034 1109 1112 1138 1953 1956 
5 
94 95 96 794 795 
4 
36 93 95 96 
3 
93 94 96 
4 
93 94 95 795 
4 
98 99 100 616 
5 
97 99 100 615 616 
3 
97 98 100 
3 
97 98 99 
7 
102 103 104 337 340 1625 1626 
8 
101 103 104 337 338 339 340 1626 
6 
101 102 104 339 340 1627 
6 
101 102 103 340 1627 1628 
3 
106 107 108 
3 
105 107 108 
4 
105 106 108 585 
3 
105 106 107 
5 
110 111 112 897 900 
7 
109 111 112 897 898 899 900 
5 
109 110 112 899 900 
4 
109 110 111 900 
6 
114 115 116 139 140 549 
8 
113 115 116 139 549 550 941 944 
8 
113 114 116 549 550 551 552 944 
5 
113 114 115 549 552 
3 
118 119 120 
4 
117 119 120 669 
9 
117 118 120 177 178 669 672 1201 1202 
6 
117 118 119 177 330 1201 
7 
58 59 122 123 124 753 754 
4 
121 123 124 754 
5 
121 122 124 754 755 
8 
59 121 122 123 753 754 755 756 
3 
126 127 128 
4 
125 127 128 1792 
3 
125 126 128 
3 
125 126 127 
6 
130 131 132 375 376 650 
4 
129 131 132 375 
5 
129 130 132 393 394 
6 
129 130 131 393 650 651 
7 
134 135 136 1477 1478 1781 1782 
5 
133 135 136 1478 1782 
8 
133 134 136 1425 1478 1479 1782 1783 
11 
133 134 135 1477 1478 1479 1480 1781 1782 1783 1784 
3 
138 139 140 
3 
137 139 140 
6 
113 114 137 138 140 941 
4 
113 137 138 139 
3 
142 143 144 
3 
141 143 144 
4 
141 142 144 1438 
5 
141 142 143 1437 1438 
6 
46 146 147 148 814 815 
4 
145 147 148 1285 
5 
145 146 148 1285 1288 
6 
46 47 145 146 147 815 
3 
150 151 152 
3 
149 151 152 
3 
149 150 152 
3 
149 150 151 
3 
154 155 156 
3 
153 155 156 
3 
153 154 156 
3 
153 154 155 
6 
158 159 160 496 837 838 
6 
157 159 160 495 496 838 
5 
157 158 160 838 839 
8 
157 158 159 837 838 839 840 1094 
11 
162 163 164 749 750 751 752 825 826 827 828 
7 
161 163 164 750 751 826 827 
5 
161 162 164 751 827 
7 
161 162 163 751 752 827 828 
5 
166 167 168 343 344 
4 
165 167 168 343 
3 
165 166 168 
3 
165 166 167 
9 
170 171 172 633 636 1745 1746 1747 1748 
9 
169 171 172 633 634 635 636 1746 1747 
6 
169 170 172 635 636 1747 
6 
169 170 171 636 1747 1748 
5 
174 175 176 1459 1460 
5 
173 175 176 1459 1596 
6 
173 174 176 1609 1845 1846 
4 
173 174 175 1845 
7 
119 120 178 179 180 1201 1202 
7 
119 177 179 180 669 672 1202 
8 
177 178 180 672 1202 1203 1553 1974 
8 
177 178 179 1201 1202 1203 1204 1973 
9 
182 183 184 638 1096 1309 1310 1710 1711 
8 
181 183 184 257 260 1095 1096 1310 
7 
181 182 184 260 601 1310 1311 
10 
181 182 183 638 639 1309 1310 1311 1312 1711 
8 
186 187 188 421 422 423 424 478 
5 
185 187 188 422 423 
5 
185 186 188 423 1629 
7 
185 186 187 423 424 478 479 
5 
85 88 190 191 192 
8 
85 86 87 88 189 191 192 1129 
8 
1 87 88 189 190 192 1129 1132 
4 
88 189 190 191 
4 
194 195 196 1241 
5 
193 195 196 1241 1242 
7 
193 194 196 1241 1242 1243 1244 
5 
193 194 195 1241 1244 
5 
198 199 200 929 932 
8 
197 199 200 929 930 931 932 1389 
7 
197 198 200 931 932 1389 1392 
4 
197 198 199 932 
6 
202 203 204 348 1213 1672 
11 
201 203 204 347 348 425 428 1213 1214 1671 1672 
10 
201 202 204 428 741 742 1213 1214 1215 1216 
6 
201 202 203 741 1213 1216 
5 
18 19 206 207 208 
7 
205 207 208 1421 1424 1945 1948 
5 
205 206 208 1424 1948 
4 
19 205 206 207 
3 
210 211 212 
3 
209 211 212 
3 
209 210 212 
3 
209 210 211 
8 
214 215 216 777 778 1038 1733 1734 
6 
213 215 216 778 1100 1734 
6 
213 214 216 778 779 1735 
11 
213 214 215 777 778 779 780 1038 1039 1735 1736 
6 
218 219 220 1325 1951 1952 
6 
217 219 220 1325 1326 1951 
9 
217 218 220 1325 1326 1327 1328 1737 1738 
6 
217 218 219 1325 1328 1737 
7 
222 223 224 1161 1162 1163 1164 
5 
221 223 224 1162 1163 
7 
221 222 224 1163 1281 1282 1449 
6 
221 222 223 1163 1164 1281 
3 
226 227 228 
3 
225 227 228 
3 
225 226 228 
3 
225 226 227 
9 
230 231 232 950 951 1249 1250 1251 1252 
5 
229 231 232 1250 1251 
6 
229 230 232 757 758 1251 
7 
229 230 231 757 951 1251 1252 
4 
234 235 236 1998 
3 
233 235 236 
3 
233 234 236 
5 
233 234 235 1998 1999 
7 
238 239 240 448 1451 1969 1970 
6 
237 239 240 447 448 1970 
5 
237 238 240 1970 1971 
8 
237 238 239 1338 1969 1970 1971 1972 
5 
242 243 244 1285 1286 
7 
241 243 244 1286 1341 1344 1700 
6 
241 242 244 1286 1287 1344 
7 
241 242 243 1285 1286 1287 1288 
5 
246 247 248 1317 1410 
5 
245 247 248 1317 1318 
7 
245 246 248 1317 1318 1319 1320 
7 
245 246 247 1317 1320 1410 1411 
6 
250 251 252 396 893 894 
6 
249 251 252 395 396 894 
7 
249 250 252 877 878 894 895 
8 
249 250 251 877 893 894 895 896 
3 
254 255 256 
3 
253 255 256 
3 
253 254 256 
3 
253 254 255 
6 
182 258 259 260 1095 1096 
4 
257 259 260 1095 
3 
257 258 260 
5 
182 183 257 258 259 
3 
262 263 264 
3 
261 263 264 
3 
261 262 264 
3 
261 262 263 
6 
266 267 268 695 696 835 
4 
265 267 268 695 
3 
265 266 268 
3 
265 266 267 
3 
270 271 272 
3 
269 271 272 
4 
269 270 272 1454 
5 
269 270 271 1453 1454 
4 
274 275 276 1291 
3 
273 275 276 
3 
273 274 276 
3 
273 274 275 
4 
278 279 280 1729 
6 
277 279 280 281 1729 1730 
9 
277 278 280 284 561 1729 1730 1731 1732 
5 
277 278 279 1729 1732 
7 
278 282 283 284 608 953 1730 
7 
281 283 284 607 608 953 954 
10 
281 282 284 361 362 562 953 954 955 956 
11 
279 281 282 283 361 561 562 953 956 1730 1731 
3 
286 287 288 
3 
285 287 288 
3 
285 286 288 
3 
285 286 287 
6 
290 291 292 702 703 1137 
9 
92 289 291 292 1033 1109 1112 1137 1138 
8 
289 290 292 1033 1036 1112 1139 1140 
5 
289 290 291 703 1140 
5 
294 295 296 497 1564 
8 
293 295 296 497 498 1052 1563 1564 
10 
293 294 296 497 498 499 500 581 1101 1102 
6 
293 294 295 497 500 1101 
7 
298 299 300 1677 1680 1857 1858 
8 
297 299 300 1677 1678 1679 1680 1858 
7 
297 298 300 1679 1680 1858 1859 
8 
297 298 299 1680 1857 1858 1859 1860 
10 
302 303 304 677 680 918 919 1230 1231 1958 
11 
301 303 304 677 678 679 680 1765 1768 1981 1984 
7 
301 302 304 679 680 1768 1984 
8 
301 302 303 680 919 1231 1958 1959 
4 
306 307 308 404 
5 
305 307 308 403 404 
5 
305 306 308 397 398 
4 
305 306 307 397 
3 
310 311 312 
3 
309 311 312 
4 
309 310 312 729 
3 
309 310 311 
7 
314 315 316 933 934 1267 1268 
5 
313 315 316 934 1267 
5 
313 314 316 934 935 
7 
313 314 315 933 934 935 936 
7 
78 79 318 319 320 1550 1551 
4 
317 319 320 1848 
5 
317 318 320 949 1722 
7 
79 317 318 319 1551 1721 1722 
3 
322 323 324 
3 
321 323 324 
4 
321 322 324 1270 
5 
321 322 323 1269 1270 
5 
326 327 328 1134 1294 
3 
325 327 328 
3 
325 326 328 
7 
325 326 327 1134 1135 1294 1295 
5 
330 331 332 850 851 
4 
120 329 331 332 
3 
329 330 332 
4 
329 330 331 851 
5 
62 334 335 336 913 
5 
333 335 336 913 914 
7 
333 334 336 913 914 915 916 
7 
62 63 333 334 335 913 916 
7 
101 102 338 339 340 1625 1626 
5 
102 337 339 340 1626 
7 
102 103 337 338 340 1626 1627 
11 
101 102 103 104 337 338 339 1625 1626 1627 1628 
3 
342 343 344 
3 
341 343 344 
5 
165 166 341 342 344 
4 
165 341 342 343 
6 
346 347 348 425 1669 1672 
9 
345 347 348 425 426 1669 1670 1671 1672 
10 
202 345 346 348 425 426 427 428 1671 1672 
8 
201 202 345 346 347 425 428 1672 
3 
350 351 352 
3 
349 351 352 
3 
349 350 352 
3 
349 350 351 
6 
354 355 356 781 1922 1923 
5 
353 355 356 781 782 
5 
353 354 356 783 784 
5 
353 354 355 784 1923 
5 
358 359 360 1058 1681 
5 
357 359 360 1681 1682 
7 
357 358 360 1681 1682 1683 1684 
7 
357 358 359 1058 1059 1681 1684 
9 
283 284 362 363 364 562 563 955 956 
5 
283 361 363 364 955 
3 
361 362 364 
4 
361 362 363 563 
3 
366 367 368 
4 
365 367 368 1489 
4 
365 366 368 1492 
3 
365 366 367 
4 
370 371 372 1811 
3 
369 371 372 
3 
369 370 372 
4 
369 370 371 974 
5 
374 375 376 1371 1372 
4 
373 375 376 1371 
5 
129 130 373 374 376 
5 
129 373 374 375 650 
6 
378 379 380 1851 1941 1942 
4 
377 379 380 1942 
5 
377 378 380 1942 1943 
7 
377 378 379 1941 1942 1943 1944 
3 
382 383 384 
3 
381 383 384 
3 
381 382 384 
3 
381 382 383 
3 
386 387 388 
4 
40 385 387 388 
3 
385 386 388 
3 
385 386 387 
6 
390 391 392 1128 1330 1331 
5 
389 391 392 1127 1128 
4 
389 390 392 446 
6 
389 390 391 445 446 1331 
7 
131 132 394 395 396 650 651 
4 
131 393 395 396 
5 
250 393 394 396 1817 
7 
249 250 393 394 395 651 894 
5 
307 308 398 399 400 
4 
307 397 399 400 
3 
397 398 400 
3 
397 398 399 
9 
402 403 404 1261 1262 1263 1264 1379 1763 
5 
401 403 404 1262 1263 
5 
306 401 402 404 1263 
7 
305 306 401 402 403 1263 1264 
3 
406 407 408 
3 
405 407 408 
3 
405 406 408 
3 
405 406 407 
3 
410 411 412 
6 
409 411 412 1209 1212 1485 
6 
409 410 412 1212 1485 1488 
3 
409 410 411 
3 
414 415 416 
3 
413 415 416 
6 
413 414 416 1157 1158 1693 
4 
413 414 415 1157 
5 
418 419 420 757 760 
7 
417 419 420 757 758 759 760 
6 
417 418 420 759 760 1121 
4 
417 418 419 760 
6 
185 422 423 424 477 478 
6 
185 186 421 423 424 478 
9 
185 186 187 188 421 422 424 478 479 
9 
185 188 421 422 423 477 478 479 480 
10 
202 345 346 347 348 426 427 428 1671 1672 
8 
346 347 425 427 428 1671 1805 1808 
7 
347 425 426 428 742 1214 1808 
11 
202 203 347 348 425 426 427 741 742 1213 1214 
7 
430 431 432 698 699 1023 1024 
6 
429 431 432 733 736 1023 
5 
429 430 432 736 910 
6 
429 430 431 699 909 910 
3 
434 435 436 
3 
433 435 436 
5 
433 434 436 773 774 
5 
433 434 435 773 1274 
3 
438 439 440 
4 
437 439 440 1277 
5 
437 438 440 1277 1280 
4 
437 438 439 466 
3 
442 443 444 
3 
441 443 444 
4 
441 442 444 725 
3 
441 442 443 
7 
392 446 447 448 1331 1332 1450 
6 
391 392 445 447 448 1331 
4 
238 445 446 448 
7 
237 238 445 446 447 1450 1451 
6 
450 451 452 1326 1653 1701 
7 
449 451 452 1653 1654 1701 1702 
11 
449 450 452 1653 1654 1655 1656 1701 1702 1703 1704 
8 
449 450 451 1327 1653 1656 1701 1704 
6 
454 455 456 692 1413 1818 
8 
453 455 456 691 692 1413 1414 1793 
10 
453 454 456 1074 1413 1414 1415 1416 1793 1796 
9 
453 454 455 1073 1074 1413 1416 1818 1819 
3 
458 459 460 
4 
457 459 460 1408 
4 
457 458 460 1933 
3 
457 458 459 
3 
462 463 464 
5 
73 76 461 463 464 
4 
76 461 462 464 
3 
461 462 463 
5 
466 467 468 1051 1052 
5 
440 465 467 468 1051 
3 
465 466 468 
4 
465 466 467 582 
7 
49 50 470 471 472 1057 1060 
8 
50 469 471 472 1057 1058 1059 1060 
7 
50 51 469 470 472 1059 1060 
8 
49 50 51 52 469 470 471 1060 
5 
474 475 476 889 890 
4 
473 475 476 890 
8 
473 474 476 890 891 1437 1821 1822 
8 
473 474 475 889 890 891 892 1821 
5 
421 424 478 479 480 
9 
185 188 421 422 423 424 477 479 480 
6 
188 423 424 477 478 480 
4 
424 477 478 479 
7 
482 483 484 661 662 663 664 
7 
481 483 484 662 663 701 704 
5 
481 482 484 663 704 
5 
481 482 483 663 664 
5 
35 486 487 488 1017 
7 
485 487 488 1017 1018 1613 1616 
9 
485 486 488 1017 1018 1019 1020 1616 1862 
7 
485 486 487 1017 1020 1861 1862 
6 
490 491 492 1471 1741 1744 
7 
489 491 492 1741 1742 1743 1744 
6 
489 490 492 1726 1743 1744 
6 
489 490 491 1725 1726 1744 
3 
494 495 496 
3 
493 495 496 
6 
158 493 494 496 838 1749 
7 
157 158 493 494 495 837 838 
8 
293 294 295 296 498 499 500 1564 
9 
294 295 497 499 500 581 1052 1563 1564 
9 
295 497 498 500 581 584 1101 1102 1353 
6 
295 296 497 498 499 1101 
8 
502 503 504 722 1901 1902 1903 1904 
6 
501 503 504 1273 1902 1903 
8 
37 38 501 502 504 1273 1276 1903 
8 
37 501 502 503 722 723 1903 1904 
3 
506 507 508 
3 
505 507 508 
4 
505 506 508 718 
7 
505 506 507 717 718 858 1014 
7 
510 511 512 587 588 1041 1044 
8 
509 511 512 587 1041 1042 1043 1044 
5 
509 510 512 1043 1044 
4 
509 510 511 1044 
4 
514 515 516 1405 
5 
513 515 516 1405 1406 
7 
513 514 516 1405 1406 1407 1408 
5 
513 514 515 1405 1408 
3 
518 519 520 
7 
517 519 520 881 1529 1532 1824 
6 
517 518 520 881 884 1532 
3 
517 518 519 
7 
522 523 524 925 926 1871 1872 
7 
521 523 524 525 926 1181 1871 
9 
521 522 524 525 528 927 1181 1184 1289 
5 
521 522 523 927 928 
6 
522 523 526 527 528 1181 
4 
525 527 528 1182 
6 
525 526 528 1182 1183 1290 
8 
523 525 526 527 1181 1184 1289 1290 
3 
530 531 532 
3 
529 531 532 
3 
529 530 532 
3 
529 530 531 
7 
534 535 536 877 880 1434 1435 
7 
533 535 536 877 878 879 880 
5 
533 534 536 879 880 
6 
533 534 535 642 880 1435 
3 
538 539 540 
5 
537 539 540 769 772 
4 
537 538 540 772 
3 
537 538 539 
11 
542 543 544 1203 1204 1553 1556 1973 1974 1975 1976 
11 
541 543 544 1203 1553 1554 1555 1556 1780 1974 1975 
6 
541 542 544 1555 1556 1975 
6 
541 542 543 1556 1975 1976 
5 
546 547 548 1993 1996 
7 
545 547 548 1993 1994 1995 1996 
7 
545 546 548 989 990 1995 1996 
5 
545 546 547 989 1996 
9 
113 114 115 116 550 551 552 941 944 
9 
114 115 549 551 552 941 942 943 944 
6 
115 549 550 552 943 944 
6 
115 116 549 550 551 944 
5 
554 555 556 1602 1603 
3 
553 555 556 
3 
553 554 556 
5 
553 554 555 1198 1603 
7 
558 559 560 1833 1834 1835 1836 
5 
557 559 560 1834 1835 
6 
557 558 560 1169 1170 1835 
6 
557 558 559 1169 1835 1836 
7 
279 284 562 563 564 1731 1732 
8 
283 284 361 561 563 564 956 1731 
6 
361 364 561 562 564 1322 
5 
561 562 563 1321 1322 
4 
566 567 568 1063 
3 
565 567 568 
3 
565 566 568 
3 
565 566 567 
8 
27 570 571 572 1029 1030 1031 1032 
5 
569 571 572 1030 1031 
6 
569 570 572 921 922 1031 
6 
569 570 571 921 1031 1032 
10 
574 575 576 577 578 579 580 802 803 1917 
7 
573 575 576 578 579 1917 1918 
9 
573 574 576 579 1649 1917 1918 1919 1920 
8 
573 574 575 579 580 803 1917 1920 
9 
22 573 578 579 580 801 802 803 804 
8 
573 574 577 579 580 802 803 1917 
10 
573 574 575 576 577 578 580 803 1917 1920 
9 
22 23 573 576 577 578 579 803 804 
8 
295 498 499 582 583 584 1102 1353 
6 
468 581 583 584 1353 1354 
7 
581 582 584 1353 1354 1355 1356 
8 
499 581 582 583 1102 1103 1353 1356 
5 
107 586 587 588 1041 
5 
585 587 588 1041 1042 
9 
509 510 585 586 588 1041 1042 1043 1044 
6 
509 585 586 587 1041 1044 
5 
590 591 592 1721 1724 
7 
589 591 592 1721 1722 1723 1724 
6 
589 590 592 1598 1723 1724 
6 
589 590 591 1597 1598 1724 
7 
594 595 596 1541 1542 1543 1544 
5 
593 595 596 1542 1543 
5 
593 594 596 1543 1838 
7 
593 594 595 1543 1544 1837 1838 
3 
598 599 600 
3 
597 599 600 
5 
597 598 600 1961 1962 
4 
597 598 599 1961 
4 
183 602 603 604 
3 
601 603 604 
3 
601 602 604 
3 
601 602 603 
3 
606 607 608 
4 
605 607 608 1989 
7 
282 605 606 608 954 1989 1992 
7 
281 282 605 606 607 953 954 
8 
90 610 611 612 1645 1648 1953 1954 
8 
609 611 612 1645 1646 1647 1648 1954 
7 
609 610 612 1647 1648 1954 1955 
12 
90 91 609 610 611 1034 1110 1648 1953 1954 1955 1956 
6 
614 615 616 1415 1795 1796 
4 
613 615 616 1795 
4 
98 613 614 616 
5 
97 98 613 614 615 
3 
618 619 620 
3 
617 619 620 
3 
617 618 620 
4 
617 618 619 998 
5 
622 623 624 1887 1888 
4 
621 623 624 1887 
3 
621 622 624 
3 
621 622 623 
3 
626 627 628 
3 
625 627 628 
3 
625 626 628 
3 
625 626 627 
3 
630 631 632 
3 
629 631 632 
3 
629 630 632 
3 
629 630 631 
9 
169 170 634 635 636 1745 1746 1747 1748 
6 
170 633 635 636 1746 1747 
6 
170 171 633 634 636 1747 
9 
169 170 171 172 633 634 635 1747 1748 
8 
638 639 640 1309 1312 1614 1709 1712 
13 
181 184 637 639 640 1309 1310 1311 1312 1709 1710 1711 1712 
10 
184 637 638 640 1311 1312 1517 1518 1711 1712 
7 
637 638 639 1312 1517 1615 1712 
5 
642 643 644 1435 1436 
5 
536 641 643 644 1435 
3 
641 642 644 
3 
641 642 643 
10 
646 647 648 796 1359 1813 1816 1890 1909 1910 
10 
645 647 648 795 796 1813 1814 1815 1816 1910 
6 
645 646 648 1815 1816 1911 
8 
645 646 647 1816 1890 1891 1911 1912 
3 
650 651 652 
7 
129 132 376 393 649 651 652 
6 
132 393 396 649 650 652 
3 
649 650 651 
3 
654 655 656 
3 
653 655 656 
4 
653 654 656 1462 
5 
653 654 655 1461 1462 
3 
658 659 660 
3 
657 659 660 
3 
657 658 660 
3 
657 658 659 
4 
481 662 663 664 
6 
481 482 661 663 664 701 
8 
481 482 483 484 661 662 664 704 
5 
481 484 661 662 663 
3 
666 667 668 
4 
665 667 668 1193 
5 
665 666 668 1193 1196 
3 
665 666 667 
6 
118 119 178 670 671 672 
4 
16 669 671 672 
4 
669 670 672 1777 
7 
119 178 179 669 670 671 1202 
5 
674 675 676 1629 1630 
5 
673 675 676 1473 1630 
7 
673 674 676 1473 1476 1630 1631 
7 
673 674 675 1629 1630 1631 1632 
7 
301 302 678 679 680 1981 1984 
11 
302 677 679 680 1441 1765 1768 1981 1982 1983 1984 
10 
302 303 677 678 680 1441 1444 1768 1983 1984 
8 
301 302 303 304 677 678 679 1984 
5 
682 683 684 1082 1083 
3 
681 683 684 
3 
681 682 684 
4 
681 682 683 1083 
4 
686 687 688 1315 
3 
685 687 688 
3 
685 686 688 
3 
685 686 687 
3 
690 691 692 
3 
689 691 692 
4 
454 689 690 692 
5 
453 454 689 690 691 
7 
694 695 696 833 834 835 836 
5 
693 695 696 834 835 
6 
265 266 693 694 696 835 
7 
265 693 694 695 835 836 1794 
3 
698 699 700 
6 
429 697 699 700 1021 1024 
8 
429 432 697 698 700 909 910 1024 
4 
697 698 699 909 
5 
482 662 702 703 704 
6 
289 701 703 704 788 1137 
7 
289 292 701 702 704 1137 1140 
6 
482 483 663 701 702 703 
5 
706 707 708 1305 1306 
4 
705 707 708 1306 
4 
705 706 708 1307 
5 
705 706 707 1307 1308 
3 
710 711 712 
3 
709 711 712 
3 
709 710 712 
4 
709 710 711 1278 
3 
714 715 716 
3 
713 715 716 
3 
713 714 716 
3 
713 714 715 
7 
508 718 719 720 858 1014 1015 
5 
507 508 717 719 720 
4 
717 718 720 1857 
6 
717 718 719 858 859 1015 
3 
722 723 724 
8 
37 501 504 721 723 724 1901 1904 
7 
37 40 504 721 722 724 1904 
3 
721 722 723 
7 
443 726 727 728 1830 1897 1898 
4 
725 727 728 1898 
8 
725 726 728 1133 1865 1866 1898 1899 
10 
725 726 727 1830 1831 1865 1897 1898 1899 1900 
4 
311 730 731 732 
3 
729 731 732 
4 
14 729 730 732 
5 
13 14 729 730 731 
6 
430 734 735 736 1022 1023 
3 
733 735 736 
3 
733 734 736 
7 
430 431 733 734 735 910 1023 
7 
738 739 740 773 776 829 830 
8 
737 739 740 773 774 775 776 830 
7 
737 738 740 775 776 830 831 
8 
737 738 739 776 829 830 831 832 
10 
203 204 428 742 743 744 1213 1214 1215 1216 
8 
203 427 428 741 743 744 1214 1215 
5 
54 741 742 744 1215 
7 
53 54 741 742 743 1215 1216 
4 
746 747 748 1620 
6 
745 747 748 1048 1619 1620 
3 
745 746 748 
3 
745 746 747 
6 
161 750 751 752 825 826 
7 
161 162 749 751 752 826 1960 
9 
161 162 163 164 749 750 752 826 827 
9 
161 164 749 750 751 825 826 827 828 
7 
58 59 121 124 754 755 756 
7 
121 122 123 124 753 755 756 
5 
123 124 753 754 756 
5 
59 124 753 754 755 
8 
231 232 417 418 758 759 760 951 
5 
231 418 757 759 760 
5 
418 419 757 758 760 
7 
417 418 419 420 757 758 759 
5 
762 763 764 1503 1504 
4 
761 763 764 1503 
3 
761 762 764 
6 
761 762 763 1638 1770 1854 
4 
766 767 768 1929 
5 
765 767 768 1929 1930 
7 
765 766 768 1929 1930 1931 1932 
5 
765 766 767 1929 1932 
4 
538 770 771 772 
3 
769 771 772 
4 
769 770 772 1557 
5 
538 539 769 770 771 
7 
435 436 737 738 774 775 776 
5 
435 738 773 775 776 
6 
738 739 773 774 776 830 
9 
737 738 739 740 773 774 775 829 830 
11 
213 216 778 779 780 1037 1038 1039 1040 1733 1736 
13 
213 214 215 216 777 779 780 1038 1039 1733 1734 1735 1736 
8 
215 216 777 778 780 1039 1735 1736 
7 
216 777 778 779 1039 1040 1736 
7 
353 354 782 783 784 1922 1923 
4 
354 781 783 784 
4 
355 781 782 784 
7 
18 355 356 781 782 783 1923 
6 
786 787 788 1356 1634 1635 
6 
89 785 787 788 1355 1356 
6 
89 92 785 786 788 1109 
5 
702 785 786 787 1635 
4 
790 791 792 1432 
5 
789 791 792 1431 1432 
3 
789 790 792 
3 
789 790 791 
5 
794 795 796 1813 1814 
5 
93 793 795 796 1814 
8 
93 96 646 793 794 796 1814 1815 
10 
645 646 793 794 795 1813 1814 1815 1816 1910 
3 
798 799 800 
3 
797 799 800 
3 
797 798 800 
3 
797 798 799 
4 
577 802 803 804 
6 
573 577 578 801 803 804 
10 
573 576 577 578 579 580 801 802 804 1917 
6 
22 577 580 801 802 803 
5 
23 806 807 808 1697 
5 
805 807 808 1698 1920 
5 
805 806 808 1698 1699 
5 
805 806 807 1697 1700 
3 
810 811 812 
3 
809 811 812 
3 
809 810 812 
3 
809 810 811 
3 
814 815 816 
5 
84 145 813 815 816 
6 
46 145 148 813 814 816 
5 
45 46 813 814 815 
3 
818 819 820 
5 
817 819 820 1493 1496 
4 
817 818 820 1496 
3 
817 818 819 
9 
67 822 823 824 845 846 847 848 1715 
5 
821 823 824 846 847 
4 
821 822 824 847 
5 
821 822 823 847 848 
6 
161 749 752 826 827 828 
9 
161 162 749 750 751 752 825 827 828 
9 
161 162 163 164 751 752 825 826 828 
6 
161 164 752 825 826 827 
7 
737 740 776 830 831 832 1275 
9 
737 738 739 740 775 776 829 831 832 
5 
739 740 829 830 832 
4 
740 829 830 831 
4 
693 834 835 836 
5 
693 694 833 835 836 
8 
265 693 694 695 696 833 834 836 
5 
693 696 833 834 835 
6 
157 160 496 838 839 840 
9 
157 158 159 160 495 496 837 839 840 
5 
159 160 837 838 840 
5 
160 837 838 839 1094 
3 
842 843 844 
3 
841 843 844 
4 
841 842 844 1117 
3 
841 842 843 
7 
67 821 846 847 848 1714 1715 
5 
821 822 845 847 848 
7 
821 822 823 824 845 846 848 
6 
821 824 845 846 847 1715 
5 
850 851 852 1342 1343 
4 
329 849 851 852 
5 
329 332 849 850 852 
4 
849 850 851 1343 
3 
854 855 856 
3 
853 855 856 
3 
853 854 856 
3 
853 854 855 
7 
858 859 860 1013 1014 1015 1016 
8 
508 717 720 857 859 860 1014 1015 
5 
720 857 858 860 1015 
5 
857 858 859 1015 1016 
7 
862 863 864 1719 1720 1965 1968 
8 
861 863 864 1719 1965 1966 1967 1968 
7 
861 862 864 1613 1614 1967 1968 
5 
861 862 863 1613 1968 
3 
866 867 868 
4 
865 867 868 1409 
5 
865 866 868 1409 1412 
3 
865 866 867 
3 
870 871 872 
3 
869 871 872 
3 
869 870 872 
3 
869 870 871 
6 
874 875 876 1657 1660 1688 
9 
873 875 876 1657 1658 1659 1660 1687 1688 
5 
873 874 876 1659 1660 
4 
873 874 875 1660 
9 
251 252 533 534 878 879 880 895 1434 
6 
251 534 877 879 880 1820 
6 
534 535 877 878 880 1893 
9 
533 534 535 536 877 878 879 1434 1435 
6 
518 519 882 883 884 1532 
7 
881 883 884 1233 1531 1532 1621 
7 
881 882 884 1233 1236 1621 1624 
4 
519 881 882 883 
3 
886 887 888 
5 
61 64 885 887 888 
4 
64 885 886 888 
3 
885 886 887 
5 
473 476 890 891 892 
7 
473 474 475 476 889 891 892 
8 
475 476 889 890 892 1801 1821 1822 
5 
476 889 890 891 1821 
5 
249 252 894 895 896 
8 
249 250 251 252 396 893 895 896 
7 
251 252 877 893 894 896 1434 
6 
252 893 894 895 1433 1434 
5 
109 110 898 899 900 
4 
110 897 899 900 
5 
110 111 897 898 900 
7 
109 110 111 112 897 898 899 
3 
902 903 904 
3 
901 903 904 
3 
901 902 904 
4 
901 902 903 1042 
3 
906 907 908 
3 
905 907 908 
3 
905 906 908 
3 
905 906 907 
6 
432 699 700 910 911 912 
7 
431 432 699 736 909 911 912 
4 
909 910 912 1382 
5 
909 910 911 1381 1382 
7 
333 334 335 336 914 915 916 
5 
334 335 913 915 916 
4 
335 913 914 916 
5 
335 336 913 914 915 
5 
918 919 920 1229 1957 
8 
301 917 919 920 1229 1230 1957 1958 
13 
301 304 917 918 920 1229 1230 1231 1232 1957 1958 1959 1960 
7 
917 918 919 1229 1232 1957 1960 
5 
571 572 922 923 924 
4 
571 921 923 924 
4 
921 922 924 1482 
5 
921 922 923 1481 1482 
5 
521 926 927 928 1872 
7 
521 522 925 927 928 1871 1872 
6 
523 524 925 926 928 1289 
4 
524 925 926 927 
6 
197 198 930 931 932 1389 
6 
198 929 931 932 1389 1390 
10 
198 199 929 930 932 1389 1390 1391 1392 1925 
9 
197 198 199 200 929 930 931 1389 1392 
8 
313 316 934 935 936 1268 1426 1427 
9 
313 314 315 316 933 935 936 1267 1268 
5 
315 316 933 934 936 
5 
316 933 934 935 1427 
6 
47 48 938 939 940 1245 
6 
47 937 939 940 1245 1246 
9 
937 938 940 1245 1246 1247 1248 1506 1885 
8 
937 938 939 1245 1248 1505 1506 1558 
7 
114 139 549 550 942 943 944 
4 
550 941 943 944 
5 
550 551 941 942 944 
9 
114 115 549 550 551 552 941 942 943 
3 
946 947 948 
3 
945 947 948 
3 
945 946 948 
3 
945 946 947 
6 
319 950 951 952 1249 1252 
8 
229 949 951 952 1249 1250 1251 1252 
8 
229 232 757 949 950 952 1251 1252 
4 
949 950 951 1252 
9 
281 282 283 284 608 954 955 956 1730 
9 
282 283 607 608 953 955 956 1989 1992 
7 
283 361 362 953 954 956 1992 
9 
283 284 361 562 953 954 955 1730 1731 
7 
958 959 960 1537 1540 1581 1582 
8 
957 959 960 1537 1538 1539 1540 1582 
8 
957 958 960 1089 1539 1540 1582 1583 
8 
957 958 959 1540 1581 1582 1583 1584 
4 
962 963 964 1165 
6 
961 963 964 1165 1166 1469 
9 
961 962 964 1165 1166 1167 1168 1469 1472 
5 
961 962 963 1165 1168 
5 
966 967 968 1237 1240 
7 
965 967 968 1237 1238 1239 1240 
6 
965 966 968 1239 1240 1905 
4 
965 966 967 1240 
7 
75 76 970 971 972 1585 1588 
8 
75 969 971 972 1585 1586 1587 1588 
5 
969 970 972 1587 1588 
4 
969 970 971 1588 
5 
974 975 976 1751 1752 
5 
372 973 975 976 1751 
3 
973 974 976 
3 
973 974 975 
7 
978 979 980 1593 1594 1595 1596 
5 
977 979 980 1594 1595 
4 
977 978 980 1595 
5 
977 978 979 1595 1596 
3 
982 983 984 
3 
981 983 984 
3 
981 982 984 
3 
981 982 983 
3 
986 987 988 
3 
985 987 988 
5 
29 30 985 986 988 
4 
29 985 986 987 
8 
547 548 990 991 992 1797 1798 1996 
7 
547 989 991 992 1798 1995 1996 
5 
989 990 992 1798 1799 
7 
989 990 991 1797 1798 1799 1800 
6 
994 995 996 1390 1391 1926 
3 
993 995 996 
3 
993 994 996 
5 
993 994 995 1391 1927 
3 
998 999 1000 
4 
620 997 999 1000 
3 
997 998 1000 
3 
997 998 999 
3 
1002 1003 1004 
4 
1001 1003 1004 1368 
3 
1001 1002 1004 
3 
1001 1002 1003 
3 
1006 1007 1008 
3 
1005 1007 1008 
3 
1005 1006 1008 
3 
1005 1006 1007 
3 
1010 1011 1012 
5 
1009 1011 1012 1481 1484 
4 
1009 1010 1012 1484 
3 
1009 1010 1011 
4 
857 1014 1015 1016 
7 
508 717 857 858 1013 1015 1016 
9 
717 720 857 858 859 860 1013 1014 1016 
5 
857 860 1013 1014 1015 
7 
485 486 487 488 1018 1019 1020 
7 
486 487 1017 1019 1020 1613 1616 
5 
487 1017 1018 1020 1616 
6 
487 488 1017 1018 1019 1862 
4 
698 1022 1023 1024 
4 
733 1021 1023 1024 
7 
429 430 733 736 1021 1022 1024 
6 
429 698 699 1021 1022 1023 
5 
63 64 1026 1027 1028 
4 
63 1025 1027 1028 
4 
1025 1026 1028 1349 
3 
1025 1026 1027 
6 
27 28 569 1030 1031 1032 
7 
27 569 570 1029 1031 1032 2000 
7 
569 570 571 572 1029 1030 1032 
5 
569 572 1029 1030 1031 
11 
92 290 291 1034 1035 1036 1109 1112 1138 1139 1956 
12 
91 92 612 1033 1035 1036 1109 1110 1111 1112 1955 1956 
5 
1033 1034 1036 1111 1112 
6 
291 1033 1034 1035 1112 1139 
6 
777 1038 1039 1040 1733 1736 
11 
213 216 777 778 1037 1039 1040 1733 1734 1735 1736 
10 
216 777 778 779 780 1037 1038 1040 1735 1736 
6 
777 780 1037 1038 1039 1736 
9 
509 510 585 586 587 588 1042 1043 1044 
7 
510 586 587 904 1041 1043 1044 
6 
510 511 587 1041 1042 1044 
9 
509 510 511 512 587 588 1041 1042 1043 
4 
1046 1047 1048 1618 
3 
1045 1047 1048 
3 
1045 1046 1048 
6 
746 1045 1046 1047 1618 1619 
4 
1050 1051 1052 1562 
3 
1049 1051 1052 
5 
465 466 1049 1050 1052 
8 
294 465 498 1049 1050 1051 1562 1563 
3 
1054 1055 1056 
3 
1053 1055 1056 
3 
1053 1054 1056 
3 
1053 1054 1055 
5 
469 470 1058 1059 1060 
7 
357 360 470 1057 1059 1060 1681 
7 
360 470 471 1057 1058 1060 1684 
8 
50 469 470 471 472 1057 1058 1059 
7 
1062 1063 1064 1153 1154 1155 1156 
5 
1061 1063 1064 1154 1155 
5 
565 1061 1062 1064 1155 
5 
1061 1062 1063 1155 1156 
6 
1066 1067 1068 1402 1525 1526 
4 
1065 1067 1068 1526 
5 
1065 1066 1068 1526 1527 
9 
1065 1066 1067 1402 1403 1525 1526 1527 1528 
3 
1070 1071 1072 
4 
1069 1071 1072 1236 
3 
1069 1070 1072 
3 
1069 1070 1071 
8 
456 1074 1075 1076 1817 1818 1819 1820 
9 
455 456 1073 1075 1076 1413 1416 1818 1819 
7 
1073 1074 1076 1416 1819 1937 1938 
6 
1073 1074 1075 1819 1820 1937 
3 
1078 1079 1080 
3 
1077 1079 1080 
3 
1077 1078 1080 
3 
1077 1078 1079 
3 
1082 1083 1084 
4 
681 1081 1083 1084 
5 
681 684 1081 1082 1084 
3 
1081 1082 1083 
3 
1086 1087 1088 
3 
1085 1087 1088 
3 
1085 1086 1088 
3 
1085 1086 1087 
8 
959 1090 1091 1092 1539 1540 1582 1583 
4 
1089 1091 1092 1539 
3 
1089 1090 1092 
4 
1089 1090 1091 1583 
3 
1094 1095 1096 
5 
160 840 1093 1095 1096 
6 
182 257 258 1093 1094 1096 
7 
181 182 257 1093 1094 1095 1310 
6 
1098 1099 1100 1513 1739 1740 
6 
1097 1099 1100 1513 1514 1739 
7 
1097 1098 1100 1513 1514 1515 1516 
7 
214 1097 1098 1099 1513 1516 1734 
7 
295 296 499 500 1102 1103 1104 
8 
295 499 581 584 1101 1103 1104 1353 
7 
584 1101 1102 1104 1353 1356 1634 
5 
1101 1102 1103 1633 1634 
3 
1106 1107 1108 
3 
1105 1107 1108 
3 
1105 1106 1108 
3 
1105 1106 1107 
14 
89 90 91 92 290 787 1033 1034 1110 1111 1112 1138 1953 1956 
12 
90 91 612 1034 1109 1111 1112 1648 1953 1954 1955 1956 
8 
91 1034 1035 1109 1110 1112 1955 1956 
14 
91 92 290 291 1033 1034 1035 1036 1109 1110 1111 1138 1139 1956 
5 
1114 1115 1116 1963 1964 
5 
44 1113 1115 1116 1963 
3 
1113 1114 1116 
3 
1113 1114 1115 
4 
843 1118 1119 1120 
3 
1117 1119 1120 
3 
1117 1118 1120 
3 
1117 1118 1119 
4 
419 1122 1123 1124 
3 
1121 1123 1124 
4 
1121 1122 1124 1617 
3 
1121 1122 1123 
3 
1126 1127 1128 
3 
1125 1127 1128 
4 
390 1125 1126 1128 
6 
389 390 1125 1126 1127 1330 
6 
87 190 191 1130 1131 1132 
3 
1129 1131 1132 
4 
2 1129 1130 1132 
6 
1 2 191 1129 1130 1131 
9 
727 1134 1135 1136 1293 1294 1866 1867 1899 
6 
325 328 1133 1135 1136 1294 
6 
328 1133 1134 1136 1294 1295 
8 
1133 1134 1135 1293 1294 1295 1296 1867 
7 
289 290 702 703 1138 1139 1140 
8 
92 290 1033 1109 1112 1137 1139 1140 
7 
291 1033 1036 1112 1137 1138 1140 
6 
291 292 703 1137 1138 1139 
3 
1142 1143 1144 
3 
1141 1143 1144 
3 
1141 1142 1144 
3 
1141 1142 1143 
5 
3 4 1146 1147 1148 
4 
3 1145 1147 1148 
3 
1145 1146 1148 
3 
1145 1146 1147 
4 
1150 1151 1152 1567 
3 
1149 1151 1152 
3 
1149 1150 1152 
3 
1149 1150 1151 
6 
1061 1154 1155 1156 1490 1491 
5 
1061 1062 1153 1155 1156 
7 
1061 1062 1063 1064 1153 1154 1156 
6 
1061 1064 1153 1154 1155 1491 
5 
415 416 1158 1159 1160 
5 
415 1157 1159 1160 1693 
7 
1157 1158 1160 1429 1430 1693 1696 
4 
1157 1158 1159 1429 
7 
221 1162 1163 1164 1186 1187 1511 
5 
221 222 1161 1163 1164 
9 
221 222 223 224 1161 1162 1164 1281 1282 
7 
221 224 1161 1162 1163 1187 1281 
8 
961 962 963 964 1166 1167 1168 1469 
7 
962 963 1165 1167 1168 1469 1470 
8 
963 1165 1166 1168 1469 1470 1471 1472 
7 
963 964 1165 1166 1167 1469 1472 
7 
559 560 1170 1171 1172 1835 1836 
5 
559 1169 1171 1172 1835 
3 
1169 1170 1172 
3 
1169 1170 1171 
5 
1174 1175 1176 1238 1239 
3 
1173 1175 1176 
4 
1173 1174 1176 1906 
6 
1173 1174 1175 1239 1905 1906 
3 
1178 1179 1180 
5 
1177 1179 1180 1544 1837 
5 
1177 1178 1180 1837 1840 
3 
1177 1178 1179 
9 
522 523 525 528 1182 1183 1184 1289 1290 
6 
526 527 1181 1183 1184 1290 
6 
527 1181 1182 1184 1290 1291 
9 
523 528 1181 1182 1183 1289 1290 1291 1292 
5 
1186 1187 1188 1509 1512 
8 
1161 1185 1187 1188 1509 1510 1511 1512 
7 
1161 1164 1185 1186 1188 1511 1512 
4 
1185 1186 1187 1512 
4 
1190 1191 1192 1243 
3 
1189 1191 1192 
9 
1189 1190 1192 1205 1206 1253 1254 1773 1774 
6 
1189 1190 1191 1205 1253 1773 
5 
666 667 1194 1195 1196 
3 
1193 1195 1196 
3 
1193 1194 1196 
4 
667 1193 1194 1195 
5 
1198 1199 1200 1603 1604 
5 
556 1197 1199 1200 1603 
4 
1197 1198 1200 1761 
3 
1197 1198 1199 
8 
119 120 177 180 1202 1203 1204 1973 
12 
119 177 178 179 180 672 1201 1203 1204 1553 1973 1974 
13 
179 180 541 542 1201 1202 1204 1553 1556 1973 1974 1975 1976 
7 
180 541 1201 1202 1203 1973 1976 
8 
1191 1192 1206 1207 1208 1253 1254 1773 
7 
1191 1205 1207 1208 1254 1773 1774 
9 
1205 1206 1208 1254 1255 1773 1774 1775 1776 
9 
1205 1206 1207 1253 1254 1255 1256 1773 1776 
5 
410 1210 1211 1212 1485 
7 
1209 1211 1212 1485 1486 1841 1844 
8 
1209 1210 1212 1485 1486 1487 1488 1844 
7 
410 411 1209 1210 1211 1485 1488 
9 
201 202 203 204 428 741 1214 1215 1216 
9 
202 203 427 428 741 742 1213 1215 1216 
8 
203 741 742 743 744 1213 1214 1216 
7 
203 204 741 744 1213 1214 1215 
3 
1218 1219 1220 
3 
1217 1219 1220 
3 
1217 1218 1220 
3 
1217 1218 1219 
3 
1222 1223 1224 
3 
1221 1223 1224 
3 
1221 1222 1224 
3 
1221 1222 1223 
3 
1226 1227 1228 
3 
1225 1227 1228 
3 
1225 1226 1228 
3 
1225 1226 1227 
9 
917 918 919 920 1230 1231 1232 1957 1958 
7 
301 918 919 1229 1231 1232 1958 
8 
301 304 919 1229 1230 1232 1958 1959 
9 
919 920 1229 1230 1231 1957 1958 1959 1960 
7 
882 883 1234 1235 1236 1621 1624 
10 
1233 1235 1236 1360 1621 1622 1623 1624 1889 1909 
8 
1233 1234 1236 1623 1624 1889 1892 1912 
6 
883 1070 1233 1234 1235 1624 
5 
965 966 1238 1239 1240 
5 
966 1173 1237 1239 1240 
7 
966 967 1173 1176 1237 1238 1240 
7 
965 966 967 968 1237 1238 1239 
7 
193 194 195 196 1242 1243 1244 
5 
194 195 1241 1243 1244 
5 
195 1189 1241 1242 1244 
5 
195 196 1241 1242 1243 
10 
937 938 939 940 1246 1247 1248 1505 1506 1558 
6 
938 939 1245 1247 1248 1506 
8 
939 1245 1246 1248 1506 1507 1885 1886 
12 
939 940 1245 1246 1247 1505 1506 1507 1508 1558 1559 1885 
6 
229 949 950 1250 1251 1252 
6 
229 230 950 1249 1251 1252 
9 
229 230 231 232 950 951 1249 1250 1252 
9 
229 232 949 950 951 952 1249 1250 1251 
8 
1191 1192 1205 1208 1254 1255 1256 1773 
10 
1191 1205 1206 1207 1208 1253 1255 1256 1773 1774 
7 
1207 1208 1253 1254 1256 1775 1776 
5 
1208 1253 1254 1255 1776 
3 
1258 1259 1260 
3 
1257 1259 1260 
3 
1257 1258 1260 
3 
1257 1258 1259 
8 
401 1262 1263 1264 1378 1379 1762 1763 
5 
401 402 1261 1263 1264 
7 
401 402 403 404 1261 1262 1264 
7 
401 404 1261 1262 1263 1379 1763 
3 
1266 1267 1268 
3 
1265 1267 1268 
6 
313 314 934 1265 1266 1268 
6 
313 933 934 1265 1266 1267 
4 
324 1270 1271 1272 
5 
323 324 1269 1271 1272 
4 
1269 1270 1272 1662 
5 
1269 1270 1271 1661 1662 
9 
37 38 502 503 1274 1275 1276 1902 1903 
5 
38 436 1273 1275 1276 
6 
38 39 829 1273 1274 1276 
9 
37 38 39 40 503 1273 1274 1275 1903 
5 
438 439 1278 1279 1280 
4 
712 1277 1279 1280 
4 
1277 1278 1280 1301 
4 
439 1277 1278 1279 
7 
223 224 1163 1164 1282 1283 1284 
6 
223 1163 1281 1283 1284 1449 
5 
1281 1282 1284 1449 1452 
3 
1281 1282 1283 
7 
146 147 241 244 1286 1287 1288 
7 
241 242 243 244 1285 1287 1288 
5 
243 244 1285 1286 1288 
5 
147 244 1285 1286 1287 
8 
523 528 927 1181 1184 1290 1291 1292 
9 
527 528 1181 1182 1183 1184 1289 1291 1292 
6 
273 1183 1184 1289 1290 1292 
4 
1184 1289 1290 1291 
9 
1133 1136 1294 1295 1296 1865 1866 1867 1868 
11 
325 328 1133 1134 1135 1136 1293 1295 1296 1866 1867 
7 
328 1135 1136 1293 1294 1296 1867 
6 
1136 1293 1294 1295 1867 1868 
5 
1298 1299 1300 1665 1666 
4 
1297 1299 1300 1666 
5 
1297 1298 1300 1666 1667 
7 
1297 1298 1299 1665 1666 1667 1668 
6 
5 6 1279 1302 1303 1304 
4 
6 1301 1303 1304 
5 
6 7 1301 1302 1304 
7 
5 6 7 8 1301 1302 1303 
4 
705 1306 1307 1308 
5 
705 706 1305 1307 1308 
5 
707 708 1305 1306 1308 
4 
708 1305 1306 1307 
11 
181 184 637 638 1310 1311 1312 1709 1710 1711 1712 
11 
181 182 183 184 638 1096 1309 1311 1312 1710 1711 
9 
183 184 638 639 1309 1310 1312 1518 1711 
12 
184 637 638 639 640 1309 1310 1311 1517 1518 1711 1712 
4 
51 1314 1315 1316 
3 
1313 1315 1316 
4 
685 1313 1314 1316 
3 
1313 1314 1315 
7 
245 246 247 248 1318 1319 1320 
5 
246 247 1317 1319 1320 
4 
247 1317 1318 1320 
5 
247 248 1317 1318 1319 
4 
564 1322 1323 1324 
5 
563 564 1321 1323 1324 
4 
1321 1322 1324 1329 
3 
1321 1322 1323 
9 
217 218 219 220 1326 1327 1328 1737 1738 
7 
218 219 449 1325 1327 1328 1738 
7 
219 452 1325 1326 1328 1738 1739 
9 
219 220 1325 1326 1327 1737 1738 1739 1740 
4 
1323 1330 1331 1332 
5 
389 1128 1329 1331 1332 
7 
389 392 445 446 1329 1330 1332 
4 
445 1329 1330 1331 
3 
1334 1335 1336 
4 
1333 1335 1336 1873 
5 
1333 1334 1336 1873 1876 
3 
1333 1334 1335 
3 
1338 1339 1340 
6 
240 1337 1339 1340 1825 1972 
5 
1337 1338 1340 1825 1828 
3 
1337 1338 1339 
6 
242 1342 1343 1344 1699 1700 
5 
849 1341 1343 1344 1699 
5 
849 852 1341 1342 1344 
5 
242 243 1341 1342 1343 
3 
1346 1347 1348 
4 
1345 1347 1348 1868 
3 
1345 1346 1348 
4 
1345 1346 1347 1362 
4 
1027 1350 1351 1352 
3 
1349 1351 1352 
3 
1349 1350 1352 
3 
1349 1350 1351 
10 
499 581 582 583 584 1102 1103 1354 1355 1356 
5 
582 583 1353 1355 1356 
5 
583 786 1353 1354 1356 
9 
583 584 785 786 1103 1353 1354 1355 1634 
5 
1358 1359 1360 1803 1823 
4 
1357 1359 1360 1813 
9 
645 1357 1358 1360 1622 1813 1816 1909 1910 
7 
1234 1357 1358 1359 1621 1622 1909 
3 
1362 1363 1364 
4 
1348 1361 1363 1364 
4 
1361 1362 1364 1546 
5 
1361 1362 1363 1545 1546 
3 
1366 1367 1368 
4 
1365 1367 1368 1760 
3 
1365 1366 1368 
4 
1002 1365 1366 1367 
3 
1370 1371 1372 
5 
1369 1371 1372 1605 1608 
6 
373 374 1369 1370 1372 1608 
4 
373 1369 1370 1371 
3 
1374 1375 1376 
3 
1373 1375 1376 
3 
1373 1374 1376 
3 
1373 1374 1375 
5 
1378 1379 1380 1761 1764 
8 
1261 1377 1379 1380 1761 1762 1763 1764 
8 
401 1261 1264 1377 1378 1380 1763 1764 
4 
1377 1378 1379 1764 
4 
912 1382 1383 1384 
5 
911 912 1381 1383 1384 
3 
1381 1382 1384 
3 
1381 1382 1383 
3 
1386 1387 1388 
3 
1385 1387 1388 
3 
1385 1386 1388 
3 
1385 1386 1387 
10 
198 199 929 930 931 932 1390 1391 1392 1925 
8 
930 931 993 1389 1391 1392 1925 1926 
10 
931 993 996 1389 1390 1392 1925 1926 1927 1928 
8 
199 931 932 1389 1390 1391 1925 1928 
6 
1394 1395 1396 1785 1826 1827 
5 
1393 1395 1396 1785 1786 
7 
1393 1394 1396 1785 1786 1787 1788 
6 
1393 1394 1395 1785 1788 1827 
6 
1398 1399 1400 1480 1784 1949 
11 
1397 1399 1400 1425 1428 1479 1480 1783 1784 1949 1950 
8 
1397 1398 1400 1428 1949 1950 1951 1952 
5 
1397 1398 1399 1949 1952 
3 
1402 1403 1404 
6 
1065 1068 1401 1403 1404 1525 
5 
1068 1401 1402 1404 1528 
3 
1401 1402 1403 
7 
513 514 515 516 1406 1407 1408 
5 
514 515 1405 1407 1408 
4 
515 1405 1406 1408 
6 
458 515 516 1405 1406 1407 
5 
866 867 1410 1411 1412 
5 
245 248 1409 1411 1412 
4 
248 1409 1410 1412 
4 
867 1409 1410 1411 
8 
453 454 455 456 1074 1414 1415 1416 
6 
454 455 1413 1415 1416 1793 
7 
455 613 1413 1414 1416 1793 1796 
8 
455 456 1074 1075 1413 1414 1415 1938 
5 
81 82 1418 1419 1420 
4 
82 1417 1419 1420 
4 
83 1417 1418 1420 
5 
83 84 1417 1418 1419 
6 
206 1422 1423 1424 1945 1948 
7 
1421 1423 1424 1945 1946 1947 1948 
5 
1421 1422 1424 1947 1948 
6 
206 207 1421 1422 1423 1948 
7 
135 1398 1426 1427 1428 1479 1783 
4 
933 1425 1427 1428 
5 
933 936 1425 1426 1428 
6 
1398 1399 1425 1426 1427 1950 
5 
1159 1160 1430 1431 1432 
5 
1159 1429 1431 1432 1696 
4 
790 1429 1430 1432 
5 
789 790 1429 1430 1431 
6 
896 1434 1435 1436 1774 1775 
8 
533 877 880 895 896 1433 1435 1436 
8 
533 536 641 642 880 1433 1434 1436 
5 
641 1433 1434 1435 1775 
8 
144 475 1438 1439 1440 1801 1802 1822 
6 
143 144 1437 1439 1440 1802 
5 
1437 1438 1440 1802 1803 
10 
1437 1438 1439 1530 1801 1802 1803 1804 1822 1823 
11 
678 679 1442 1443 1444 1767 1768 1981 1982 1983 1984 
6 
1441 1443 1444 1767 1982 1983 
4 
1441 1442 1444 1983 
6 
679 1441 1442 1443 1983 1984 
3 
1446 1447 1448 
3 
1445 1447 1448 
3 
1445 1446 1448 
3 
1445 1446 1447 
6 
223 1282 1283 1450 1451 1452 
5 
445 448 1449 1451 1452 
6 
237 448 1449 1450 1452 1969 
4 
1283 1449 1450 1451 
4 
272 1454 1455 1456 
5 
271 272 1453 1455 1456 
3 
1453 1454 1456 
3 
1453 1454 1455 
3 
1458 1459 1460 
3 
1457 1459 1460 
5 
173 174 1457 1458 1460 
4 
173 1457 1458 1459 
4 
656 1462 1463 1464 
5 
655 656 1461 1463 1464 
6 
70 1461 1462 1464 1497 1498 
6 
69 70 1461 1462 1463 1497 
3 
1466 1467 1468 
3 
1465 1467 1468 
3 
1465 1466 1468 
3 
1465 1466 1467 
9 
962 963 1165 1166 1167 1168 1470 1471 1472 
6 
1166 1167 1469 1471 1472 1741 
7 
489 1167 1469 1470 1472 1741 1744 
6 
963 1167 1168 1469 1470 1471 
5 
674 675 1474 1475 1476 
3 
1473 1475 1476 
3 
1473 1474 1476 
4 
675 1473 1474 1475 
6 
133 136 1478 1479 1480 1781 
9 
133 134 135 136 1477 1479 1480 1781 1782 
11 
135 136 1398 1425 1477 1478 1480 1781 1782 1783 1784 
8 
136 1397 1398 1477 1478 1479 1781 1784 
5 
924 1010 1482 1483 1484 
5 
923 924 1481 1483 1484 
3 
1481 1482 1484 
5 
1010 1011 1481 1482 1483 
9 
410 411 1209 1210 1211 1212 1486 1487 1488 
6 
1210 1211 1485 1487 1488 1844 
4 
1211 1485 1486 1488 
6 
411 1211 1212 1485 1486 1487 
4 
366 1490 1491 1492 
4 
1153 1489 1491 1492 
5 
1153 1156 1489 1490 1492 
4 
367 1489 1490 1491 
4 
818 1494 1495 1496 
3 
1493 1495 1496 
3 
1493 1494 1496 
5 
818 819 1493 1494 1495 
7 
69 70 1463 1464 1498 1499 1500 
5 
70 1463 1497 1499 1500 
5 
70 71 1497 1498 1500 
7 
69 70 71 72 1497 1498 1499 
3 
1502 1503 1504 
3 
1501 1503 1504 
5 
761 762 1501 1502 1504 
4 
761 1501 1502 1503 
8 
940 1245 1248 1506 1507 1508 1558 1559 
10 
939 940 1245 1246 1247 1248 1505 1507 1508 1885 
7 
1247 1248 1505 1506 1508 1885 1888 
5 
1248 1505 1506 1507 1559 
5 
1185 1186 1510 1511 1512 
4 
1186 1509 1511 1512 
6 
1161 1186 1187 1509 1510 1512 
7 
1185 1186 1187 1188 1509 1510 1511 
7 
1097 1098 1099 1100 1514 1515 1516 
6 
1098 1099 1513 1515 1516 1704 
4 
1099 1513 1514 1516 
5 
1099 1100 1513 1514 1515 
6 
639 640 1312 1518 1519 1520 
6 
639 1311 1312 1517 1519 1520 
3 
1517 1518 1520 
3 
1517 1518 1519 
7 
41 42 43 44 1522 1523 1524 
5 
42 43 1521 1523 1524 
4 
43 1521 1522 1524 
5 
43 44 1521 1522 1523 
6 
1065 1068 1402 1526 1527 1528 
7 
1065 1066 1067 1068 1525 1527 1528 
5 
1067 1068 1525 1526 1528 
5 
1068 1403 1525 1526 1527 
8 
518 1530 1531 1532 1801 1804 1821 1824 
12 
1440 1529 1531 1532 1801 1802 1803 1804 1821 1822 1823 1824 
8 
882 1529 1530 1532 1803 1804 1823 1824 
9 
518 519 881 882 1529 1530 1531 1804 1824 
4 
1534 1535 1536 1881 
5 
1533 1535 1536 1881 1882 
7 
1533 1534 1536 1881 1882 1883 1884 
5 
1533 1534 1535 1881 1884 
5 
957 958 1538 1539 1540 
4 
958 1537 1539 1540 
8 
958 959 1089 1090 1537 1538 1540 1582 
10 
957 958 959 960 1089 1537 1538 1539 1581 1582 
4 
593 1542 1543 1544 
5 
593 594 1541 1543 1544 
7 
593 594 595 596 1541 1542 1544 
6 
593 596 1178 1541 1542 1543 
4 
1364 1546 1547 1548 
5 
1363 1364 1545 1547 1548 
3 
1545 1546 1548 
3 
1545 1546 1547 
5 
77 78 1550 1551 1552 
5 
78 317 1549 1551 1552 
6 
79 317 320 1549 1550 1552 
5 
79 80 1549 1550 1551 
10 
179 541 542 1202 1203 1554 1555 1556 1974 1975 
6 
542 1553 1555 1556 1777 1780 
6 
542 543 1553 1554 1556 1780 
9 
541 542 543 544 1203 1553 1554 1555 1975 
4 
771 1558 1559 1560 
7 
940 1245 1248 1505 1557 1559 1560 
6 
1248 1505 1508 1557 1558 1560 
3 
1557 1558 1559 
3 
1562 1563 1564 
5 
1049 1052 1561 1563 1564 
6 
294 498 1052 1561 1562 1564 
7 
293 294 497 498 1561 1562 1563 
3 
1566 1567 1568 
3 
1565 1567 1568 
4 
1149 1565 1566 1568 
3 
1565 1566 1567 
3 
1570 1571 1572 
3 
1569 1571 1572 
3 
1569 1570 1572 
3 
1569 1570 1571 
4 
1574 1575 1576 1652 
5 
1573 1575 1576 1651 1652 
3 
1573 1574 1576 
3 
1573 1574 1575 
3 
1578 1579 1580 
3 
1577 1579 1580 
3 
1577 1578 1580 
5 
1577 1578 1579 1654 1702 
6 
957 960 1540 1582 1583 1584 
10 
957 958 959 960 1089 1539 1540 1581 1583 1584 
7 
959 960 1089 1092 1581 1582 1584 
4 
960 1581 1582 1583 
6 
75 969 970 1586 1587 1588 
4 
970 1585 1587 1588 
5 
970 971 1585 1586 1588 
7 
969 970 971 972 1585 1586 1587 
3 
1590 1591 1592 
3 
1589 1591 1592 
3 
1589 1590 1592 
3 
1589 1590 1591 
4 
977 1594 1595 1596 
5 
977 978 1593 1595 1596 
7 
977 978 979 980 1593 1594 1596 
6 
174 977 980 1593 1594 1595 
5 
592 1598 1599 1600 1724 
7 
591 592 1597 1599 1600 1723 1724 
3 
1597 1598 1600 
3 
1597 1598 1599 
3 
1602 1603 1604 
4 
553 1601 1603 1604 
7 
553 556 1197 1198 1601 1602 1604 
4 
1197 1601 1602 1603 
4 
1370 1606 1607 1608 
3 
1605 1607 1608 
3 
1605 1606 1608 
5 
1370 1371 1605 1606 1607 
5 
175 1610 1611 1612 1846 
3 
1609 1611 1612 
3 
1609 1610 1612 
5 
1609 1610 1611 1846 1847 
7 
486 863 864 1018 1614 1615 1616 
7 
637 863 1613 1615 1616 1709 1712 
5 
640 1613 1614 1616 1712 
7 
486 487 1018 1019 1613 1614 1615 
4 
1123 1618 1619 1620 
5 
1045 1048 1617 1619 1620 
5 
746 1048 1617 1618 1620 
5 
745 746 1617 1618 1619 
9 
882 883 1233 1234 1360 1622 1623 1624 1889 
9 
1234 1359 1360 1621 1623 1624 1889 1890 1909 
11 
1234 1235 1621 1622 1624 1889 1890 1891 1892 1909 1912 
10 
883 1233 1234 1235 1236 1621 1622 1623 1889 1892 
6 
101 337 340 1626 1627 1628 
9 
101 102 337 338 339 340 1625 1627 1628 
7 
103 104 339 340 1625 1626 1628 
5 
104 340 1625 1626 1627 
6 
187 673 676 1630 1631 1632 
7 
673 674 675 676 1629 1631 1632 
5 
675 676 1629 1630 1632 
4 
676 1629 1630 1631 
4 
1104 1634 1635 1636 
7 
785 1103 1104 1356 1633 1635 1636 
5 
785 788 1633 1634 1636 
3 
1633 1634 1635 
5 
1638 1639 1640 1769 1853 
8 
764 1637 1639 1640 1769 1770 1853 1854 
9 
1637 1638 1640 1771 1772 1853 1854 1855 1856 
6 
1637 1638 1639 1772 1853 1856 
4 
1642 1643 1644 1977 
5 
1641 1643 1644 1977 1978 
7 
1641 1642 1644 1977 1978 1979 1980 
5 
1641 1642 1643 1977 1980 
6 
90 609 610 1646 1647 1648 
4 
610 1645 1647 1648 
6 
610 611 1645 1646 1648 1954 
12 
90 91 609 610 611 612 1110 1645 1646 1647 1953 1954 
8 
575 1650 1651 1652 1917 1918 1919 1920 
5 
1649 1651 1652 1918 1919 
5 
1574 1649 1650 1652 1919 
7 
1573 1574 1649 1650 1651 1919 1920 
9 
449 450 451 452 1654 1655 1656 1701 1702 
7 
450 451 1580 1653 1655 1656 1702 
6 
451 1653 1654 1656 1702 1703 
9 
451 452 1653 1654 1655 1701 1702 1703 1704 
7 
873 874 1658 1659 1660 1687 1688 
5 
874 1657 1659 1660 1687 
5 
874 875 1657 1658 1660 
7 
873 874 875 876 1657 1658 1659 
4 
1272 1662 1663 1664 
6 
21 1271 1272 1661 1663 1664 
5 
21 24 1661 1662 1664 
3 
1661 1662 1663 
5 
1297 1300 1666 1667 1668 
7 
1297 1298 1299 1300 1665 1667 1668 
5 
1299 1300 1665 1666 1668 
4 
1300 1665 1666 1667 
5 
345 346 1670 1671 1672 
5 
346 1669 1671 1672 1805 
10 
202 346 347 425 426 1669 1670 1672 1805 1808 
10 
201 202 345 346 347 348 425 1669 1670 1671 
3 
1674 1675 1676 
3 
1673 1675 1676 
3 
1673 1674 1676 
3 
1673 1674 1675 
6 
297 298 1678 1679 1680 1858 
4 
298 1677 1679 1680 
5 
298 299 1677 1678 1680 
9 
297 298 299 300 1677 1678 1679 1858 1859 
8 
357 358 359 360 1058 1682 1683 1684 
5 
358 359 1681 1683 1684 
4 
359 1681 1682 1684 
6 
359 360 1059 1681 1682 1683 
3 
1686 1687 1688 
3 
1685 1687 1688 
6 
874 1657 1658 1685 1686 1688 
6 
873 874 1657 1685 1686 1687 
3 
1690 1691 1692 
3 
1689 1691 1692 
4 
1689 1690 1692 1921 
3 
1689 1690 1691 
6 
415 1158 1159 1694 1695 1696 
3 
1693 1695 1696 
3 
1693 1694 1696 
5 
1159 1430 1693 1694 1695 
5 
805 808 1698 1699 1700 
5 
806 807 1697 1699 1700 
6 
807 1341 1342 1697 1698 1700 
6 
242 808 1341 1697 1698 1699 
9 
449 450 451 452 1653 1656 1702 1703 1704 
10 
450 451 1580 1653 1654 1655 1656 1701 1703 1704 
6 
451 1655 1656 1701 1702 1704 
7 
451 452 1514 1656 1701 1702 1703 
3 
1706 1707 1708 
3 
1705 1707 1708 
3 
1705 1706 1708 
3 
1705 1706 1707 
7 
637 638 1309 1614 1710 1711 1712 
7 
181 638 1309 1310 1709 1711 1712 
11 
181 184 638 639 1309 1310 1311 1312 1709 1710 1712 
11 
637 638 639 640 1309 1312 1614 1615 1709 1710 1711 
7 
65 66 67 68 1714 1715 1716 
6 
66 67 845 1713 1715 1716 
7 
67 821 845 848 1713 1714 1716 
5 
67 68 1713 1714 1715 
3 
1718 1719 1720 
4 
1717 1719 1720 1965 
7 
861 862 1717 1718 1720 1965 1968 
4 
861 1717 1718 1719 
6 
320 589 590 1722 1723 1724 
6 
319 320 590 1721 1723 1724 
6 
590 591 1598 1721 1722 1724 
9 
589 590 591 592 1597 1598 1721 1722 1723 
5 
492 1726 1727 1728 1753 
7 
491 492 1725 1727 1728 1753 1754 
7 
1725 1726 1728 1753 1754 1755 1756 
5 
1725 1726 1727 1753 1756 
7 
277 278 279 280 1730 1731 1732 
9 
278 279 281 284 953 956 1729 1731 1732 
8 
279 284 561 562 956 1729 1730 1732 
6 
279 280 561 1729 1730 1731 
8 
213 777 778 1037 1038 1734 1735 1736 
8 
213 214 778 1038 1100 1733 1735 1736 
9 
215 216 778 779 1038 1039 1733 1734 1736 
12 
216 777 778 779 780 1037 1038 1039 1040 1733 1734 1735 
7 
219 220 1325 1328 1738 1739 1740 
8 
219 1325 1326 1327 1328 1737 1739 1740 
7 
1097 1098 1327 1328 1737 1738 1740 
5 
1097 1328 1737 1738 1739 
7 
489 490 1470 1471 1742 1743 1744 
4 
490 1741 1743 1744 
5 
490 491 1741 1742 1744 
8 
489 490 491 492 1471 1741 1742 1743 
5 
169 633 1746 1747 1748 
8 
169 170 633 634 1745 1747 1748 1876 
11 
169 170 171 172 633 634 635 636 1745 1746 1748 
7 
169 172 633 636 1745 1746 1747 
4 
495 1750 1751 1752 
4 
1749 1751 1752 1812 
5 
973 974 1749 1750 1752 
4 
973 1749 1750 1751 
7 
1725 1726 1727 1728 1754 1755 1756 
5 
1726 1727 1753 1755 1756 
4 
1727 1753 1754 1756 
5 
1727 1728 1753 1754 1755 
3 
1758 1759 1760 
3 
1757 1759 1760 
3 
1757 1758 1760 
4 
1366 1757 1758 1759 
6 
1199 1377 1378 1762 1763 1764 
5 
1261 1378 1761 1763 1764 
8 
401 1261 1264 1378 1379 1761 1762 1764 
7 
1377 1378 1379 1380 1761 1762 1763 
7 
302 678 1766 1767 1768 1981 1982 
4 
1765 1767 1768 1982 
7 
1441 1442 1765 1766 1768 1982 1983 
12 
302 303 678 679 1441 1765 1766 1767 1981 1982 1983 1984 
6 
1637 1638 1770 1771 1772 1853 
7 
764 1638 1769 1771 1772 1853 1854 
8 
1639 1769 1770 1772 1853 1854 1855 1856 
7 
1639 1640 1769 1770 1771 1853 1856 
11 
1191 1192 1205 1206 1207 1208 1253 1254 1774 1775 1776 
8 
1191 1206 1207 1254 1433 1773 1775 1776 
7 
1207 1255 1433 1436 1773 1774 1776 
7 
1207 1208 1255 1256 1773 1774 1775 
5 
671 1554 1778 1779 1780 
3 
1777 1779 1780 
3 
1777 1778 1780 
6 
542 1554 1555 1777 1778 1779 
9 
133 136 1477 1478 1479 1480 1782 1783 1784 
9 
133 134 135 136 1478 1479 1781 1783 1784 
8 
135 136 1398 1425 1479 1781 1782 1784 
8 
136 1397 1398 1479 1480 1781 1782 1783 
9 
1393 1394 1395 1396 1786 1787 1788 1826 1827 
5 
1394 1395 1785 1787 1788 
4 
1395 1785 1786 1788 
6 
1395 1396 1785 1786 1787 1827 
3 
1790 1791 1792 
3 
1789 1791 1792 
3 
1789 1790 1792 
4 
126 1789 1790 1791 
7 
454 455 1414 1415 1794 1795 1796 
4 
696 1793 1795 1796 
5 
613 614 1793 1794 1796 
6 
455 613 1415 1793 1794 1795 
5 
989 992 1798 1799 1800 
7 
989 990 991 992 1797 1799 1800 
5 
991 992 1797 1798 1800 
4 
992 1797 1798 1799 
12 
891 1437 1440 1529 1530 1802 1803 1804 1821 1822 1823 1824 
10 
1437 1438 1439 1440 1530 1801 1803 1804 1822 1823 
9 
1357 1439 1440 1530 1531 1801 1802 1804 1823 
10 
1440 1529 1530 1531 1532 1801 1802 1803 1823 1824 
6 
426 1670 1671 1806 1807 1808 
3 
1805 1807 1808 
3 
1805 1806 1808 
6 
426 427 1671 1805 1806 1807 
3 
1810 1811 1812 
3 
1809 1811 1812 
4 
369 1809 1810 1812 
4 
1750 1809 1810 1811 
10 
645 646 793 796 1358 1359 1814 1815 1816 1910 
8 
646 793 794 795 796 1813 1815 1816 
7 
646 647 795 796 1813 1814 1816 
12 
645 646 647 648 796 1359 1813 1814 1815 1890 1910 1911 
5 
395 1073 1818 1819 1820 
7 
453 456 1073 1074 1817 1819 1820 
9 
456 1073 1074 1075 1076 1817 1818 1820 1937 
6 
878 1073 1076 1817 1818 1819 
10 
475 476 891 892 1529 1530 1801 1822 1823 1824 
10 
475 891 1437 1440 1530 1801 1802 1821 1823 1824 
11 
1357 1440 1530 1531 1801 1802 1803 1804 1821 1822 1824 
10 
518 1529 1530 1531 1532 1801 1804 1821 1822 1823 
6 
1338 1339 1826 1827 1828 1972 
7 
1393 1785 1825 1827 1828 1971 1972 
7 
1393 1396 1785 1788 1825 1826 1828 
4 
1339 1825 1826 1827 
3 
1830 1831 1832 
7 
725 728 1829 1831 1832 1897 1900 
5 
728 1829 1830 1832 1900 
3 
1829 1830 1831 
4 
557 1834 1835 1836 
5 
557 558 1833 1835 1836 
9 
557 558 559 560 1169 1170 1833 1834 1836 
6 
557 560 1169 1833 1834 1835 
6 
596 1178 1179 1838 1839 1840 
5 
595 596 1837 1839 1840 
3 
1837 1838 1840 
4 
1179 1837 1838 1839 
4 
1210 1842 1843 1844 
3 
1841 1843 1844 
3 
1841 1842 1844 
6 
1210 1211 1486 1841 1842 1843 
5 
175 176 1846 1847 1848 
6 
175 1609 1612 1845 1847 1848 
4 
1612 1845 1846 1848 
4 
318 1845 1846 1847 
3 
1850 1851 1852 
3 
1849 1851 1852 
6 
377 1849 1850 1852 1941 1942 
4 
1849 1850 1851 1941 
11 
1637 1638 1639 1640 1769 1770 1771 1772 1854 1855 1856 
8 
764 1638 1639 1770 1771 1853 1855 1856 
5 
1639 1771 1853 1854 1856 
7 
1639 1640 1771 1772 1853 1854 1855 
6 
297 300 719 1858 1859 1860 
9 
297 298 299 300 1677 1680 1857 1859 1860 
6 
299 300 1680 1857 1858 1860 
4 
300 1857 1858 1859 
4 
488 1862 1863 1864 
6 
487 488 1020 1861 1863 1864 
3 
1861 1862 1864 
3 
1861 1862 1863 
8 
727 728 1293 1866 1867 1868 1899 1900 
8 
727 1133 1293 1294 1865 1867 1868 1899 
9 
1133 1136 1293 1294 1295 1296 1865 1866 1868 
6 
1293 1296 1346 1865 1866 1867 
3 
1870 1871 1872 
3 
1869 1871 1872 
6 
521 522 926 1869 1870 1872 
6 
521 925 926 1869 1870 1871 
5 
1334 1335 1874 1875 1876 
3 
1873 1875 1876 
3 
1873 1874 1876 
5 
1335 1746 1873 1874 1875 
3 
1878 1879 1880 
3 
1877 1879 1880 
3 
1877 1878 1880 
3 
1877 1878 1879 
7 
1533 1534 1535 1536 1882 1883 1884 
5 
1534 1535 1881 1883 1884 
4 
1535 1881 1882 1884 
5 
1535 1536 1881 1882 1883 
8 
939 1247 1248 1506 1507 1886 1887 1888 
4 
1247 1885 1887 1888 
5 
621 622 1885 1886 1888 
5 
621 1507 1885 1886 1887 
11 
1234 1235 1621 1622 1623 1624 1890 1891 1892 1909 1912 
12 
645 648 1622 1623 1816 1889 1891 1892 1909 1910 1911 1912 
7 
648 1623 1889 1890 1892 1911 1912 
7 
1235 1623 1624 1889 1890 1891 1912 
4 
879 1894 1895 1896 
5 
1893 1895 1896 1937 1940 
4 
1893 1894 1896 1940 
3 
1893 1894 1895 
6 
725 728 1830 1898 1899 1900 
7 
725 726 727 728 1897 1899 1900 
8 
727 728 1133 1865 1866 1897 1898 1900 
7 
728 1830 1831 1865 1897 1898 1899 
5 
501 722 1902 1903 1904 
6 
501 502 1273 1901 1903 1904 
11 
37 38 501 502 503 504 1273 1276 1901 1902 1904 
8 
37 501 504 722 723 1901 1902 1903 
5 
967 1176 1906 1907 1908 
5 
1175 1176 1905 1907 1908 
3 
1905 1906 1908 
3 
1905 1906 1907 
11 
645 1234 1359 1360 1622 1623 1889 1890 1910 1911 1912 
10 
645 646 796 1359 1813 1816 1890 1909 1911 1912 
8 
647 648 1816 1890 1891 1909 1910 1912 
10 
648 1235 1623 1889 1890 1891 1892 1909 1910 1911 
3 
1914 1915 1916 
3 
1913 1915 1916 
3 
1913 1914 1916 
3 
1913 1914 1915 
11 
573 574 575 576 578 579 803 1649 1918 1919 1920 
7 
574 575 1649 1650 1917 1919 1920 
8 
575 1649 1650 1651 1652 1917 1918 1920 
9 
575 576 579 806 1649 1652 1917 1918 1919 
4 
1691 1922 1923 1924 
5 
353 781 1921 1923 1924 
7 
353 356 781 784 1921 1922 1924 
3 
1921 1922 1923 
8 
931 1389 1390 1391 1392 1926 1927 1928 
6 
993 1390 1391 1925 1927 1928 
5 
996 1391 1925 1926 1928 
5 
1391 1392 1925 1926 1927 
7 
765 766 767 768 1930 1931 1932 
5 
766 767 1929 1931 1932 
4 
767 1929 1930 1932 
5 
767 768 1929 1930 1931 
4 
459 1934 1935 1936 
3 
1933 1935 1936 
3 
1933 1934 1936 
3 
1933 1934 1935 
7 
1075 1076 1819 1894 1938 1939 1940 
5 
1075 1416 1937 1939 1940 
3 
1937 1938 1940 
5 
1894 1895 1937 1938 1939 
7 
377 380 1851 1852 1942 1943 1944 
8 
377 378 379 380 1851 1941 1943 1944 
5 
379 380 1941 1942 1944 
5 
86 380 1941 1942 1943 
6 
206 1421 1422 1946 1947 1948 
4 
1422 1945 1947 1948 
5 
1422 1423 1945 1946 1948 
9 
206 207 1421 1422 1423 1424 1945 1946 1947 
7 
1397 1398 1399 1400 1950 1951 1952 
6 
1398 1399 1428 1949 1951 1952 
6 
217 218 1399 1949 1950 1952 
6 
217 1399 1400 1949 1950 1951 
12 
89 90 91 92 609 612 1109 1110 1648 1954 1955 1956 
12 
90 91 609 610 611 612 1110 1647 1648 1953 1955 1956 
9 
91 611 612 1034 1110 1111 1953 1954 1956 
12 
91 92 612 1033 1034 1109 1110 1111 1112 1953 1954 1955 
9 
917 918 919 920 1229 1232 1958 1959 1960 
11 
301 304 918 919 1229 1230 1231 1232 1957 1959 1960 
7 
304 919 1231 1232 1957 1958 1960 
7 
750 919 920 1232 1957 1958 1959 
5 
599 600 1962 1963 1964 
4 
599 1961 1963 1964 
5 
1113 1114 1961 1962 1964 
4 
1113 1961 1962 1963 
7 
861 862 1718 1719 1966 1967 1968 
4 
862 1965 1967 1968 
5 
862 863 1965 1966 1968 
8 
861 862 863 864 1719 1965 1966 1967 
6 
237 240 1451 1970 1971 1972 
7 
237 238 239 240 1969 1971 1972 
6 
239 240 1826 1969 1970 1972 
7 
240 1338 1825 1826 1969 1970 1971 
9 
180 541 1201 1202 1203 1204 1974 1975 1976 
9 
179 541 542 1202 1203 1553 1973 1975 1976 
10 
541 542 543 544 1203 1553 1556 1973 1974 1976 
7 
541 544 1203 1204 1973 1974 1975 
7 
1641 1642 1643 1644 1978 1979 1980 
5 
1642 1643 1977 1979 1980 
4 
1643 1977 1978 1980 
5 
1643 1644 1977 1978 1979 
9 
302 677 678 1441 1765 1768 1982 1983 1984 
10 
678 1441 1442 1765 1766 1767 1768 1981 1983 1984 
11 
678 679 1441 1442 1443 1444 1767 1768 1981 1982 1984 
12 
302 303 677 678 679 680 1441 1444 1768 1981 1982 1983 
3 
1986 1987 1988 
3 
1985 1987 1988 
3 
1985 1986 1988 
3 
1985 1986 1987 
6 
606 607 954 1990 1991 1992 
3 
1989 1991 1992 
3 
1989 1990 1992 
6 
607 954 955 1989 1990 1991 
5 
545 546 1994 1995 1996 
4 
546 1993 1995 1996 
6 
546 547 990 1993 1994 1996 
9 
545 546 547 548 989 990 1993 1994 1995 
3 
1998 1999 2000 
5 
233 236 1997 1999 2000 
4 
236 1997 1998 2000 
4 
1030 1997 1998 1999 