
500 
4 
5 
2 3 4 1957 1958 
4 
1 3 4 1958 
5 
1 2 4 1958 1959 
7 
1 2 3 1957 1958 1959 1960 
10 
6 7 8 553 556 697 1785 1786 1913 1914 
11 
5 7 8 553 554 555 556 697 698 1786 1914 
12 
5 6 8 555 556 697 698 699 700 1786 1787 1915 
13 
5 6 7 342 556 697 700 1785 1786 1787 1788 1915 1916 
4 
10 11 12 466 
3 
9 11 12 
3 
9 10 12 
4 
9 10 11 467 
3 
14 15 16 
3 
13 15 16 
5 
13 14 16 1989 1990 
5 
13 14 15 194 1989 
3 
18 19 20 
3 
17 19 20 
3 
17 18 20 
3 
17 18 19 
4 
22 23 24 1372 
7 
21 23 24 753 756 1371 1372 
6 
21 22 24 756 1493 1706 
5 
21 22 23 1705 1706 
7 
26 27 28 96 227 228 558 
6 
25 27 28 95 96 227 
3 
25 26 28 
5 
25 26 27 558 559 
6 
30 31 32 881 884 1097 
10 
29 31 32 280 881 882 883 884 1097 1098 
9 
29 30 32 883 884 1097 1098 1099 1100 
6 
29 30 31 884 1097 1100 
7 
34 35 36 349 352 1780 1939 
9 
33 35 36 349 350 351 352 1779 1780 
5 
33 34 36 351 352 
4 
33 34 35 352 
3 
38 39 40 
5 
37 39 40 621 1489 
7 
37 38 40 621 624 1489 1492 
3 
37 38 39 
6 
42 43 44 1129 1132 1332 
10 
41 43 44 1056 1129 1130 1131 1132 1331 1332 
6 
41 42 44 1131 1132 1418 
7 
41 42 43 386 1132 1417 1418 
6 
46 47 48 1180 1693 1694 
6 
45 47 48 1179 1180 1694 
4 
45 46 48 1695 
5 
45 46 47 1695 1696 
10 
50 51 52 90 709 710 711 712 1895 1896 
6 
49 51 52 710 711 1895 
4 
49 50 52 711 
7 
49 50 51 90 91 711 712 
7 
54 55 56 337 338 339 340 
5 
53 55 56 338 339 
4 
53 54 56 339 
5 
53 54 55 339 340 
6 
58 59 60 405 406 1517 
8 
57 59 60 406 1517 1518 1673 1676 
10 
57 58 60 406 407 1517 1518 1519 1520 1676 
9 
57 58 59 405 406 407 408 1517 1520 
7 
62 63 64 321 322 974 975 
4 
61 63 64 322 
7 
61 62 64 322 323 1305 1637 
10 
61 62 63 321 322 323 324 454 975 1926 
4 
66 67 68 391 
6 
65 67 68 909 912 1845 
7 
65 66 68 642 912 1845 1848 
6 
65 66 67 641 642 1882 
7 
70 71 72 563 564 1119 1120 
5 
69 71 72 563 1119 
3 
69 70 72 
3 
69 70 71 
4 
74 75 76 526 
3 
73 75 76 
3 
73 74 76 
5 
73 74 75 526 527 
4 
78 79 80 1771 
3 
77 79 80 
3 
77 78 80 
3 
77 78 79 
3 
82 83 84 
4 
81 83 84 1212 
3 
81 82 84 
3 
81 82 83 
7 
86 87 88 1095 1364 1651 1764 
7 
85 87 88 1363 1364 1763 1764 
3 
85 86 88 
3 
85 86 87 
5 
90 91 92 709 712 
9 
49 52 89 91 92 709 710 711 712 
6 
52 89 90 92 711 712 
4 
89 90 91 712 
8 
94 95 96 225 226 1165 1168 1752 
8 
93 95 96 226 1166 1167 1751 1752 
7 
26 93 94 96 226 227 1167 
10 
25 26 93 94 95 225 226 227 228 1168 
7 
98 99 100 1081 1082 1277 1280 
8 
97 99 100 1082 1277 1278 1279 1280 
7 
97 98 100 1082 1083 1279 1280 
8 
97 98 99 1081 1082 1083 1084 1280 
8 
102 103 104 109 513 514 1057 1058 
7 
101 103 104 109 110 514 1058 
11 
101 102 104 109 110 111 112 514 515 1058 1059 
13 
101 102 103 109 112 513 514 515 516 1057 1058 1059 1060 
13 
106 107 108 265 266 1609 1610 1611 1612 1889 1890 1891 1892 
8 
105 107 108 266 1610 1611 1890 1891 
7 
105 106 108 266 267 1611 1891 
11 
105 106 107 265 266 267 268 1611 1612 1891 1892 
11 
101 102 103 104 110 111 112 513 514 1057 1058 
7 
102 103 109 111 112 514 1058 
9 
103 109 110 112 514 515 649 1058 1059 
13 
103 104 109 110 111 513 514 515 516 1057 1058 1059 1060 
4 
114 115 116 747 
3 
113 115 116 
5 
113 114 116 353 354 
5 
113 114 115 258 353 
7 
118 119 120 1669 1670 1671 1672 
5 
117 119 120 1670 1671 
4 
117 118 120 1671 
5 
117 118 119 1671 1672 
9 
122 123 124 1005 1006 1617 1620 1741 1744 
13 
121 123 124 217 1006 1617 1618 1619 1620 1741 1742 1743 1744 
12 
121 122 124 217 220 850 1006 1007 1619 1620 1743 1744 
12 
121 122 123 802 849 850 1005 1006 1007 1008 1620 1744 
5 
126 127 128 1405 1406 
4 
125 127 128 1406 
5 
125 126 128 1406 1407 
7 
125 126 127 1405 1406 1407 1408 
3 
130 131 132 
3 
129 131 132 
4 
129 130 132 413 
3 
129 130 131 
5 
134 135 136 971 972 
4 
133 135 136 971 
3 
133 134 136 
4 
133 134 135 494 
3 
138 139 140 
5 
137 139 140 1481 1484 
4 
137 138 140 1484 
3 
137 138 139 
4 
142 143 144 1553 
6 
141 143 144 1553 1554 1632 
8 
141 142 144 1173 1553 1554 1555 1556 
5 
141 142 143 1553 1556 
6 
146 147 148 1169 1703 1704 
6 
145 147 148 1169 1170 1703 
7 
145 146 148 1145 1146 1171 1172 
5 
145 146 147 1145 1172 
4 
150 151 152 1084 
4 
149 151 152 1083 
3 
149 150 152 
4 
149 150 151 1134 
6 
154 155 156 551 552 953 
6 
153 155 156 551 953 954 
7 
153 154 156 953 954 955 956 
5 
153 154 155 953 956 
10 
158 159 160 229 232 291 292 402 403 1039 
8 
157 159 160 229 230 231 232 291 
6 
157 158 160 231 232 1114 
7 
157 158 159 232 403 1113 1114 
6 
162 163 164 1409 1410 1806 
4 
161 163 164 1410 
5 
161 162 164 1410 1411 
9 
161 162 163 1409 1410 1411 1412 1806 1807 
7 
166 167 168 529 673 674 820 
9 
165 167 168 529 530 674 819 820 977 
10 
165 166 168 531 532 674 675 977 980 1978 
10 
165 166 167 532 673 674 675 676 1977 1978 
7 
170 171 172 844 1278 1333 1336 
10 
169 171 172 843 844 1037 1333 1334 1335 1336 
8 
169 170 172 401 1037 1040 1335 1336 
6 
169 170 171 1278 1279 1336 
6 
174 175 176 805 808 1219 
7 
173 175 176 805 806 807 808 
5 
173 174 176 807 808 
4 
173 174 175 808 
6 
178 179 180 1324 1622 1851 
6 
177 179 180 1300 1323 1324 
3 
177 178 180 
5 
177 178 179 1622 1623 
3 
182 183 184 
3 
181 183 184 
3 
181 182 184 
3 
181 182 183 
3 
186 187 188 
5 
185 187 188 1689 1692 
4 
185 186 188 1692 
3 
185 186 187 
3 
190 191 192 
4 
189 191 192 865 
5 
189 190 192 865 868 
4 
189 190 191 910 
3 
194 195 196 
4 
16 193 195 196 
3 
193 194 196 
3 
193 194 195 
4 
198 199 200 1575 
3 
197 199 200 
3 
197 198 200 
3 
197 198 199 
3 
202 203 204 
3 
201 203 204 
3 
201 202 204 
3 
201 202 203 
3 
206 207 208 
3 
205 207 208 
3 
205 206 208 
3 
205 206 207 
4 
210 211 212 484 
5 
209 211 212 483 484 
3 
209 210 212 
3 
209 210 211 
4 
214 215 216 1309 
7 
213 215 216 1309 1310 1997 2000 
10 
213 214 216 742 1309 1310 1311 1312 1350 2000 
9 
213 214 215 741 742 1309 1312 1349 1350 
11 
122 123 218 219 220 850 1006 1619 1620 1743 1744 
5 
217 219 220 1619 1743 
3 
217 218 220 
8 
123 217 218 219 850 851 1006 1007 
8 
222 223 224 377 378 379 380 582 
6 
221 223 224 378 379 1016 
4 
221 222 224 379 
7 
221 222 223 379 380 582 583 
7 
93 96 226 227 228 1165 1168 
11 
93 94 95 96 225 227 228 1165 1166 1167 1168 
9 
25 26 95 96 225 226 228 1167 1168 
6 
25 96 225 226 227 1168 
8 
157 158 230 231 232 291 292 1799 
5 
158 229 231 232 291 
6 
158 159 229 230 232 1114 
9 
157 158 159 160 229 230 231 1113 1114 
3 
234 235 236 
3 
233 235 236 
4 
233 234 236 1086 
5 
233 234 235 1085 1086 
4 
238 239 240 1135 
3 
237 239 240 
8 
237 238 240 1317 1318 1533 1534 1953 
5 
237 238 239 1317 1533 
5 
242 243 244 614 615 
4 
241 243 244 721 
6 
241 242 244 721 724 1677 
4 
241 242 243 615 
5 
246 247 248 1503 1504 
4 
245 247 248 1503 
5 
245 246 248 1633 1634 
4 
245 246 247 1633 
3 
250 251 252 
4 
249 251 252 1352 
3 
249 250 252 
3 
249 250 251 
5 
254 255 256 489 492 
8 
253 255 256 489 490 491 492 1281 
8 
253 254 256 491 492 917 1281 1284 
4 
253 254 255 492 
3 
258 259 260 
4 
116 257 259 260 
4 
257 258 260 1985 
3 
257 258 259 
4 
262 263 264 828 
5 
261 263 264 827 828 
3 
261 262 264 
3 
261 262 263 
12 
105 108 266 267 268 635 1422 1423 1609 1612 1889 1892 
15 
105 106 107 108 265 267 268 1609 1610 1611 1612 1889 1890 1891 1892 
9 
107 108 265 266 268 1611 1612 1891 1892 
7 
108 265 266 267 1423 1612 1892 
3 
270 271 272 
3 
269 271 272 
3 
269 270 272 
3 
269 270 271 
3 
274 275 276 
3 
273 275 276 
3 
273 274 276 
3 
273 274 275 
5 
278 279 280 683 882 
4 
277 279 280 784 
3 
277 278 280 
7 
30 277 278 279 882 883 1098 
6 
282 283 284 365 366 890 
4 
281 283 284 366 
5 
281 282 284 366 367 
9 
281 282 283 365 366 367 368 890 891 
7 
286 287 288 557 1025 1026 1572 
8 
285 287 288 557 558 1026 1571 1572 
9 
285 286 288 557 558 559 560 1026 1027 
9 
285 286 287 557 560 1025 1026 1027 1028 
11 
290 291 292 1038 1039 1475 1476 1797 1798 1799 1800 
6 
289 291 292 1475 1798 1799 
8 
157 158 229 230 289 290 292 1799 
9 
157 229 289 290 291 402 1039 1799 1800 
5 
294 295 296 1729 1732 
9 
293 295 296 1229 1232 1729 1730 1731 1732 
6 
293 294 296 1232 1731 1732 
4 
293 294 295 1732 
4 
298 299 300 898 
4 
297 299 300 605 
6 
297 298 300 605 608 878 
7 
297 298 299 877 878 898 899 
3 
302 303 304 
3 
301 303 304 
3 
301 302 304 
3 
301 302 303 
8 
306 307 308 908 951 952 1158 1159 
6 
305 307 308 907 908 951 
3 
305 306 308 
4 
305 306 307 1159 
5 
310 311 312 474 475 
3 
309 311 312 
3 
309 310 312 
4 
309 310 311 475 
9 
314 315 316 1153 1154 1477 1478 1479 1480 
6 
313 315 316 1154 1478 1479 
6 
313 314 316 1154 1155 1479 
9 
313 314 315 1153 1154 1155 1156 1479 1480 
9 
318 319 320 821 822 823 824 1710 1711 
5 
317 319 320 822 823 
5 
317 318 320 766 823 
8 
317 318 319 765 766 823 824 1711 
8 
61 64 322 323 324 974 975 1926 
7 
61 62 63 64 321 323 324 
9 
63 64 321 322 324 454 1305 1757 1758 
10 
64 321 322 323 453 454 975 1757 1926 1927 
3 
326 327 328 
3 
325 327 328 
5 
325 326 328 421 422 
4 
325 326 327 421 
3 
330 331 332 
3 
329 331 332 
3 
329 330 332 
3 
329 330 331 
5 
334 335 336 598 599 
3 
333 335 336 
3 
333 334 336 
4 
333 334 335 599 
4 
53 338 339 340 
5 
53 54 337 339 340 
7 
53 54 55 56 337 338 340 
5 
53 56 337 338 339 
6 
342 343 344 1250 1788 1916 
9 
8 341 343 344 700 1787 1788 1915 1916 
3 
341 342 344 
6 
341 342 343 798 1250 1251 
5 
346 347 348 1857 1858 
4 
345 347 348 1858 
5 
345 346 348 1858 1859 
7 
345 346 347 1857 1858 1859 1860 
8 
33 34 350 351 352 1779 1780 1939 
5 
34 349 351 352 1779 
5 
34 35 349 350 352 
7 
33 34 35 36 349 350 351 
6 
115 116 354 355 356 1509 
6 
115 353 355 356 1509 1510 
8 
353 354 356 1509 1510 1511 1512 1986 
7 
353 354 355 1509 1512 1985 1986 
3 
358 359 360 
3 
357 359 360 
3 
357 358 360 
3 
357 358 359 
5 
362 363 364 681 1558 
5 
361 363 364 681 682 
9 
361 362 364 681 682 683 684 881 882 
8 
361 362 363 681 684 881 1558 1559 
6 
281 284 366 367 368 890 
7 
281 282 283 284 365 367 368 
5 
283 284 365 366 368 
6 
284 365 366 367 890 891 
7 
370 371 372 983 1541 1542 1879 
5 
369 371 372 672 1542 
6 
369 370 372 438 1542 1543 
10 
369 370 371 437 438 1541 1542 1543 1544 1942 
3 
374 375 376 
3 
373 375 376 
3 
373 374 376 
3 
373 374 375 
5 
221 378 379 380 579 
5 
221 222 377 379 380 
7 
221 222 223 224 377 378 380 
6 
221 224 377 378 379 582 
5 
382 383 384 1837 1838 
5 
381 383 384 1492 1838 
5 
381 382 384 1838 1839 
7 
381 382 383 1837 1838 1839 1840 
5 
386 387 388 1417 1420 
8 
44 385 387 388 1417 1418 1419 1420 
5 
385 386 388 1419 1420 
4 
385 386 387 1420 
5 
390 391 392 1203 1735 
3 
389 391 392 
4 
65 389 390 392 
3 
389 390 391 
3 
394 395 396 
4 
393 395 396 665 
5 
393 394 396 665 668 
4 
393 394 395 1402 
11 
398 399 400 677 678 679 680 1269 1272 1970 1971 
9 
397 399 400 678 679 1269 1270 1271 1272 
8 
397 398 400 679 1271 1272 1909 1910 
8 
397 398 399 679 680 1272 1909 1971 
6 
171 402 403 404 1039 1040 
7 
157 292 401 403 404 1039 1800 
6 
157 160 401 402 404 1113 
3 
401 402 403 
5 
57 60 406 407 408 
8 
57 58 59 60 405 407 408 1517 
7 
59 60 405 406 408 1517 1520 
4 
60 405 406 407 
9 
410 411 412 538 539 566 1110 1606 1607 
6 
409 411 412 1816 1929 1932 
4 
409 410 412 1932 
9 
409 410 411 539 566 567 1110 1111 1607 
5 
131 414 415 416 989 
5 
413 415 416 989 990 
9 
413 414 416 989 990 991 992 1893 1894 
6 
413 414 415 989 992 1893 
7 
418 419 420 604 736 1170 1171 
7 
417 419 420 603 604 735 736 
3 
417 418 420 
5 
417 418 419 1146 1171 
5 
327 328 422 423 424 
4 
327 421 423 424 
3 
421 422 424 
3 
421 422 423 
6 
426 427 428 569 572 1974 
7 
425 427 428 569 570 571 572 
5 
425 426 428 571 572 
6 
425 426 427 572 1974 1975 
7 
430 431 432 1965 1966 1967 1968 
5 
429 431 432 1966 1967 
4 
429 430 432 1967 
5 
429 430 431 1967 1968 
4 
434 435 436 481 
4 
433 435 436 482 
5 
433 434 436 482 483 
5 
433 434 435 481 484 
10 
372 438 439 440 502 1541 1542 1543 1544 1942 
7 
371 372 437 439 440 1542 1543 
4 
437 438 440 1543 
9 
437 438 439 502 503 1543 1544 1942 1943 
10 
442 443 444 478 479 1586 1917 1918 1919 1920 
5 
441 443 444 1918 1919 
4 
441 442 444 1919 
8 
441 442 443 479 1586 1587 1919 1920 
3 
446 447 448 
3 
445 447 448 
5 
445 446 448 1457 1458 
4 
445 446 447 1457 
5 
450 451 452 1445 1446 
4 
449 451 452 1446 
6 
449 450 452 1182 1446 1447 
9 
449 450 451 1181 1182 1445 1446 1447 1448 
10 
324 454 455 456 975 976 1925 1926 1927 1928 
10 
64 323 324 453 455 456 975 1757 1926 1927 
6 
453 454 456 1757 1760 1927 
6 
453 454 455 1290 1927 1928 
3 
458 459 460 
3 
457 459 460 
3 
457 458 460 
3 
457 458 459 
4 
462 463 464 1715 
3 
461 463 464 
3 
461 462 464 
3 
461 462 463 
3 
466 467 468 
4 
9 465 467 468 
4 
12 465 466 468 
3 
465 466 467 
3 
470 471 472 
3 
469 471 472 
3 
469 470 472 
3 
469 470 471 
9 
474 475 476 755 1065 1066 1067 1068 1494 
6 
309 473 475 476 1066 1067 
6 
309 312 473 474 476 1067 
7 
473 474 475 1067 1068 1494 1495 
3 
478 479 480 
5 
441 477 479 480 1917 
8 
441 444 477 478 480 1586 1917 1920 
5 
477 478 479 1585 1586 
5 
433 436 482 483 484 
5 
434 435 481 483 484 
5 
210 435 481 482 484 
6 
209 210 436 481 482 483 
3 
486 487 488 
3 
485 487 488 
3 
485 486 488 
3 
485 486 487 
5 
253 254 490 491 492 
4 
254 489 491 492 
7 
254 255 489 490 492 917 1281 
7 
253 254 255 256 489 490 491 
7 
494 495 496 1629 1630 1631 1632 
6 
136 493 495 496 1630 1631 
4 
493 494 496 1631 
5 
493 494 495 1631 1632 
6 
498 499 500 722 1433 1436 
9 
497 499 500 609 612 1433 1434 1435 1436 
6 
497 498 500 612 1435 1436 
6 
497 498 499 722 723 1436 
5 
502 503 504 1941 1944 
10 
437 440 501 503 504 1544 1941 1942 1943 1944 
6 
440 501 502 504 1943 1944 
4 
501 502 503 1944 
3 
506 507 508 
3 
505 507 508 
3 
505 506 508 
3 
505 506 507 
3 
510 511 512 
4 
509 511 512 1393 
7 
509 510 512 1393 1396 1945 1946 
4 
509 510 511 1945 
9 
101 104 109 112 514 515 516 1057 1060 
15 
101 102 103 104 109 110 111 112 513 515 516 1057 1058 1059 1060 
10 
103 104 111 112 513 514 516 649 1059 1060 
7 
104 112 513 514 515 970 1060 
15 
518 519 520 1077 1078 1079 1080 1306 1307 1637 1638 1639 1640 1758 1759 
7 
517 519 520 1078 1079 1638 1639 
5 
517 518 520 1079 1639 
9 
517 518 519 1079 1080 1307 1639 1640 1759 
5 
522 523 524 606 607 
3 
521 523 524 
3 
521 522 524 
4 
521 522 523 607 
3 
526 527 528 
5 
73 76 525 527 528 
6 
76 525 526 528 1337 1338 
4 
525 526 527 1337 
8 
165 166 530 531 532 673 674 820 
8 
166 529 531 532 674 819 820 977 
9 
167 529 530 532 674 675 977 980 1978 
11 
167 168 529 530 531 673 674 675 676 1977 1978 
4 
534 535 536 862 
4 
533 535 536 1664 
3 
533 534 536 
5 
533 534 535 862 863 
9 
538 539 540 565 566 1109 1110 1605 1606 
7 
409 537 539 540 566 1110 1606 
11 
409 412 537 538 540 566 567 1110 1111 1606 1607 
15 
537 538 539 565 566 567 568 1109 1110 1111 1112 1605 1606 1607 1608 
7 
542 543 544 702 774 1162 1163 
3 
541 543 544 
3 
541 542 544 
8 
541 542 543 702 703 774 775 1163 
5 
546 547 548 1789 1790 
5 
545 547 548 945 1790 
7 
545 546 548 945 948 1790 1791 
7 
545 546 547 1789 1790 1791 1792 
3 
550 551 552 
4 
549 551 552 904 
6 
153 154 549 550 552 953 
4 
153 549 550 551 
7 
5 6 554 555 556 1913 1914 
5 
6 553 555 556 1914 
10 
6 7 553 554 556 697 698 1786 1914 1915 
14 
5 6 7 8 553 554 555 697 1785 1786 1913 1914 1915 1916 
11 
285 286 287 288 558 559 560 1026 1027 1571 1572 
8 
25 28 286 287 557 559 560 1571 
5 
28 287 557 558 560 
6 
287 288 557 558 559 1027 
6 
562 563 564 1117 1459 1460 
6 
561 563 564 1117 1118 1459 
9 
69 70 561 562 564 1117 1118 1119 1120 
6 
69 561 562 563 1117 1120 
11 
537 540 566 567 568 1109 1110 1605 1606 1607 1608 
12 
409 412 537 538 539 540 565 567 568 1110 1606 1607 
8 
412 539 540 565 566 568 1111 1607 
8 
540 565 566 567 1111 1112 1607 1608 
5 
425 426 570 571 572 
4 
426 569 571 572 
5 
426 427 569 570 572 
8 
425 426 427 428 569 570 571 1974 
3 
574 575 576 
3 
573 575 576 
3 
573 574 576 
3 
573 574 575 
5 
578 579 580 1613 1614 
4 
577 579 580 1614 
6 
377 577 578 580 1614 1615 
8 
577 578 579 738 1613 1614 1615 1616 
3 
582 583 584 
6 
221 224 380 581 583 584 
4 
224 581 582 584 
3 
581 582 583 
3 
586 587 588 
3 
585 587 588 
3 
585 586 588 
3 
585 586 587 
5 
590 591 592 1289 1292 
7 
589 591 592 1289 1290 1291 1292 
5 
589 590 592 1291 1292 
4 
589 590 591 1292 
7 
594 595 596 639 640 1122 1123 
4 
593 595 596 639 
3 
593 594 596 
4 
593 594 595 1123 
3 
598 599 600 
4 
333 597 599 600 
5 
333 336 597 598 600 
3 
597 598 599 
5 
602 603 604 733 734 
6 
601 603 604 689 692 734 
7 
418 601 602 604 692 734 735 
9 
417 418 601 602 603 733 734 735 736 
5 
298 299 606 607 608 
4 
521 605 607 608 
6 
521 524 605 606 608 714 
7 
299 605 606 607 713 714 878 
8 
498 610 611 612 1433 1434 1435 1436 
7 
609 611 612 893 896 1434 1435 
5 
609 610 612 896 1435 
7 
498 499 609 610 611 1435 1436 
5 
614 615 616 1834 1835 
4 
241 613 615 616 
5 
241 244 613 614 616 
4 
613 614 615 1835 
6 
618 619 620 895 1805 1808 
9 
617 619 620 1409 1412 1805 1806 1807 1808 
6 
617 618 620 1412 1807 1808 
5 
617 618 619 1794 1808 
6 
38 39 622 623 624 1489 
5 
621 623 624 1489 1490 
7 
621 622 624 1489 1490 1491 1492 
6 
39 621 622 623 1489 1492 
3 
626 627 628 
3 
625 627 628 
3 
625 626 628 
4 
625 626 627 746 
4 
630 631 632 1224 
5 
629 631 632 1223 1224 
3 
629 630 632 
3 
629 630 631 
3 
634 635 636 
3 
633 635 636 
7 
265 633 634 636 1421 1422 1889 
4 
633 634 635 1421 
3 
638 639 640 
4 
637 639 640 892 
5 
593 594 637 638 640 
5 
593 637 638 639 1122 
5 
68 642 643 644 1882 
8 
67 68 641 643 644 912 1845 1848 
6 
641 642 644 777 874 1848 
7 
641 642 643 873 874 1882 1883 
6 
646 647 648 1400 1842 1843 
5 
645 647 648 1399 1400 
3 
645 646 648 
4 
645 646 647 1843 
6 
111 515 650 651 652 1059 
3 
649 651 652 
3 
649 650 652 
3 
649 650 651 
3 
654 655 656 
3 
653 655 656 
3 
653 654 656 
3 
653 654 655 
3 
658 659 660 
5 
657 659 660 1589 1592 
4 
657 658 660 1592 
3 
657 658 659 
7 
662 663 664 787 788 1253 1254 
5 
661 663 664 787 1254 
6 
661 662 664 1254 1255 1733 
7 
661 662 663 1253 1254 1255 1256 
5 
394 395 666 667 668 
3 
665 667 668 
3 
665 666 668 
4 
395 665 666 667 
5 
670 671 672 1175 1176 
5 
669 671 672 1175 1213 
6 
669 670 672 1125 1213 1216 
4 
370 669 670 671 
8 
165 168 529 532 674 675 676 1977 
14 
165 166 167 168 529 530 531 532 673 675 676 977 1977 1978 
13 
167 168 531 532 673 674 676 977 980 1977 1978 1979 1980 
7 
168 532 673 674 675 1977 1980 
6 
397 678 679 680 1969 1970 
7 
397 398 677 679 680 1269 1970 
12 
397 398 399 400 677 678 680 1269 1272 1909 1970 1971 
10 
397 400 677 678 679 1522 1969 1970 1971 1972 
7 
361 362 363 364 682 683 684 
5 
362 363 681 683 684 
7 
277 363 681 682 684 881 882 
6 
363 364 681 682 683 881 
6 
686 687 688 1505 1532 1685 
9 
685 687 688 1505 1506 1531 1532 1685 1686 
11 
685 686 688 1505 1506 1507 1508 1685 1686 1687 1688 
7 
685 686 687 1505 1508 1685 1688 
4 
602 690 691 692 
3 
689 691 692 
3 
689 690 692 
6 
602 603 689 690 691 734 
4 
694 695 696 1551 
3 
693 695 696 
3 
693 694 696 
3 
693 694 695 
15 
5 6 7 8 555 556 698 699 700 1785 1786 1913 1914 1915 1916 
9 
6 7 555 697 699 700 1786 1914 1915 
7 
7 697 698 700 1786 1787 1915 
12 
7 8 342 697 698 699 1785 1786 1787 1788 1915 1916 
9 
702 703 704 773 776 1161 1162 1163 1164 
11 
541 544 701 703 704 773 774 775 776 1162 1163 
7 
544 701 702 704 775 776 1163 
6 
701 702 703 776 1163 1164 
3 
706 707 708 
4 
705 707 708 949 
5 
705 706 708 949 952 
4 
705 706 707 1302 
7 
49 89 90 710 711 712 1896 
7 
49 50 90 709 711 712 1895 
9 
49 50 51 52 90 91 709 710 712 
9 
49 52 89 90 91 92 709 710 711 
9 
608 714 715 716 877 878 879 880 899 
7 
607 608 713 715 716 878 879 
4 
713 714 716 879 
5 
713 714 715 879 880 
5 
718 719 720 1775 1776 
4 
717 719 720 1775 
3 
717 718 720 
3 
717 718 719 
5 
242 243 722 723 724 
5 
497 500 721 723 724 
5 
500 721 722 724 1678 
7 
243 721 722 723 1677 1678 1698 
3 
726 727 728 
3 
725 727 728 
4 
725 726 728 1074 
6 
725 726 727 1022 1073 1074 
3 
730 731 732 
3 
729 731 732 
3 
729 730 732 
3 
729 730 731 
5 
601 604 734 735 736 
8 
601 602 603 604 692 733 735 736 
6 
418 603 604 733 734 736 
6 
417 418 604 733 734 735 
4 
738 739 740 1616 
6 
580 737 739 740 1615 1616 
3 
737 738 740 
3 
737 738 739 
7 
216 742 743 744 1309 1312 1349 
11 
215 216 741 743 744 1309 1310 1311 1312 1349 1350 
9 
741 742 744 1311 1312 1349 1350 1351 1352 
6 
741 742 743 1312 1349 1352 
3 
746 747 748 
4 
628 745 747 748 
4 
113 745 746 748 
3 
745 746 747 
5 
750 751 752 1029 1768 
7 
749 751 752 1029 1030 1767 1768 
8 
749 750 752 1029 1030 1031 1032 1561 
5 
749 750 751 1029 1032 
6 
22 754 755 756 1370 1371 
4 
753 755 756 1104 
6 
473 753 754 756 1065 1066 
7 
22 23 753 754 755 1065 1371 
4 
758 759 760 1075 
3 
757 759 760 
3 
757 758 760 
3 
757 758 759 
4 
762 763 764 1344 
5 
761 763 764 1343 1344 
3 
761 762 764 
3 
761 762 763 
7 
320 766 767 768 823 824 1711 
6 
319 320 765 767 768 823 
3 
765 766 768 
3 
765 766 767 
3 
770 771 772 
3 
769 771 772 
3 
769 770 772 
3 
769 770 771 
9 
701 702 774 775 776 1161 1162 1163 1164 
8 
541 544 702 773 775 776 1162 1163 
7 
544 702 703 773 774 776 1163 
9 
701 702 703 704 773 774 775 1163 1164 
4 
643 778 779 780 
3 
777 779 780 
3 
777 778 780 
3 
777 778 779 
4 
782 783 784 1636 
4 
781 783 784 1635 
3 
781 782 784 
4 
278 781 782 783 
7 
786 787 788 1035 1036 1867 1868 
5 
785 787 788 1035 1867 
7 
661 662 785 786 788 1253 1254 
5 
661 785 786 787 1253 
3 
790 791 792 
3 
789 791 792 
3 
789 790 792 
3 
789 790 791 
5 
794 795 796 1653 1654 
5 
793 795 796 1188 1654 
5 
793 794 796 1654 1655 
7 
793 794 795 1653 1654 1655 1656 
5 
798 799 800 1249 1252 
8 
344 797 799 800 1249 1250 1251 1252 
5 
797 798 800 1251 1252 
4 
797 798 799 1252 
7 
802 803 804 849 852 1005 1008 
12 
124 801 803 804 849 850 851 852 1005 1006 1007 1008 
8 
801 802 804 851 852 1007 1008 1501 
5 
801 802 803 852 1008 
5 
173 174 806 807 808 
4 
174 805 807 808 
5 
174 175 805 806 808 
7 
173 174 175 176 805 806 807 
5 
810 811 812 1061 1062 
4 
809 811 812 1062 
7 
809 810 812 1062 1063 1853 1854 
8 
809 810 811 1061 1062 1063 1064 1853 
7 
814 815 816 1139 1140 1313 1316 
8 
813 815 816 1139 1313 1314 1315 1316 
7 
813 814 816 973 974 1315 1316 
5 
813 814 815 973 1316 
3 
818 819 820 
3 
817 819 820 
5 
166 530 817 818 820 
7 
165 166 529 530 817 818 819 
8 
317 822 823 824 1709 1710 1711 1712 
7 
317 318 821 823 824 1710 1711 
10 
317 318 319 320 765 766 821 822 824 1711 
8 
317 320 765 821 822 823 1711 1712 
3 
826 827 828 
3 
825 827 828 
4 
262 825 826 828 
5 
261 262 825 826 827 
3 
830 831 832 
3 
829 831 832 
3 
829 830 832 
3 
829 830 831 
5 
834 835 836 1088 1222 
4 
833 835 836 1087 
3 
833 834 836 
5 
833 834 835 1222 1223 
8 
838 839 840 1021 1593 1594 1595 1596 
8 
837 839 840 1021 1022 1073 1594 1595 
10 
837 838 840 1021 1022 1023 1024 1073 1076 1595 
7 
837 838 839 1021 1024 1595 1596 
5 
842 843 844 1333 1334 
5 
841 843 844 1334 1473 
11 
170 841 842 844 1037 1038 1334 1335 1473 1476 1797 
10 
169 170 841 842 843 1037 1333 1334 1335 1336 
4 
846 847 848 1936 
5 
845 847 848 1935 1936 
3 
845 846 848 
3 
845 846 847 
11 
124 801 802 850 851 852 1005 1006 1007 1008 1620 
13 
123 124 217 220 802 849 851 852 1006 1007 1619 1620 1744 
8 
220 802 803 849 850 852 997 1007 
9 
801 802 803 804 849 850 851 1007 1008 
3 
854 855 856 
3 
853 855 856 
3 
853 854 856 
3 
853 854 855 
3 
858 859 860 
3 
857 859 860 
3 
857 858 860 
3 
857 858 859 
3 
862 863 864 
5 
533 536 861 863 864 
4 
536 861 862 864 
3 
861 862 863 
6 
190 191 866 867 868 933 
6 
865 867 868 933 934 1885 
11 
865 866 868 933 934 935 936 1353 1354 1885 1888 
7 
191 865 866 867 933 936 1353 
3 
870 871 872 
4 
869 871 872 1992 
3 
869 870 872 
3 
869 870 871 
7 
644 874 875 876 1049 1050 1883 
6 
643 644 873 875 876 1050 
5 
873 874 876 1050 1051 
7 
873 874 875 1049 1050 1051 1052 
7 
300 713 878 879 880 899 900 
9 
299 300 608 713 714 877 879 880 899 
7 
713 714 715 716 877 878 880 
5 
713 716 877 878 879 
9 
29 30 363 364 683 684 882 883 884 
8 
30 277 280 363 683 881 883 884 
8 
30 31 280 881 882 884 1097 1098 
8 
29 30 31 32 881 882 883 1097 
3 
886 887 888 
5 
885 887 888 921 924 
4 
885 886 888 924 
3 
885 886 887 
3 
890 891 892 
7 
281 284 365 368 889 891 892 
5 
284 368 889 890 892 
4 
638 889 890 891 
4 
610 894 895 896 
3 
893 895 896 
5 
617 893 894 896 1805 
5 
610 611 893 894 895 
3 
898 899 900 
5 
297 300 897 899 900 
7 
300 713 877 878 897 898 900 
4 
877 897 898 899 
3 
902 903 904 
3 
901 903 904 
3 
901 902 904 
4 
550 901 902 903 
4 
906 907 908 950 
3 
905 907 908 
5 
306 905 906 908 1849 
7 
305 306 905 906 907 950 951 
6 
66 910 911 912 1845 1846 
5 
192 909 911 912 1846 
5 
909 910 912 1846 1847 
10 
66 67 642 909 910 911 1845 1846 1847 1848 
3 
914 915 916 
3 
913 915 916 
3 
913 914 916 
3 
913 914 915 
9 
255 491 918 919 920 1281 1282 1283 1284 
5 
917 919 920 1282 1283 
5 
917 918 920 1283 1414 
7 
917 918 919 1283 1284 1413 1414 
4 
886 922 923 924 
3 
921 923 924 
3 
921 922 924 
5 
886 887 921 922 923 
4 
926 927 928 1717 
5 
925 927 928 1717 1718 
7 
925 926 928 1717 1718 1719 1720 
5 
925 926 927 1717 1720 
3 
930 931 932 
3 
929 931 932 
3 
929 930 932 
3 
929 930 931 
7 
865 866 867 868 934 935 936 
7 
866 867 933 935 936 1885 1888 
7 
867 933 934 936 1353 1354 1888 
6 
867 868 933 934 935 1353 
3 
938 939 940 
3 
937 939 940 
3 
937 938 940 
3 
937 938 939 
3 
942 943 944 
3 
941 943 944 
3 
941 942 944 
3 
941 942 943 
6 
546 547 946 947 948 1641 
5 
945 947 948 1641 1642 
5 
945 946 948 1643 1644 
5 
547 945 946 947 1644 
5 
706 707 950 951 952 
5 
905 908 949 951 952 
7 
305 306 908 949 950 952 1158 
7 
305 707 949 950 951 1157 1158 
8 
153 154 155 156 551 954 955 956 
5 
154 155 953 955 956 
4 
155 953 954 956 
5 
155 156 953 954 955 
3 
958 959 960 
3 
957 959 960 
3 
957 958 960 
3 
957 958 959 
7 
962 963 964 1069 1070 1071 1072 
5 
961 963 964 1070 1071 
4 
961 962 964 1071 
5 
961 962 963 1071 1072 
5 
966 967 968 1261 1264 
7 
965 967 968 1261 1262 1263 1264 
7 
965 966 968 1263 1264 1397 1398 
5 
965 966 967 1264 1397 
3 
970 971 972 
4 
516 969 971 972 
5 
133 134 969 970 972 
4 
133 969 970 971 
5 
815 816 974 975 976 
6 
61 321 815 973 975 976 
10 
61 64 321 324 453 454 973 974 976 1926 
6 
453 973 974 975 1925 1926 
10 
166 167 530 531 674 675 978 979 980 1978 
3 
977 979 980 
3 
977 978 980 
8 
167 531 675 977 978 979 1978 1979 
7 
982 983 984 1877 1878 1879 1880 
5 
981 983 984 1878 1879 
7 
369 981 982 984 1541 1542 1879 
6 
981 982 983 1541 1879 1880 
7 
986 987 988 1268 1597 1863 1864 
7 
985 987 988 1267 1597 1598 1863 
7 
985 986 988 1597 1598 1599 1600 
5 
985 986 987 1597 1600 
7 
413 414 415 416 990 991 992 
5 
414 415 989 991 992 
6 
415 989 990 992 1893 1894 
6 
415 416 989 990 991 1893 
3 
994 995 996 
3 
993 995 996 
5 
993 994 996 1437 1438 
4 
993 994 995 1437 
5 
851 998 999 1000 1502 
3 
997 999 1000 
3 
997 998 1000 
5 
997 998 999 1502 1503 
3 
1002 1003 1004 
3 
1001 1003 1004 
3 
1001 1002 1004 
4 
1001 1002 1003 1802 
8 
121 124 801 802 849 1006 1007 1008 
14 
121 122 123 124 217 220 802 849 850 1005 1007 1008 1620 1744 
12 
123 124 220 802 803 849 850 851 852 1005 1006 1008 
10 
124 801 802 803 804 849 852 1005 1006 1007 
3 
1010 1011 1012 
3 
1009 1011 1012 
3 
1009 1010 1012 
3 
1009 1010 1011 
3 
1014 1015 1016 
3 
1013 1015 1016 
4 
1013 1014 1016 1221 
4 
222 1013 1014 1015 
7 
1018 1019 1020 1961 1962 1963 1964 
5 
1017 1019 1020 1962 1963 
4 
1017 1018 1020 1963 
5 
1017 1018 1019 1963 1964 
11 
837 838 839 840 1022 1023 1024 1073 1076 1595 1596 
11 
728 838 839 1021 1023 1024 1073 1074 1075 1076 1595 
6 
839 1021 1022 1024 1075 1076 
6 
839 840 1021 1022 1023 1076 
6 
285 288 1026 1027 1028 1572 
10 
285 286 287 288 557 1025 1027 1028 1571 1572 
7 
287 288 557 560 1025 1026 1028 
4 
288 1025 1026 1027 
8 
749 750 751 752 1030 1031 1032 1561 
8 
750 751 1029 1031 1032 1388 1561 1562 
9 
751 1029 1030 1032 1561 1562 1563 1564 1574 
9 
751 752 1029 1030 1031 1561 1564 1573 1574 
5 
1034 1035 1036 1865 1868 
7 
1033 1035 1036 1865 1866 1867 1868 
7 
785 786 1033 1034 1036 1867 1868 
5 
785 1033 1034 1035 1868 
9 
170 171 843 844 1038 1039 1040 1335 1476 
9 
289 843 1037 1039 1040 1475 1476 1797 1800 
9 
157 289 292 401 402 1037 1038 1040 1800 
5 
171 401 1037 1038 1039 
3 
1042 1043 1044 
3 
1041 1043 1044 
4 
1041 1042 1044 1069 
3 
1041 1042 1043 
3 
1046 1047 1048 
3 
1045 1047 1048 
3 
1045 1046 1048 
3 
1045 1046 1047 
5 
873 876 1050 1051 1052 
7 
873 874 875 876 1049 1051 1052 
5 
875 876 1049 1050 1052 
4 
876 1049 1050 1051 
11 
1054 1055 1056 1129 1130 1195 1196 1329 1330 1331 1332 
7 
1053 1055 1056 1130 1195 1330 1331 
6 
1053 1054 1056 1130 1131 1331 
10 
42 1053 1054 1055 1129 1130 1131 1132 1331 1332 
9 
101 104 109 112 513 514 1058 1059 1060 
12 
101 102 103 104 109 110 111 112 514 1057 1059 1060 
10 
103 104 111 112 514 515 649 1057 1058 1060 
9 
104 112 513 514 515 516 1057 1058 1059 
5 
809 812 1062 1063 1064 
7 
809 810 811 812 1061 1063 1064 
6 
811 812 1061 1062 1064 1853 
4 
812 1061 1062 1063 
9 
473 755 756 1066 1067 1068 1371 1493 1494 
7 
473 474 755 1065 1067 1068 1494 
9 
473 474 475 476 1065 1066 1068 1494 1495 
9 
473 476 1065 1066 1067 1493 1494 1495 1496 
5 
961 1043 1070 1071 1072 
5 
961 962 1069 1071 1072 
7 
961 962 963 964 1069 1070 1072 
5 
961 964 1069 1070 1071 
10 
728 838 839 1021 1022 1074 1075 1076 1594 1595 
6 
727 728 1022 1073 1075 1076 
6 
757 1022 1023 1073 1074 1076 
9 
839 1021 1022 1023 1024 1073 1074 1075 1595 
12 
517 1078 1079 1080 1305 1306 1307 1308 1637 1640 1758 1759 
9 
517 518 1077 1079 1080 1306 1307 1638 1639 
9 
517 518 519 520 1077 1078 1080 1307 1639 
9 
517 520 1077 1078 1079 1307 1308 1640 1759 
6 
97 100 1082 1083 1084 1280 
9 
97 98 99 100 1081 1083 1084 1279 1280 
6 
99 100 150 1081 1082 1084 
5 
100 149 1081 1082 1083 
4 
236 1086 1087 1088 
5 
235 236 1085 1087 1088 
4 
834 1085 1086 1088 
5 
833 1085 1086 1087 1222 
3 
1090 1091 1092 
3 
1089 1091 1092 
3 
1089 1090 1092 
3 
1089 1090 1091 
7 
1094 1095 1096 1247 1248 1649 1652 
10 
1093 1095 1096 1247 1649 1650 1651 1652 1761 1764 
7 
85 1093 1094 1096 1651 1652 1764 
4 
1093 1094 1095 1652 
9 
29 30 31 32 883 884 1098 1099 1100 
7 
30 31 280 883 1097 1099 1100 
4 
31 1097 1098 1100 
5 
31 32 1097 1098 1099 
3 
1102 1103 1104 
3 
1101 1103 1104 
3 
1101 1102 1104 
4 
754 1101 1102 1103 
4 
1106 1107 1108 1665 
5 
1105 1107 1108 1665 1666 
7 
1105 1106 1108 1665 1666 1667 1668 
5 
1105 1106 1107 1665 1668 
8 
537 540 565 1110 1111 1112 1605 1608 
15 
409 412 537 538 539 540 565 566 1109 1111 1112 1605 1606 1607 1608 
10 
412 539 540 567 568 1109 1110 1112 1607 1608 
6 
540 568 1109 1110 1111 1608 
6 
160 232 403 1114 1115 1116 
7 
159 160 231 232 1113 1115 1116 
3 
1113 1114 1116 
3 
1113 1114 1115 
9 
561 562 563 564 1118 1119 1120 1459 1460 
6 
562 563 1117 1119 1120 1459 
6 
69 70 563 1117 1118 1120 
6 
69 563 564 1117 1118 1119 
3 
1122 1123 1124 
5 
593 640 1121 1123 1124 
5 
593 596 1121 1122 1124 
3 
1121 1122 1123 
5 
671 1126 1127 1128 1216 
5 
1125 1127 1128 1215 1216 
3 
1125 1126 1128 
3 
1125 1126 1127 
8 
41 42 1053 1056 1130 1131 1132 1332 
10 
42 1053 1054 1055 1056 1129 1131 1132 1331 1332 
7 
42 43 1055 1056 1129 1130 1132 
9 
41 42 43 44 1056 1129 1130 1131 1418 
3 
1134 1135 1136 
4 
152 1133 1135 1136 
4 
237 1133 1134 1136 
3 
1133 1134 1135 
4 
1138 1139 1140 1996 
5 
1137 1139 1140 1995 1996 
6 
813 814 1137 1138 1140 1313 
4 
813 1137 1138 1139 
3 
1142 1143 1144 
3 
1141 1143 1144 
3 
1141 1142 1144 
3 
1141 1142 1143 
7 
147 148 1146 1147 1148 1171 1172 
6 
147 420 1145 1147 1148 1171 
3 
1145 1146 1148 
3 
1145 1146 1147 
3 
1150 1151 1152 
3 
1149 1151 1152 
3 
1149 1150 1152 
3 
1149 1150 1151 
6 
313 316 1154 1155 1156 1480 
9 
313 314 315 316 1153 1155 1156 1479 1480 
6 
315 316 1153 1154 1156 1626 
6 
316 1153 1154 1155 1625 1626 
4 
952 1158 1159 1160 
6 
305 951 952 1157 1159 1160 
5 
305 308 1157 1158 1160 
3 
1157 1158 1159 
5 
701 773 1162 1163 1164 
9 
541 701 702 773 774 1161 1163 1164 1904 
13 
541 544 701 702 703 704 773 774 775 776 1161 1162 1164 
7 
701 704 773 776 1161 1162 1163 
7 
93 225 226 1166 1167 1168 1752 
8 
94 226 1165 1167 1168 1452 1751 1752 
7 
94 95 226 227 1165 1166 1168 
9 
93 96 225 226 227 228 1165 1166 1167 
7 
145 146 1170 1171 1172 1703 1704 
6 
146 417 1169 1171 1172 1703 
8 
147 417 420 1145 1146 1169 1170 1172 
6 
147 148 1145 1169 1170 1171 
5 
143 1174 1175 1176 1555 
3 
1173 1175 1176 
5 
669 670 1173 1174 1176 
4 
669 1173 1174 1175 
3 
1178 1179 1180 
3 
1177 1179 1180 
5 
46 1177 1178 1180 1694 
7 
45 46 1177 1178 1179 1693 1694 
7 
452 1182 1183 1184 1425 1447 1448 
8 
451 452 1181 1183 1184 1425 1426 1447 
7 
1181 1182 1184 1425 1426 1427 1428 
5 
1181 1182 1183 1425 1428 
3 
1186 1187 1188 
3 
1185 1187 1188 
3 
1185 1186 1188 
4 
794 1185 1186 1187 
5 
1190 1191 1192 1618 1742 
4 
1189 1191 1192 1765 
5 
1189 1190 1192 1765 1768 
7 
1189 1190 1191 1618 1619 1742 1743 
4 
1194 1195 1196 1662 
3 
1193 1195 1196 
7 
1053 1054 1193 1194 1196 1329 1330 
7 
1053 1193 1194 1195 1329 1662 1663 
7 
1198 1199 1200 1981 1982 1983 1984 
5 
1197 1199 1200 1982 1983 
4 
1197 1198 1200 1983 
5 
1197 1198 1199 1983 1984 
5 
1202 1203 1204 1733 1736 
7 
1201 1203 1204 1733 1734 1735 1736 
6 
389 1201 1202 1204 1735 1736 
4 
1201 1202 1203 1736 
5 
1206 1207 1208 1357 1358 
6 
1205 1207 1208 1358 1781 1976 
6 
1205 1206 1208 1359 1781 1784 
5 
1205 1206 1207 1359 1360 
5 
1210 1211 1212 1831 1832 
4 
1209 1211 1212 1831 
4 
1209 1210 1212 1993 
4 
82 1209 1210 1211 
5 
670 671 1214 1215 1216 
3 
1213 1215 1216 
4 
1126 1213 1214 1216 
6 
671 1125 1126 1213 1214 1215 
4 
1218 1219 1220 1463 
3 
1217 1219 1220 
4 
173 1217 1218 1220 
3 
1217 1218 1219 
4 
1015 1222 1223 1224 
6 
833 836 1088 1221 1223 1224 
5 
630 836 1221 1222 1224 
5 
629 630 1221 1222 1223 
5 
1226 1227 1228 1825 1826 
6 
1225 1227 1228 1325 1328 1826 
6 
1225 1226 1228 1328 1826 1827 
7 
1225 1226 1227 1825 1826 1827 1828 
6 
294 1230 1231 1232 1730 1731 
5 
1229 1231 1232 1565 1568 
4 
1229 1230 1232 1568 
6 
294 295 1229 1230 1231 1731 
3 
1234 1235 1236 
3 
1233 1235 1236 
3 
1233 1234 1236 
4 
1233 1234 1235 1526 
3 
1238 1239 1240 
3 
1237 1239 1240 
3 
1237 1238 1240 
4 
1237 1238 1239 1818 
3 
1242 1243 1244 
3 
1241 1243 1244 
3 
1241 1242 1244 
3 
1241 1242 1243 
3 
1246 1247 1248 
3 
1245 1247 1248 
6 
1093 1094 1245 1246 1248 1649 
4 
1093 1245 1246 1247 
5 
797 798 1250 1251 1252 
6 
341 344 798 1249 1251 1252 
6 
344 798 799 1249 1250 1252 
7 
797 798 799 800 1249 1250 1251 
7 
661 664 787 788 1254 1255 1256 
8 
661 662 663 664 787 1253 1255 1256 
5 
663 664 1253 1254 1256 
4 
664 1253 1254 1255 
4 
1258 1259 1260 1429 
6 
1257 1259 1260 1429 1430 1796 
7 
1257 1258 1260 1429 1430 1431 1432 
5 
1257 1258 1259 1429 1432 
5 
965 966 1262 1263 1264 
4 
966 1261 1263 1264 
7 
966 967 1261 1262 1264 1397 1398 
8 
965 966 967 968 1261 1262 1263 1397 
9 
1266 1267 1268 1487 1488 1861 1862 1863 1864 
6 
1265 1267 1268 1487 1862 1863 
7 
986 1265 1266 1268 1597 1598 1863 
7 
985 1265 1266 1267 1597 1863 1864 
7 
397 398 678 679 1270 1271 1272 
4 
398 1269 1271 1272 
7 
398 399 1269 1270 1272 1909 1910 
9 
397 398 399 400 679 1269 1270 1271 1909 
3 
1274 1275 1276 
3 
1273 1275 1276 
3 
1273 1274 1276 
3 
1273 1274 1275 
5 
97 98 1278 1279 1280 
7 
98 169 172 1277 1279 1280 1336 
7 
98 99 172 1082 1277 1278 1280 
9 
97 98 99 100 1081 1082 1277 1278 1279 
7 
254 255 491 917 1282 1283 1284 
5 
917 918 1281 1283 1284 
7 
917 918 919 920 1281 1282 1284 
6 
255 917 920 1281 1282 1283 
3 
1286 1287 1288 
3 
1285 1287 1288 
3 
1285 1286 1288 
3 
1285 1286 1287 
6 
589 590 1290 1291 1292 1928 
7 
456 590 1289 1291 1292 1927 1928 
5 
590 591 1289 1290 1292 
7 
589 590 591 592 1289 1290 1291 
3 
1294 1295 1296 
4 
1293 1295 1296 1449 
6 
1293 1294 1296 1449 1452 1750 
5 
1293 1294 1295 1749 1750 
5 
1298 1299 1300 1321 1322 
6 
1297 1299 1300 1322 1345 1348 
6 
1297 1298 1300 1322 1323 1348 
8 
178 1297 1298 1299 1321 1322 1323 1324 
3 
1302 1303 1304 
4 
708 1301 1303 1304 
3 
1301 1302 1304 
3 
1301 1302 1303 
9 
63 323 1077 1306 1307 1308 1637 1757 1758 
9 
517 1077 1078 1305 1307 1308 1637 1638 1758 
13 
517 520 1077 1078 1079 1080 1305 1306 1308 1639 1640 1758 1759 
10 
1077 1080 1305 1306 1307 1640 1757 1758 1759 1760 
11 
213 214 215 216 741 742 1310 1311 1312 1349 1350 
8 
214 215 742 1309 1311 1312 1350 2000 
8 
215 742 743 1309 1310 1312 1350 1351 
13 
215 216 741 742 743 744 1309 1310 1311 1349 1350 1351 1352 
6 
813 814 1139 1314 1315 1316 
4 
814 1313 1315 1316 
5 
814 815 1313 1314 1316 
7 
813 814 815 816 1313 1314 1315 
10 
239 240 1318 1319 1320 1513 1514 1533 1953 1956 
11 
239 1317 1319 1320 1514 1533 1534 1953 1954 1955 1956 
9 
1317 1318 1320 1514 1515 1535 1536 1955 1956 
10 
1317 1318 1319 1513 1514 1515 1516 1536 1754 1956 
5 
1297 1300 1322 1323 1324 
7 
1297 1298 1299 1300 1321 1323 1324 
6 
178 1299 1300 1321 1322 1324 
7 
177 178 1300 1321 1322 1323 1622 
4 
1226 1326 1327 1328 
3 
1325 1327 1328 
3 
1325 1326 1328 
5 
1226 1227 1325 1326 1327 
6 
1053 1195 1196 1330 1331 1332 
6 
1053 1054 1195 1329 1331 1332 
9 
42 1053 1054 1055 1056 1130 1329 1330 1332 
9 
41 42 1053 1056 1129 1130 1329 1330 1331 
7 
169 170 841 844 1334 1335 1336 
9 
170 841 842 843 844 1333 1335 1336 1473 
10 
170 171 843 844 1037 1333 1334 1336 1473 1476 
9 
169 170 171 172 844 1278 1333 1334 1335 
5 
527 528 1338 1339 1340 
4 
527 1337 1339 1340 
3 
1337 1338 1340 
3 
1337 1338 1339 
3 
1342 1343 1344 
3 
1341 1343 1344 
4 
762 1341 1342 1344 
5 
761 762 1341 1342 1343 
4 
1298 1346 1347 1348 
3 
1345 1347 1348 
3 
1345 1346 1348 
5 
1298 1299 1345 1346 1347 
10 
216 741 742 743 744 1309 1312 1350 1351 1352 
11 
215 216 742 743 1309 1310 1311 1312 1349 1351 1352 
6 
743 1311 1312 1349 1350 1352 
7 
250 743 744 1312 1349 1350 1351 
7 
867 868 935 936 1354 1355 1356 
6 
867 935 1353 1355 1356 1888 
4 
1353 1354 1356 1498 
4 
1353 1354 1355 1497 
4 
1205 1358 1359 1360 
6 
1205 1206 1357 1359 1360 1976 
5 
1207 1208 1357 1358 1360 
4 
1208 1357 1358 1359 
6 
1362 1363 1364 1650 1761 1762 
4 
1361 1363 1364 1762 
5 
86 1361 1362 1364 1763 
9 
85 86 1361 1362 1363 1650 1651 1763 1764 
4 
1366 1367 1368 1578 
3 
1365 1367 1368 
3 
1365 1366 1368 
6 
1365 1366 1367 1546 1578 1579 
3 
1370 1371 1372 
4 
753 1369 1371 1372 
7 
22 753 756 1065 1369 1370 1372 
5 
21 22 1369 1370 1371 
3 
1374 1375 1376 
3 
1373 1375 1376 
3 
1373 1374 1376 
3 
1373 1374 1375 
3 
1378 1379 1380 
3 
1377 1379 1380 
3 
1377 1378 1380 
3 
1377 1378 1379 
3 
1382 1383 1384 
3 
1381 1383 1384 
3 
1381 1382 1384 
3 
1381 1382 1383 
4 
1386 1387 1388 1767 
3 
1385 1387 1388 
3 
1385 1386 1388 
5 
1030 1385 1386 1387 1562 
3 
1390 1391 1392 
3 
1389 1391 1392 
3 
1389 1390 1392 
3 
1389 1390 1391 
6 
510 511 1394 1395 1396 1548 
5 
1393 1395 1396 1547 1548 
3 
1393 1394 1396 
5 
511 1393 1394 1395 1946 
7 
967 968 1263 1264 1398 1399 1400 
5 
967 1263 1397 1399 1400 
4 
646 1397 1398 1400 
6 
645 646 1397 1398 1399 1842 
4 
1402 1403 1404 1955 
4 
396 1401 1403 1404 
3 
1401 1402 1404 
3 
1401 1402 1403 
5 
125 128 1406 1407 1408 
7 
125 126 127 128 1405 1407 1408 
5 
127 128 1405 1406 1408 
4 
128 1405 1406 1407 
8 
161 164 618 1410 1411 1412 1805 1806 
8 
161 162 163 164 1409 1411 1412 1806 
7 
163 164 1409 1410 1412 1806 1807 
10 
164 618 619 1409 1410 1411 1805 1806 1807 1808 
4 
920 1414 1415 1416 
5 
919 920 1413 1415 1416 
3 
1413 1414 1416 
3 
1413 1414 1415 
6 
44 385 386 1418 1419 1420 
7 
43 44 386 1132 1417 1419 1420 
5 
386 387 1417 1418 1420 
7 
385 386 387 388 1417 1418 1419 
5 
635 636 1422 1423 1424 
8 
265 635 1421 1423 1424 1609 1612 1889 
8 
265 268 1421 1422 1424 1612 1889 1892 
3 
1421 1422 1423 
7 
1181 1182 1183 1184 1426 1427 1428 
5 
1182 1183 1425 1427 1428 
5 
1183 1425 1426 1428 1521 
6 
1183 1184 1425 1426 1427 1810 
7 
1257 1258 1259 1260 1430 1431 1432 
5 
1258 1259 1429 1431 1432 
5 
1259 1429 1430 1432 1730 
7 
1259 1260 1429 1430 1431 1729 1730 
7 
497 498 609 1434 1435 1436 1827 
6 
498 609 610 1433 1435 1436 
9 
498 499 609 610 611 612 1433 1434 1436 
9 
497 498 499 500 609 612 1433 1434 1435 
5 
995 996 1438 1439 1440 
4 
995 1437 1439 1440 
3 
1437 1438 1440 
3 
1437 1438 1439 
3 
1442 1443 1444 
4 
1441 1443 1444 1472 
3 
1441 1442 1444 
3 
1441 1442 1443 
5 
449 452 1446 1447 1448 
7 
449 450 451 452 1445 1447 1448 
7 
451 452 1181 1182 1445 1446 1448 
5 
452 1181 1445 1446 1447 
6 
1294 1295 1450 1451 1452 1750 
3 
1449 1451 1452 
3 
1449 1450 1452 
7 
1166 1295 1449 1450 1451 1750 1751 
3 
1454 1455 1456 
3 
1453 1455 1456 
3 
1453 1454 1456 
3 
1453 1454 1455 
5 
447 448 1458 1459 1460 
4 
447 1457 1459 1460 
7 
561 562 1117 1118 1457 1458 1460 
5 
561 1117 1457 1458 1459 
3 
1462 1463 1464 
3 
1461 1463 1464 
4 
1217 1461 1462 1464 
3 
1461 1462 1463 
5 
1466 1467 1468 1949 1952 
7 
1465 1467 1468 1949 1950 1951 1952 
5 
1465 1466 1468 1951 1952 
4 
1465 1466 1467 1952 
3 
1470 1471 1472 
3 
1469 1471 1472 
3 
1469 1470 1472 
4 
1442 1469 1470 1471 
8 
842 843 1334 1335 1474 1475 1476 1797 
5 
1473 1475 1476 1797 1798 
10 
289 290 1038 1473 1474 1476 1797 1798 1799 1800 
10 
289 843 1037 1038 1335 1473 1474 1475 1797 1800 
4 
313 1478 1479 1480 
5 
313 314 1477 1479 1480 
8 
313 314 315 316 1154 1477 1478 1480 
7 
313 316 1153 1154 1477 1478 1479 
4 
138 1482 1483 1484 
3 
1481 1483 1484 
3 
1481 1482 1484 
5 
138 139 1481 1482 1483 
4 
1486 1487 1488 1861 
5 
1485 1487 1488 1861 1862 
9 
1265 1266 1485 1486 1488 1861 1862 1863 1864 
6 
1265 1485 1486 1487 1861 1864 
9 
38 39 621 622 623 624 1490 1491 1492 
5 
622 623 1489 1491 1492 
4 
623 1489 1490 1492 
8 
39 382 623 624 1489 1490 1491 1838 
7 
23 1065 1068 1494 1495 1496 1706 
9 
473 476 1065 1066 1067 1068 1493 1495 1496 
6 
476 1067 1068 1493 1494 1496 
6 
1068 1493 1494 1495 1706 1707 
4 
1356 1498 1499 1500 
4 
1355 1497 1499 1500 
3 
1497 1498 1500 
4 
1497 1498 1499 1966 
4 
803 1502 1503 1504 
5 
997 1000 1501 1503 1504 
6 
245 246 1000 1501 1502 1504 
4 
245 1501 1502 1503 
11 
685 686 687 688 1506 1507 1508 1531 1532 1685 1686 
7 
686 687 1505 1507 1508 1531 1686 
6 
687 1505 1506 1508 1686 1687 
9 
687 688 1505 1506 1507 1685 1686 1687 1688 
7 
353 354 355 356 1510 1511 1512 
5 
354 355 1509 1511 1512 
5 
355 1509 1510 1512 1986 
7 
355 356 1509 1510 1511 1985 1986 
7 
1317 1320 1514 1515 1516 1536 1754 
10 
1317 1318 1319 1320 1513 1515 1516 1535 1536 1956 
5 
1319 1320 1513 1514 1516 
6 
1320 1513 1514 1515 1754 1755 
9 
57 58 59 60 406 407 1518 1519 1520 
6 
58 59 1517 1519 1520 1676 
4 
59 1517 1518 1520 
6 
59 60 407 1517 1518 1519 
6 
1427 1522 1523 1524 1969 1972 
8 
680 1521 1523 1524 1969 1970 1971 1972 
5 
1521 1522 1524 1971 1972 
4 
1521 1522 1523 1972 
3 
1526 1527 1528 
4 
1236 1525 1527 1528 
3 
1525 1526 1528 
3 
1525 1526 1527 
3 
1530 1531 1532 
3 
1529 1531 1532 
8 
686 1505 1506 1529 1530 1532 1685 1686 
7 
685 686 1505 1529 1530 1531 1685 
9 
239 240 1317 1318 1534 1535 1536 1953 1956 
9 
239 1318 1533 1535 1536 1953 1954 1955 1956 
7 
1319 1514 1533 1534 1536 1955 1956 
9 
1319 1320 1513 1514 1533 1534 1535 1754 1956 
3 
1538 1539 1540 
3 
1537 1539 1540 
3 
1537 1538 1540 
3 
1537 1538 1539 
10 
369 372 437 983 984 1542 1543 1544 1941 1942 
11 
369 370 371 372 437 438 983 1541 1543 1544 1942 
11 
371 372 437 438 439 440 1541 1542 1544 1942 1943 
11 
372 437 440 502 1541 1542 1543 1941 1942 1943 1944 
7 
1546 1547 1548 1577 1580 1627 1628 
9 
1368 1545 1547 1548 1577 1578 1579 1580 1627 
6 
1394 1545 1546 1548 1579 1580 
6 
1393 1394 1545 1546 1547 1580 
3 
1550 1551 1552 
3 
1549 1551 1552 
4 
693 1549 1550 1552 
3 
1549 1550 1551 
7 
141 142 143 144 1554 1555 1556 
5 
142 143 1553 1555 1556 
5 
143 1173 1553 1554 1556 
5 
143 144 1553 1554 1555 
3 
1558 1559 1560 
5 
361 364 1557 1559 1560 
4 
364 1557 1558 1560 
3 
1557 1558 1559 
10 
751 1029 1030 1031 1032 1562 1563 1564 1573 1574 
7 
1030 1031 1388 1561 1563 1564 1574 
6 
1031 1561 1562 1564 1574 1575 
9 
1031 1032 1561 1562 1563 1573 1574 1575 1576 
4 
1230 1566 1567 1568 
3 
1565 1567 1568 
3 
1565 1566 1568 
5 
1230 1231 1565 1566 1567 
3 
1570 1571 1572 
3 
1569 1571 1572 
7 
286 557 558 1026 1569 1570 1572 
8 
285 286 557 1025 1026 1569 1570 1571 
6 
1032 1561 1564 1574 1575 1576 
9 
1031 1032 1561 1562 1563 1564 1573 1575 1576 
6 
197 1563 1564 1573 1574 1576 
4 
1564 1573 1574 1575 
6 
1545 1546 1578 1579 1580 1627 
6 
1365 1368 1546 1577 1579 1580 
6 
1368 1546 1547 1577 1578 1580 
7 
1545 1546 1547 1548 1577 1578 1579 
3 
1582 1583 1584 
3 
1581 1583 1584 
3 
1581 1582 1584 
3 
1581 1582 1583 
4 
480 1586 1587 1588 
9 
441 444 479 480 1585 1587 1588 1917 1920 
5 
444 1585 1586 1588 1920 
3 
1585 1586 1587 
4 
658 1590 1591 1592 
3 
1589 1591 1592 
3 
1589 1590 1592 
5 
658 659 1589 1590 1591 
4 
837 1594 1595 1596 
6 
837 838 1073 1593 1595 1596 
11 
837 838 839 840 1021 1022 1073 1076 1593 1594 1596 
6 
837 840 1021 1593 1594 1595 
11 
985 986 987 988 1267 1268 1598 1599 1600 1863 1864 
7 
986 987 1267 1597 1599 1600 1863 
4 
987 1597 1598 1600 
5 
987 988 1597 1598 1599 
3 
1602 1603 1604 
3 
1601 1603 1604 
3 
1601 1602 1604 
3 
1601 1602 1603 
8 
537 540 565 1109 1110 1606 1607 1608 
11 
409 537 538 539 540 565 566 1110 1605 1607 1608 
13 
409 412 539 540 565 566 567 568 1110 1111 1605 1606 1608 
10 
540 565 568 1109 1110 1111 1112 1605 1606 1607 
9 
105 265 266 1422 1610 1611 1612 1889 1890 
7 
105 106 266 1609 1611 1612 1890 
11 
105 106 107 108 266 267 1609 1610 1612 1890 1891 
15 
105 108 265 266 267 268 1422 1423 1609 1610 1611 1889 1890 1891 1892 
5 
577 580 1614 1615 1616 
7 
577 578 579 580 1613 1615 1616 
6 
579 580 738 1613 1614 1616 
6 
580 737 738 1613 1614 1615 
6 
121 122 1618 1619 1620 1741 
8 
122 1189 1192 1617 1619 1620 1741 1742 
11 
122 123 217 218 850 1192 1617 1618 1620 1743 1744 
12 
121 122 123 124 217 849 850 1006 1617 1618 1619 1744 
5 
1622 1623 1624 1851 1852 
7 
177 180 1324 1621 1623 1624 1851 
4 
180 1621 1622 1624 
3 
1621 1622 1623 
4 
1156 1626 1627 1628 
5 
1155 1156 1625 1627 1628 
6 
1545 1546 1577 1625 1626 1628 
4 
1545 1625 1626 1627 
4 
493 1630 1631 1632 
5 
493 494 1629 1631 1632 
7 
493 494 495 496 1629 1630 1632 
6 
142 493 496 1629 1630 1631 
5 
247 248 1634 1635 1636 
4 
247 1633 1635 1636 
4 
782 1633 1634 1636 
4 
781 1633 1634 1635 
9 
63 517 1077 1305 1306 1638 1639 1640 1758 
7 
517 518 1078 1306 1637 1639 1640 
10 
517 518 519 520 1078 1079 1307 1637 1638 1640 
11 
517 520 1077 1080 1307 1308 1637 1638 1639 1758 1759 
5 
945 946 1642 1643 1644 
4 
946 1641 1643 1644 
4 
947 1641 1642 1644 
5 
947 948 1641 1642 1643 
3 
1646 1647 1648 
3 
1645 1647 1648 
4 
1645 1646 1648 1738 
5 
1645 1646 1647 1737 1738 
6 
1093 1094 1247 1650 1651 1652 
8 
1094 1361 1364 1649 1651 1652 1761 1764 
8 
85 1094 1095 1364 1649 1650 1652 1764 
7 
1093 1094 1095 1096 1649 1650 1651 
5 
793 796 1654 1655 1656 
7 
793 794 795 796 1653 1655 1656 
5 
795 796 1653 1654 1656 
4 
796 1653 1654 1655 
4 
1658 1659 1660 1897 
5 
1657 1659 1660 1897 1898 
7 
1657 1658 1660 1897 1898 1899 1900 
5 
1657 1658 1659 1897 1900 
3 
1662 1663 1664 
5 
1193 1196 1661 1663 1664 
4 
1196 1661 1662 1664 
4 
534 1661 1662 1663 
7 
1105 1106 1107 1108 1666 1667 1668 
5 
1106 1107 1665 1667 1668 
4 
1107 1665 1666 1668 
5 
1107 1108 1665 1666 1667 
4 
117 1670 1671 1672 
5 
117 118 1669 1671 1672 
7 
117 118 119 120 1669 1670 1672 
5 
117 120 1669 1670 1671 
4 
58 1674 1675 1676 
5 
1673 1675 1676 1905 1908 
4 
1673 1674 1676 1908 
6 
58 59 1518 1673 1674 1675 
6 
243 724 1678 1679 1680 1698 
5 
723 724 1677 1679 1680 
3 
1677 1678 1680 
5 
1677 1678 1679 1698 1699 
3 
1682 1683 1684 
3 
1681 1683 1684 
3 
1681 1682 1684 
3 
1681 1682 1683 
11 
685 686 687 688 1505 1508 1531 1532 1686 1687 1688 
10 
686 687 1505 1506 1507 1508 1531 1685 1687 1688 
6 
687 1507 1508 1685 1686 1688 
6 
687 688 1508 1685 1686 1687 
4 
186 1690 1691 1692 
3 
1689 1691 1692 
3 
1689 1690 1692 
5 
186 187 1689 1690 1691 
5 
45 1180 1694 1695 1696 
7 
45 46 1179 1180 1693 1695 1696 
5 
47 48 1693 1694 1696 
4 
48 1693 1694 1695 
3 
1698 1699 1700 
6 
724 1677 1680 1697 1699 1700 
4 
1680 1697 1698 1700 
3 
1697 1698 1699 
5 
1702 1703 1704 1921 1924 
7 
1701 1703 1704 1921 1922 1923 1924 
9 
145 146 1169 1170 1701 1702 1704 1923 1924 
6 
145 1169 1701 1702 1703 1924 
4 
24 1706 1707 1708 
7 
23 24 1493 1496 1705 1707 1708 
4 
1496 1705 1706 1708 
3 
1705 1706 1707 
4 
821 1710 1711 1712 
6 
317 821 822 1709 1711 1712 
10 
317 320 765 821 822 823 824 1709 1710 1712 
5 
821 824 1709 1710 1711 
3 
1714 1715 1716 
3 
1713 1715 1716 
4 
461 1713 1714 1716 
3 
1713 1714 1715 
7 
925 926 927 928 1718 1719 1720 
5 
926 927 1717 1719 1720 
4 
927 1717 1718 1720 
5 
927 928 1717 1718 1719 
4 
1722 1723 1724 1793 
5 
1721 1723 1724 1793 1794 
7 
1721 1722 1724 1793 1794 1795 1796 
5 
1721 1722 1723 1793 1796 
3 
1726 1727 1728 
3 
1725 1727 1728 
3 
1725 1726 1728 
3 
1725 1726 1727 
6 
293 294 1432 1730 1731 1732 
7 
294 1229 1431 1432 1729 1731 1732 
7 
294 295 1229 1232 1729 1730 1732 
7 
293 294 295 296 1729 1730 1731 
6 
663 1201 1202 1734 1735 1736 
4 
1202 1733 1735 1736 
6 
389 1202 1203 1733 1734 1736 
7 
1201 1202 1203 1204 1733 1734 1735 
4 
1648 1738 1739 1740 
5 
1647 1648 1737 1739 1740 
3 
1737 1738 1740 
3 
1737 1738 1739 
7 
121 122 1617 1618 1742 1743 1744 
7 
122 1189 1192 1618 1741 1743 1744 
9 
122 123 217 218 1192 1619 1741 1742 1744 
12 
121 122 123 124 217 850 1006 1619 1620 1741 1742 1743 
3 
1746 1747 1748 
3 
1745 1747 1748 
3 
1745 1746 1748 
3 
1745 1746 1747 
4 
1296 1750 1751 1752 
7 
1295 1296 1449 1452 1749 1751 1752 
6 
94 1166 1452 1749 1750 1752 
7 
93 94 1165 1166 1749 1750 1751 
3 
1754 1755 1756 
7 
1320 1513 1516 1536 1753 1755 1756 
4 
1516 1753 1754 1756 
3 
1753 1754 1755 
9 
323 324 454 455 1305 1308 1758 1759 1760 
12 
323 517 1077 1305 1306 1307 1308 1637 1640 1757 1759 1760 
10 
517 520 1077 1080 1307 1308 1640 1757 1758 1760 
5 
455 1308 1757 1758 1759 
6 
1094 1361 1650 1762 1763 1764 
5 
1361 1362 1761 1763 1764 
6 
86 1363 1364 1761 1762 1764 
10 
85 86 1094 1095 1364 1650 1651 1761 1762 1763 
5 
1190 1191 1766 1767 1768 
3 
1765 1767 1768 
5 
750 1385 1765 1766 1768 
6 
749 750 1191 1765 1766 1767 
3 
1770 1771 1772 
3 
1769 1771 1772 
4 
77 1769 1770 1772 
3 
1769 1770 1771 
3 
1774 1775 1776 
3 
1773 1775 1776 
5 
717 718 1773 1774 1776 
4 
717 1773 1774 1775 
5 
1778 1779 1780 1938 1939 
3 
1777 1779 1780 
6 
34 349 350 1777 1778 1780 
7 
33 34 349 1777 1778 1779 1939 
7 
1206 1207 1782 1783 1784 1975 1976 
4 
1781 1783 1784 1975 
3 
1781 1782 1784 
4 
1207 1781 1782 1783 
12 
5 8 556 697 700 1786 1787 1788 1913 1914 1915 1916 
15 
5 6 7 8 555 556 697 698 699 700 1785 1787 1788 1914 1915 
9 
7 8 342 699 700 1785 1786 1788 1915 
9 
8 341 342 700 1785 1786 1787 1915 1916 
5 
545 548 1790 1791 1792 
7 
545 546 547 548 1789 1791 1792 
5 
547 548 1789 1790 1792 
4 
548 1789 1790 1791 
7 
1721 1722 1723 1724 1794 1795 1796 
6 
620 1722 1723 1793 1795 1796 
4 
1723 1793 1794 1796 
6 
1258 1723 1724 1793 1794 1795 
10 
289 843 1038 1473 1474 1475 1476 1798 1799 1800 
7 
289 290 1474 1475 1797 1799 1800 
9 
229 289 290 291 292 1475 1797 1798 1800 
10 
289 292 402 1038 1039 1475 1476 1797 1798 1799 
3 
1802 1803 1804 
4 
1004 1801 1803 1804 
3 
1801 1802 1804 
3 
1801 1802 1803 
8 
617 618 895 1409 1412 1806 1807 1808 
10 
161 164 618 1409 1410 1411 1412 1805 1807 1808 
8 
164 618 619 1411 1412 1805 1806 1808 
8 
617 618 619 620 1412 1805 1806 1807 
3 
1810 1811 1812 
4 
1428 1809 1811 1812 
3 
1809 1810 1812 
3 
1809 1810 1811 
3 
1814 1815 1816 
3 
1813 1815 1816 
4 
1813 1814 1816 1930 
6 
410 1813 1814 1815 1929 1930 
3 
1818 1819 1820 
4 
1240 1817 1819 1820 
3 
1817 1818 1820 
3 
1817 1818 1819 
3 
1822 1823 1824 
3 
1821 1823 1824 
3 
1821 1822 1824 
3 
1821 1822 1823 
5 
1225 1228 1826 1827 1828 
7 
1225 1226 1227 1228 1825 1827 1828 
6 
1227 1228 1433 1825 1826 1828 
4 
1228 1825 1826 1827 
3 
1830 1831 1832 
3 
1829 1831 1832 
5 
1209 1210 1829 1830 1832 
4 
1209 1829 1830 1831 
3 
1834 1835 1836 
4 
613 1833 1835 1836 
5 
613 616 1833 1834 1836 
3 
1833 1834 1835 
5 
381 384 1838 1839 1840 
8 
381 382 383 384 1492 1837 1839 1840 
5 
383 384 1837 1838 1840 
4 
384 1837 1838 1839 
3 
1842 1843 1844 
5 
645 1400 1841 1843 1844 
5 
645 648 1841 1842 1844 
3 
1841 1842 1843 
8 
66 67 642 909 912 1846 1847 1848 
7 
909 910 911 912 1845 1847 1848 
5 
911 912 1845 1846 1848 
7 
67 642 643 912 1845 1846 1847 
4 
907 1850 1851 1852 
3 
1849 1851 1852 
6 
177 1621 1622 1849 1850 1852 
4 
1621 1849 1850 1851 
6 
811 812 1063 1854 1855 1856 
4 
811 1853 1855 1856 
3 
1853 1854 1856 
3 
1853 1854 1855 
5 
345 348 1858 1859 1860 
7 
345 346 347 348 1857 1859 1860 
5 
347 348 1857 1858 1860 
4 
348 1857 1858 1859 
8 
1265 1485 1486 1487 1488 1862 1863 1864 
7 
1265 1266 1486 1487 1861 1863 1864 
12 
985 986 1265 1266 1267 1268 1487 1597 1598 1861 1862 1864 
9 
985 1265 1268 1487 1488 1597 1861 1862 1863 
5 
1033 1034 1866 1867 1868 
4 
1034 1865 1867 1868 
7 
785 786 1034 1035 1865 1866 1868 
8 
785 1033 1034 1035 1036 1865 1866 1867 
3 
1870 1871 1872 
3 
1869 1871 1872 
3 
1869 1870 1872 
3 
1869 1870 1871 
3 
1874 1875 1876 
3 
1873 1875 1876 
3 
1873 1874 1876 
3 
1873 1874 1875 
4 
981 1878 1879 1880 
5 
981 982 1877 1879 1880 
8 
369 981 982 983 984 1877 1878 1880 
5 
981 984 1877 1878 1879 
3 
1882 1883 1884 
6 
68 641 644 1881 1883 1884 
5 
644 873 1881 1882 1884 
3 
1881 1882 1883 
6 
866 867 934 1886 1887 1888 
3 
1885 1887 1888 
3 
1885 1886 1888 
7 
867 934 935 1354 1885 1886 1887 
11 
105 265 266 635 1422 1423 1609 1612 1890 1891 1892 
10 
105 106 266 1609 1610 1611 1612 1889 1891 1892 
11 
105 106 107 108 266 267 1611 1612 1889 1890 1892 
11 
105 108 265 266 267 268 1423 1612 1889 1890 1891 
7 
415 416 991 992 1894 1895 1896 
5 
415 991 1893 1895 1896 
6 
49 50 710 1893 1894 1896 
5 
49 709 1893 1894 1895 
7 
1657 1658 1659 1660 1898 1899 1900 
5 
1658 1659 1897 1899 1900 
4 
1659 1897 1898 1900 
5 
1659 1660 1897 1898 1899 
3 
1902 1903 1904 
3 
1901 1903 1904 
3 
1901 1902 1904 
4 
1162 1901 1902 1903 
4 
1674 1906 1907 1908 
3 
1905 1907 1908 
3 
1905 1906 1908 
5 
1674 1675 1905 1906 1907 
8 
399 400 679 1271 1272 1910 1911 1912 
5 
399 1271 1909 1911 1912 
3 
1909 1910 1912 
3 
1909 1910 1911 
8 
5 553 556 697 1785 1914 1915 1916 
13 
5 6 553 554 555 556 697 698 1785 1786 1913 1915 1916 
16 
7 8 342 555 556 697 698 699 700 1785 1786 1787 1788 1913 1914 1916 
11 
8 341 342 556 697 700 1785 1788 1913 1914 1915 
7 
441 478 479 1586 1918 1919 1920 
5 
441 442 1917 1919 1920 
7 
441 442 443 444 1917 1918 1920 
8 
441 444 479 1586 1587 1917 1918 1919 
5 
1701 1702 1922 1923 1924 
4 
1702 1921 1923 1924 
5 
1702 1703 1921 1922 1924 
7 
1701 1702 1703 1704 1921 1922 1923 
5 
453 976 1926 1927 1928 
10 
64 321 324 453 454 975 976 1925 1927 1928 
9 
324 453 454 455 456 1290 1925 1926 1928 
7 
453 456 1289 1290 1925 1926 1927 
5 
410 1816 1930 1931 1932 
5 
1815 1816 1929 1931 1932 
3 
1929 1930 1932 
5 
410 411 1929 1930 1931 
3 
1934 1935 1936 
3 
1933 1935 1936 
4 
846 1933 1934 1936 
5 
845 846 1933 1934 1935 
3 
1938 1939 1940 
4 
1777 1937 1939 1940 
7 
33 349 1777 1780 1937 1938 1940 
3 
1937 1938 1939 
7 
501 502 1541 1544 1942 1943 1944 
11 
372 437 440 502 1541 1542 1543 1544 1941 1943 1944 
8 
440 502 503 1543 1544 1941 1942 1944 
8 
501 502 503 504 1544 1941 1942 1943 
5 
511 512 1946 1947 1948 
5 
511 1396 1945 1947 1948 
3 
1945 1946 1948 
3 
1945 1946 1947 
5 
1465 1466 1950 1951 1952 
4 
1466 1949 1951 1952 
5 
1466 1467 1949 1950 1952 
7 
1465 1466 1467 1468 1949 1950 1951 
8 
239 1317 1318 1533 1534 1954 1955 1956 
5 
1318 1534 1953 1955 1956 
8 
1318 1319 1401 1534 1535 1953 1954 1956 
12 
1317 1318 1319 1320 1514 1533 1534 1535 1536 1953 1954 1955 
5 
1 4 1958 1959 1960 
7 
1 2 3 4 1957 1959 1960 
5 
3 4 1957 1958 1960 
4 
4 1957 1958 1959 
4 
1017 1962 1963 1964 
5 
1017 1018 1961 1963 1964 
7 
1017 1018 1019 1020 1961 1962 1964 
5 
1017 1020 1961 1962 1963 
4 
429 1966 1967 1968 
6 
429 430 1500 1965 1967 1968 
7 
429 430 431 432 1965 1966 1968 
5 
429 432 1965 1966 1967 
7 
677 680 1521 1522 1970 1971 1972 
9 
397 677 678 679 680 1522 1969 1971 1972 
9 
397 400 679 680 1522 1523 1969 1970 1972 
8 
680 1521 1522 1523 1524 1969 1970 1971 
3 
1974 1975 1976 
6 
425 428 572 1973 1975 1976 
6 
428 1781 1782 1973 1974 1976 
6 
1206 1358 1781 1973 1974 1975 
9 
168 532 673 674 675 676 1978 1979 1980 
11 
167 168 531 532 674 675 977 980 1977 1979 1980 
5 
675 980 1977 1978 1980 
5 
675 676 1977 1978 1979 
4 
1197 1982 1983 1984 
5 
1197 1198 1981 1983 1984 
7 
1197 1198 1199 1200 1981 1982 1984 
5 
1197 1200 1981 1982 1983 
6 
259 356 1512 1986 1987 1988 
7 
355 356 1511 1512 1985 1987 1988 
3 
1985 1986 1988 
3 
1985 1986 1987 
5 
15 16 1990 1991 1992 
4 
15 1989 1991 1992 
3 
1989 1990 1992 
4 
870 1989 1990 1991 
4 
1211 1994 1995 1996 
3 
1993 1995 1996 
4 
1138 1993 1994 1996 
5 
1137 1138 1993 1994 1995 
4 
214 1998 1999 2000 
3 
1997 1999 2000 
3 
1997 1998 2000 
6 
214 215 1310 1997 1998 1999 