
500 
4 
5 
2 3 4 1397 1398 
4 
1 3 4 1398 
6 
1 2 4 589 1398 1399 
8 
1 2 3 1142 1397 1398 1399 1400 
6 
6 7 8 1771 1877 1878 
4 
5 7 8 1878 
5 
5 6 8 1878 1879 
7 
5 6 7 1877 1878 1879 1880 
8 
10 11 12 54 789 790 791 792 
6 
9 11 12 790 791 1392 
4 
9 10 12 791 
7 
9 10 11 54 55 791 792 
7 
14 15 16 557 558 559 560 
5 
13 15 16 558 559 
4 
13 14 16 559 
5 
13 14 15 559 560 
9 
18 19 20 309 310 685 688 967 1624 
10 
17 19 20 310 685 686 687 688 1623 1624 
6 
17 18 20 311 687 688 
6 
17 18 19 311 312 688 
7 
22 23 24 561 562 563 564 
5 
21 23 24 562 563 
4 
21 22 24 563 
5 
21 22 23 563 564 
7 
26 27 28 137 138 1775 1776 
10 
25 27 28 138 341 657 660 749 752 1775 
8 
25 26 28 139 341 344 660 752 
5 
25 26 27 139 140 
7 
30 31 32 361 362 363 364 
5 
29 31 32 362 363 
9 
29 30 32 363 477 478 1502 1901 1902 
9 
29 30 31 363 364 477 1501 1502 1901 
6 
34 35 36 197 198 1051 
4 
33 35 36 198 
5 
33 34 36 198 199 
7 
33 34 35 197 198 199 200 
9 
38 39 40 1177 1178 1197 1198 1199 1200 
8 
37 39 40 649 652 1178 1198 1199 
8 
37 38 40 652 1178 1179 1199 1950 
10 
37 38 39 1177 1178 1179 1180 1199 1200 1949 
6 
42 43 44 1250 1401 1404 
7 
41 43 44 1401 1402 1403 1404 
5 
41 42 44 1403 1404 
5 
41 42 43 1251 1404 
3 
46 47 48 
8 
45 47 48 1073 1081 1084 1333 1336 
7 
45 46 48 1073 1076 1084 1336 
3 
45 46 47 
6 
50 51 52 178 552 888 
9 
49 51 52 551 552 789 792 887 888 
7 
49 50 52 53 54 792 1014 
7 
49 50 51 53 179 1013 1014 
8 
51 52 54 55 56 179 1013 1014 
8 
9 12 51 53 55 56 792 1014 
5 
12 53 54 56 1015 
5 
53 54 55 1015 1016 
3 
58 59 60 
3 
57 59 60 
5 
57 58 60 1933 1934 
4 
57 58 59 1933 
8 
62 63 64 731 1381 1778 1834 1835 
6 
61 63 64 336 1381 1382 
7 
61 62 64 1381 1382 1383 1384 
9 
61 62 63 378 1381 1384 1778 1779 1835 
6 
66 67 68 1708 1769 1772 
9 
65 67 68 1707 1708 1769 1770 1771 1772 
5 
65 66 68 1771 1772 
4 
65 66 67 1772 
4 
70 71 72 528 
7 
69 71 72 204 527 528 1713 
5 
69 70 72 1713 1716 
4 
69 70 71 1810 
3 
74 75 76 
3 
73 75 76 
4 
73 74 76 1990 
5 
73 74 75 1989 1990 
9 
78 79 80 237 238 239 240 972 1452 
13 
77 79 80 238 239 640 641 971 972 1451 1452 1677 1680 
9 
77 78 80 239 641 644 973 974 1680 
6 
77 78 79 239 240 973 
4 
82 83 84 171 
4 
81 83 84 977 
7 
81 82 84 809 810 977 980 
4 
81 82 83 809 
6 
86 87 88 190 478 479 
3 
85 87 88 
3 
85 86 88 
5 
85 86 87 191 479 
9 
90 91 92 370 371 1257 1258 1259 1260 
9 
89 91 92 269 272 1258 1259 1281 1284 
6 
89 90 92 272 1259 1284 
6 
89 90 91 371 1259 1260 
5 
94 95 96 705 706 
4 
93 95 96 706 
4 
93 94 96 707 
5 
93 94 95 707 708 
8 
98 99 100 510 718 1070 1751 1752 
4 
97 99 100 1751 
3 
97 98 100 
9 
97 98 99 510 511 718 719 1070 1071 
6 
102 103 104 489 492 1639 
9 
101 103 104 261 444 489 490 491 492 
7 
101 102 104 261 264 491 492 
4 
101 102 103 492 
4 
106 107 108 828 
7 
105 107 108 277 280 827 828 
4 
105 106 108 280 
6 
105 106 107 1698 1794 1838 
4 
110 111 112 1670 
3 
109 111 112 
4 
109 110 112 841 
5 
109 110 111 1670 1671 
4 
114 115 116 844 
6 
113 115 116 505 843 844 
5 
113 114 116 505 508 
3 
113 114 115 
3 
118 119 120 
3 
117 119 120 
3 
117 118 120 
3 
117 118 119 
9 
122 123 124 1485 1486 1533 1534 1535 1536 
6 
121 123 124 1486 1534 1535 
6 
121 122 124 1486 1487 1535 
10 
121 122 123 1485 1486 1487 1488 1535 1536 1966 
5 
126 127 128 1111 1112 
5 
125 127 128 568 1111 
3 
125 126 128 
3 
125 126 127 
4 
130 131 132 1579 
5 
129 131 132 1504 1904 
3 
129 130 132 
4 
129 130 131 1582 
7 
134 135 136 533 534 857 860 
10 
133 135 136 534 857 858 859 860 1917 1920 
9 
133 134 136 534 535 859 860 1889 1920 
8 
133 134 135 533 534 535 536 860 
5 
25 138 139 140 1776 
8 
25 26 137 139 140 341 1775 1776 
7 
27 28 137 138 140 341 344 
4 
28 137 138 139 
5 
142 143 144 1597 1598 
5 
141 143 144 240 1598 
6 
141 142 144 1598 1599 1745 
8 
141 142 143 902 1597 1598 1599 1600 
4 
146 147 148 879 
3 
145 147 148 
3 
145 146 148 
3 
145 146 147 
5 
150 151 152 613 614 
5 
149 151 152 614 1080 
6 
149 150 152 615 1773 1774 
7 
149 150 151 615 616 1062 1773 
3 
154 155 156 
3 
153 155 156 
3 
153 154 156 
3 
153 154 155 
5 
158 159 160 275 276 
4 
157 159 160 275 
3 
157 158 160 
3 
157 158 159 
3 
162 163 164 
5 
161 163 164 961 1992 
10 
161 162 164 593 594 786 961 964 1913 1914 
7 
161 162 163 593 785 786 1913 
9 
166 167 168 1477 1478 1479 1480 1609 1610 
6 
165 167 168 1478 1479 1610 
6 
165 166 168 1479 1610 1611 
9 
165 166 167 1479 1480 1609 1610 1611 1612 
5 
170 171 172 673 674 
4 
169 171 172 674 
6 
81 169 170 172 674 675 
7 
169 170 171 673 674 675 676 
8 
174 175 176 387 388 538 1575 1861 
7 
173 175 176 387 1036 1861 1862 
7 
173 174 176 1861 1862 1863 1864 
6 
173 174 175 539 1861 1864 
3 
178 179 180 
4 
49 177 179 180 
6 
52 53 177 178 180 1013 
3 
177 178 179 
3 
182 183 184 
3 
181 183 184 
3 
181 182 184 
3 
181 182 183 
5 
186 187 188 1409 1410 
6 
185 187 188 621 624 1410 
6 
185 186 188 624 1410 1411 
7 
185 186 187 1409 1410 1411 1412 
12 
190 191 192 477 478 479 480 1503 1901 1902 1903 1904 
8 
85 189 191 192 478 479 1902 1903 
6 
88 189 190 192 479 1903 
7 
189 190 191 479 480 1903 1904 
7 
194 195 196 975 976 1745 1746 
5 
193 195 196 975 1746 
5 
193 194 196 1746 1747 
7 
193 194 195 1745 1746 1747 1748 
8 
33 36 198 199 200 1051 1214 1215 
7 
33 34 35 36 197 199 200 
7 
35 36 197 198 200 1137 1138 
6 
36 197 198 199 1137 1215 
10 
202 203 204 403 525 526 527 528 1162 1163 
6 
201 203 204 526 527 1961 
6 
201 202 204 527 1961 1964 
7 
70 201 202 203 527 528 1163 
3 
206 207 208 
3 
205 207 208 
3 
205 206 208 
3 
205 206 207 
6 
210 211 212 1234 1930 1931 
3 
209 211 212 
3 
209 210 212 
6 
209 210 211 1234 1235 1931 
4 
214 215 216 476 
6 
213 215 216 475 476 1629 
6 
213 214 216 246 1629 1632 
5 
213 214 215 245 246 
3 
218 219 220 
3 
217 219 220 
5 
217 218 220 1185 1186 
4 
217 218 219 1185 
7 
222 223 224 773 774 1681 1682 
5 
221 223 224 774 1682 
7 
221 222 224 774 775 1682 1683 
11 
221 222 223 773 774 775 776 1681 1682 1683 1684 
3 
226 227 228 
3 
225 227 228 
4 
225 226 228 1274 
5 
225 226 227 1273 1274 
3 
230 231 232 
3 
229 231 232 
6 
229 230 232 381 382 1505 
4 
229 230 231 381 
3 
234 235 236 
4 
233 235 236 1329 
5 
233 234 236 1329 1332 
4 
233 234 235 330 
5 
77 238 239 240 1452 
9 
77 78 237 239 240 640 972 1451 1452 
7 
77 78 79 80 237 238 240 
6 
77 80 142 237 238 239 
8 
242 243 244 762 832 1445 1446 1668 
8 
241 243 244 831 832 1446 1667 1668 
5 
241 242 244 1446 1447 
9 
241 242 243 762 763 1445 1446 1447 1448 
4 
216 246 247 248 
5 
215 216 245 247 248 
3 
245 246 248 
3 
245 246 247 
3 
250 251 252 
3 
249 251 252 
3 
249 250 252 
3 
249 250 251 
5 
254 255 256 379 380 
4 
253 255 256 379 
3 
253 254 256 
3 
253 254 255 
3 
258 259 260 
4 
257 259 260 1405 
5 
257 258 260 1405 1408 
3 
257 258 259 
7 
102 103 262 263 264 491 796 
5 
261 263 264 795 796 
3 
261 262 264 
4 
103 261 262 263 
5 
266 267 268 1453 1456 
7 
265 267 268 1453 1454 1455 1456 
5 
265 266 268 1455 1456 
4 
265 266 267 1456 
8 
90 270 271 272 1281 1282 1283 1284 
5 
269 271 272 1282 1283 
5 
269 270 272 665 1283 
7 
90 91 269 270 271 1283 1284 
5 
274 275 276 1869 1872 
7 
273 275 276 1869 1870 1871 1872 
7 
157 158 273 274 276 1871 1872 
6 
157 273 274 275 1786 1872 
9 
106 278 279 280 826 827 1204 1413 1416 
10 
277 279 280 1203 1204 1413 1414 1415 1416 1825 
7 
277 278 280 1415 1416 1825 1828 
7 
106 107 277 278 279 827 1416 
4 
282 283 284 1584 
5 
281 283 284 1583 1584 
3 
281 282 284 
3 
281 282 283 
6 
286 287 288 1082 1334 1335 
3 
285 287 288 
4 
285 286 288 1125 
6 
285 286 287 1074 1083 1335 
3 
290 291 292 
3 
289 291 292 
3 
289 290 292 
3 
289 290 291 
4 
294 295 296 1316 
6 
293 295 296 421 1315 1316 
4 
293 294 296 424 
3 
293 294 295 
3 
298 299 300 
3 
297 299 300 
3 
297 298 300 
3 
297 298 299 
7 
302 303 304 413 414 415 416 
6 
301 303 304 414 415 1884 
4 
301 302 304 415 
6 
301 302 303 415 416 1606 
4 
306 307 308 634 
3 
305 307 308 
3 
305 306 308 
5 
305 306 307 634 635 
7 
17 310 311 312 967 968 1624 
10 
17 18 309 311 312 685 688 967 1623 1624 
6 
19 20 309 310 312 688 
4 
20 309 310 311 
5 
314 315 316 573 783 
5 
313 315 316 573 574 
8 
313 314 316 486 573 574 575 576 
7 
313 314 315 485 486 573 576 
5 
318 319 320 1439 1440 
5 
317 319 320 1365 1439 
7 
317 318 320 1090 1365 1368 1741 
5 
317 318 319 1089 1090 
3 
322 323 324 
3 
321 323 324 
3 
321 322 324 
4 
321 322 323 1182 
3 
326 327 328 
3 
325 327 328 
3 
325 326 328 
3 
325 326 327 
4 
330 331 332 622 
4 
236 329 331 332 
4 
329 330 332 1401 
5 
329 330 331 622 623 
3 
334 335 336 
3 
333 335 336 
3 
333 334 336 
5 
62 333 334 335 1382 
4 
338 339 340 1734 
5 
337 339 340 569 572 
6 
337 338 340 572 1017 1018 
6 
337 338 339 1017 1734 1735 
9 
26 27 138 139 342 343 344 660 752 
8 
341 343 344 659 660 751 752 1220 
5 
341 342 344 1173 1174 
6 
27 139 341 342 343 1173 
4 
346 347 348 1097 
5 
345 347 348 1097 1098 
7 
345 346 348 1097 1098 1099 1100 
5 
345 346 347 1097 1100 
9 
350 351 352 1169 1329 1330 1331 1332 1625 
10 
349 351 352 1049 1169 1170 1330 1331 1625 1626 
15 
349 350 352 1049 1052 1169 1170 1171 1172 1213 1331 1625 1626 1627 1628 
10 
349 350 351 1169 1172 1331 1332 1402 1625 1628 
3 
354 355 356 
3 
353 355 356 
3 
353 354 356 
3 
353 354 355 
6 
358 359 360 737 738 1938 
4 
357 359 360 738 
5 
357 358 360 738 739 
8 
357 358 359 737 738 739 740 1939 
4 
29 362 363 364 
5 
29 30 361 363 364 
9 
29 30 31 32 361 362 364 1501 1502 
6 
29 32 361 362 363 1501 
4 
366 367 368 567 
3 
365 367 368 
3 
365 366 368 
3 
365 366 367 
5 
370 371 372 1230 1257 
6 
89 369 371 372 1257 1258 
9 
89 92 369 370 372 1257 1258 1259 1260 
7 
369 370 371 1230 1231 1257 1260 
3 
374 375 376 
3 
373 375 376 
3 
373 374 376 
3 
373 374 375 
7 
378 379 380 954 955 1779 1780 
6 
64 377 379 380 1384 1779 
5 
253 254 377 378 380 
5 
253 377 378 379 955 
7 
231 232 382 383 384 1505 1508 
9 
231 381 383 384 816 1505 1506 1507 1508 
5 
381 382 384 1507 1508 
4 
381 382 383 1508 
7 
386 387 388 1519 1520 1573 1574 
7 
385 387 388 648 1033 1519 1574 
9 
173 174 385 386 388 1033 1036 1574 1575 
9 
173 385 386 387 538 1573 1574 1575 1576 
4 
390 391 392 1294 
3 
389 391 392 
5 
389 390 392 745 746 
6 
389 390 391 745 1294 1295 
3 
394 395 396 
3 
393 395 396 
5 
393 394 396 546 1229 
4 
393 394 395 545 
8 
398 399 400 698 989 990 991 992 
5 
397 399 400 990 991 
5 
397 398 400 982 991 
9 
397 398 399 698 699 981 982 991 992 
5 
402 403 404 1863 1864 
4 
401 403 404 1863 
7 
201 401 402 404 525 526 1162 
6 
401 402 403 525 1161 1162 
3 
406 407 408 
4 
405 407 408 1521 
6 
405 406 408 430 1002 1524 
7 
405 406 407 429 430 1001 1002 
3 
410 411 412 
3 
409 411 412 
3 
409 410 412 
3 
409 410 411 
5 
301 414 415 416 910 
5 
301 302 413 415 416 
7 
301 302 303 304 413 414 416 
7 
301 304 413 414 415 910 911 
5 
418 419 420 1974 1975 
4 
417 419 420 808 
3 
417 418 420 
4 
417 418 419 1975 
6 
294 422 423 424 1315 1316 
4 
421 423 424 1315 
5 
421 422 424 621 622 
5 
295 421 422 423 621 
9 
426 427 428 725 726 727 728 1758 1759 
5 
425 427 428 726 727 
5 
425 426 428 450 727 
8 
425 426 427 449 450 727 728 1759 
5 
408 430 431 432 1001 
8 
407 408 429 431 432 1001 1002 1524 
5 
429 430 432 1003 1004 
4 
429 430 431 1004 
3 
434 435 436 
3 
433 435 436 
3 
433 434 436 
4 
433 434 435 1106 
3 
438 439 440 
5 
437 439 440 1561 1564 
4 
437 438 440 1564 
3 
437 438 439 
4 
442 443 444 793 
6 
441 443 444 793 794 1140 
7 
441 442 444 793 794 795 796 
7 
102 441 442 443 490 793 796 
7 
446 447 448 810 811 979 980 
4 
445 447 448 979 
3 
445 446 448 
4 
445 446 447 811 
6 
428 450 451 452 727 728 
6 
427 428 449 451 452 727 
3 
449 450 452 
3 
449 450 451 
11 
454 455 456 627 628 913 914 915 916 1326 1327 
8 
453 455 456 627 733 736 914 915 
5 
453 454 456 736 915 
6 
453 454 455 915 916 1327 
4 
458 459 460 851 
3 
457 459 460 
3 
457 458 460 
3 
457 458 459 
3 
462 463 464 
4 
461 463 464 1565 
5 
461 462 464 1565 1568 
4 
461 462 463 666 
4 
466 467 468 1271 
3 
465 467 468 
3 
465 466 468 
3 
465 466 467 
7 
470 471 472 709 710 1407 1408 
5 
469 471 472 710 1407 
4 
469 470 472 711 
5 
469 470 471 711 712 
4 
474 475 476 1996 
5 
473 475 476 1995 1996 
5 
214 473 474 476 1629 
5 
213 214 473 474 475 
12 
31 32 189 478 479 480 1501 1502 1503 1504 1901 1902 
10 
31 85 189 190 477 479 480 1502 1503 1902 
11 
85 88 189 190 191 192 477 478 480 1503 1903 
9 
189 192 477 478 479 1503 1504 1903 1904 
9 
482 483 484 761 764 834 1094 1095 1426 
9 
481 483 484 761 762 763 764 1445 1448 
6 
481 482 484 763 764 1448 
9 
481 482 483 764 834 835 1095 1426 1427 
6 
316 486 487 488 576 1305 
9 
315 316 485 487 488 575 576 1305 1306 
7 
485 486 488 1305 1306 1307 1308 
5 
485 486 487 1305 1308 
5 
101 102 490 491 492 
5 
102 444 489 491 492 
6 
102 103 261 489 490 492 
7 
101 102 103 104 489 490 491 
3 
494 495 496 
3 
493 495 496 
5 
493 494 496 1145 1146 
4 
493 494 495 1145 
6 
498 499 500 1301 1302 1710 
4 
497 499 500 1302 
6 
497 498 500 1141 1302 1303 
10 
497 498 499 1301 1302 1303 1304 1710 1711 1718 
3 
502 503 504 
5 
501 503 504 985 1909 
7 
501 502 504 985 988 1909 1912 
3 
501 502 503 
6 
114 115 506 507 508 843 
5 
505 507 508 776 1684 
3 
505 506 508 
4 
115 505 506 507 
5 
510 511 512 717 1069 
10 
97 100 509 511 512 717 718 1069 1070 1752 
12 
100 509 510 512 717 718 719 720 1069 1070 1071 1072 
7 
509 510 511 717 720 1069 1072 
3 
514 515 516 
3 
513 515 516 
3 
513 514 516 
3 
513 514 515 
3 
518 519 520 
4 
517 519 520 849 
6 
517 518 520 849 852 1781 
3 
517 518 519 
7 
522 523 524 1183 1184 1481 1484 
9 
521 523 524 1009 1183 1481 1482 1483 1484 
9 
521 522 524 1009 1012 1483 1484 1549 1550 
5 
521 522 523 1484 1549 
10 
201 403 404 526 527 528 1161 1162 1163 1164 
9 
201 202 403 525 527 528 1162 1163 1961 
11 
70 201 202 203 204 525 526 528 1163 1961 1964 
9 
69 70 201 204 525 526 527 1163 1164 
3 
530 531 532 
3 
529 531 532 
3 
529 530 532 
3 
529 530 531 
5 
133 136 534 535 536 
10 
133 134 135 136 533 535 536 857 860 1920 
7 
135 136 533 534 536 860 1889 
4 
136 533 534 535 
4 
538 539 540 1576 
7 
173 388 537 539 540 1575 1576 
4 
176 537 538 540 
3 
537 538 539 
3 
542 543 544 
3 
541 543 544 
3 
541 542 544 
3 
541 542 543 
4 
396 546 547 548 
6 
395 545 547 548 1229 1232 
4 
545 546 548 1232 
3 
545 546 547 
5 
550 551 552 885 888 
7 
549 551 552 885 886 887 888 
8 
50 549 550 552 789 790 887 888 
7 
49 50 549 550 551 789 888 
3 
554 555 556 
3 
553 555 556 
3 
553 554 556 
3 
553 554 555 
5 
13 558 559 560 715 
5 
13 14 557 559 560 
7 
13 14 15 16 557 558 560 
5 
13 16 557 558 559 
4 
21 562 563 564 
5 
21 22 561 563 564 
7 
21 22 23 24 561 562 564 
5 
21 24 561 562 563 
3 
566 567 568 
3 
565 567 568 
4 
365 565 566 568 
4 
126 565 566 567 
4 
338 570 571 572 
3 
569 571 572 
4 
569 570 572 1018 
7 
338 339 569 570 571 1017 1018 
8 
313 314 315 316 574 575 576 783 
5 
314 315 573 575 576 
7 
315 486 573 574 576 1306 1801 
9 
315 316 485 486 573 574 575 1305 1306 
4 
578 579 580 1345 
7 
577 579 580 929 932 1345 1346 
8 
577 578 580 932 1345 1346 1347 1348 
5 
577 578 579 1345 1348 
5 
582 583 584 770 866 
3 
581 583 584 
4 
581 582 584 1105 
9 
581 582 583 770 771 866 867 898 1342 
3 
586 587 588 
3 
585 587 588 
3 
585 586 588 
3 
585 586 587 
6 
3 590 591 592 1398 1399 
3 
589 591 592 
5 
589 590 592 1065 1066 
5 
589 590 591 1065 1399 
10 
163 164 594 595 596 786 1913 1914 1915 1916 
7 
163 593 595 596 964 1914 1915 
4 
593 594 596 1915 
7 
593 594 595 786 787 1915 1916 
8 
598 599 600 1077 1078 1079 1080 1669 
7 
597 599 600 1078 1079 1669 1670 
8 
597 598 600 1079 1669 1670 1671 1672 
7 
597 598 599 1079 1080 1669 1672 
5 
602 603 604 821 824 
7 
601 603 604 821 822 823 824 
5 
601 602 604 823 824 
4 
601 602 603 824 
10 
606 607 608 1698 1699 1794 1795 1838 1839 1893 
5 
605 607 608 1893 1894 
7 
605 606 608 1893 1894 1895 1896 
10 
605 606 607 1038 1266 1699 1795 1839 1893 1896 
3 
610 611 612 
3 
609 611 612 
3 
609 610 612 
4 
609 610 611 1930 
7 
149 614 615 616 1842 1926 1927 
5 
149 150 613 615 616 
7 
151 152 613 614 616 1062 1773 
9 
152 613 614 615 1061 1062 1842 1843 1927 
7 
618 619 620 805 806 809 812 
9 
617 619 620 806 809 810 811 812 980 
7 
617 618 620 806 807 811 812 
8 
617 618 619 805 806 807 808 812 
6 
186 423 424 622 623 624 
6 
329 332 423 621 623 624 
5 
332 621 622 624 1249 
6 
186 187 621 622 623 1410 
7 
626 627 628 913 914 1325 1326 
5 
625 627 628 914 1326 
9 
453 454 625 626 628 914 915 1326 1327 
12 
453 625 626 627 913 914 915 916 1325 1326 1327 1328 
6 
630 631 632 830 1025 1666 
5 
629 631 632 1025 1026 
7 
629 630 632 1025 1026 1027 1028 
9 
629 630 631 830 831 1025 1028 1666 1667 
5 
634 635 636 754 755 
5 
305 308 633 635 636 
4 
308 633 634 636 
4 
633 634 635 755 
9 
638 639 640 969 970 971 972 1450 1451 
5 
637 639 640 970 971 
6 
637 638 640 971 1677 1678 
9 
78 238 637 638 639 971 972 1451 1677 
7 
78 79 642 643 644 1679 1680 
4 
641 643 644 1679 
6 
641 642 644 881 882 1465 
6 
79 641 642 643 881 974 
4 
646 647 648 1518 
3 
645 647 648 
3 
645 646 648 
6 
386 645 646 647 1518 1519 
5 
38 650 651 652 1178 
3 
649 651 652 
3 
649 650 652 
8 
38 39 649 650 651 1178 1179 1950 
6 
654 655 656 1193 1196 1389 
9 
653 655 656 1193 1194 1195 1196 1389 1390 
9 
653 654 656 1195 1196 1389 1390 1391 1392 
7 
653 654 655 790 1196 1389 1392 
7 
26 658 659 660 749 1774 1775 
6 
657 659 660 749 750 1217 
9 
342 657 658 660 749 750 751 752 1220 
10 
26 27 341 342 657 658 659 749 752 1775 
8 
662 663 664 787 1377 1378 1379 1380 
5 
661 663 664 1378 1379 
4 
661 662 664 1379 
5 
661 662 663 1379 1380 
6 
271 666 667 668 1283 1722 
4 
464 665 667 668 
3 
665 666 668 
5 
665 666 667 1722 1723 
3 
670 671 672 
3 
669 671 672 
4 
669 670 672 870 
5 
669 670 671 869 870 
5 
169 172 674 675 676 
7 
169 170 171 172 673 675 676 
5 
171 172 673 674 676 
4 
172 673 674 675 
3 
678 679 680 
5 
677 679 680 1605 1608 
4 
677 678 680 1608 
3 
677 678 679 
4 
682 683 684 1832 
7 
681 683 684 825 1792 1831 1832 
5 
681 682 684 825 828 
3 
681 682 683 
11 
17 18 310 686 687 688 967 1621 1622 1623 1624 
6 
18 685 687 688 1622 1623 
6 
18 19 685 686 688 1623 
11 
17 18 19 20 310 311 685 686 687 1623 1624 
4 
690 691 692 1806 
3 
689 691 692 
3 
689 690 692 
5 
689 690 691 1806 1807 
3 
694 695 696 
3 
693 695 696 
3 
693 694 696 
3 
693 694 695 
5 
698 699 700 981 992 
9 
397 400 697 699 700 981 982 991 992 
8 
400 697 698 700 981 982 983 984 
5 
697 698 699 981 984 
9 
702 703 704 799 800 1029 1030 1031 1032 
7 
701 703 704 799 873 1030 1031 
8 
701 702 704 873 876 1031 1114 1494 
9 
701 702 703 1031 1032 1113 1114 1493 1494 
4 
93 706 707 708 
5 
93 94 705 707 708 
5 
95 96 705 706 708 
4 
96 705 706 707 
6 
469 710 711 712 1407 1408 
6 
469 470 709 711 712 1407 
5 
471 472 709 710 712 
4 
472 709 710 711 
3 
714 715 716 
3 
713 715 716 
4 
557 713 714 716 
4 
713 714 715 1650 
12 
509 510 511 512 718 719 720 1069 1070 1071 1072 1752 
11 
97 100 510 511 717 719 720 1070 1071 1751 1752 
6 
100 511 717 718 720 1071 
7 
511 512 717 718 719 1071 1072 
3 
722 723 724 
4 
721 723 724 1412 
3 
721 722 724 
3 
721 722 723 
7 
425 726 727 728 1471 1758 1759 
5 
425 426 725 727 728 
9 
425 426 427 428 449 450 725 726 728 
7 
425 428 449 725 726 727 1759 
4 
730 731 732 1980 
5 
729 731 732 1979 1980 
7 
61 729 730 732 1381 1833 1834 
4 
729 730 731 1833 
5 
454 734 735 736 1309 
6 
733 735 736 760 1309 1310 
7 
733 734 736 1309 1310 1311 1312 
7 
454 455 733 734 735 1309 1312 
10 
357 360 738 739 740 1319 1937 1938 1939 1940 
9 
357 358 359 360 737 739 740 1938 1939 
6 
359 360 737 738 740 1939 
6 
360 737 738 739 1939 1940 
3 
742 743 744 
3 
741 743 744 
3 
741 742 744 
4 
741 742 743 970 
7 
391 392 746 747 748 1294 1295 
4 
391 745 747 748 
3 
745 746 748 
4 
745 746 747 1295 
11 
26 657 658 659 660 750 751 752 1217 1220 1775 
9 
658 659 749 751 752 1217 1218 1219 1220 
7 
342 659 749 750 752 1219 1220 
10 
26 27 341 342 659 660 749 750 751 1220 
3 
754 755 756 
4 
633 753 755 756 
5 
633 636 753 754 756 
3 
753 754 755 
3 
758 759 760 
3 
757 759 760 
4 
757 758 760 1310 
6 
734 757 758 759 1309 1310 
9 
481 482 762 763 764 834 1094 1095 1426 
7 
241 244 482 761 763 764 1445 
7 
244 482 483 761 762 764 1448 
12 
481 482 483 484 761 762 763 834 835 1095 1426 1427 
3 
766 767 768 
3 
765 767 768 
3 
765 766 768 
3 
765 766 767 
6 
770 771 772 865 897 898 
8 
581 584 769 771 772 865 866 898 
11 
584 769 770 772 865 866 867 868 898 899 1342 
12 
769 770 771 865 868 897 898 899 900 1341 1342 1458 
7 
221 224 774 775 776 1681 1682 
8 
221 222 223 224 773 775 776 1682 
7 
223 224 773 774 776 1682 1683 
9 
224 506 773 774 775 1681 1682 1683 1684 
4 
778 779 780 1603 
3 
777 779 780 
3 
777 778 780 
3 
777 778 779 
3 
782 783 784 
3 
781 783 784 
5 
313 573 781 782 784 
3 
781 782 783 
4 
164 786 787 788 
9 
163 164 593 596 785 787 788 1913 1916 
8 
596 661 785 786 788 1377 1378 1916 
4 
785 786 787 1377 
9 
9 50 551 552 790 791 792 887 888 
8 
9 10 551 656 789 791 792 887 
7 
9 10 11 12 789 790 792 
9 
9 12 50 51 54 789 790 791 1014 
7 
441 442 443 444 794 795 796 
5 
442 443 793 795 796 
5 
262 443 793 794 796 
7 
261 262 443 444 793 794 795 
7 
798 799 800 1029 1030 1297 1300 
8 
797 799 800 1030 1297 1298 1299 1300 
9 
701 702 797 798 800 1030 1031 1299 1300 
9 
701 797 798 799 1029 1030 1031 1032 1300 
6 
802 803 804 1020 1245 1248 
9 
801 803 804 1019 1020 1245 1246 1247 1248 
5 
801 802 804 1247 1248 
4 
801 802 803 1248 
5 
617 620 806 807 808 
8 
617 618 619 620 805 807 808 812 
5 
619 620 805 806 808 
5 
418 620 805 806 807 
7 
83 84 617 618 810 811 812 
8 
83 445 618 809 811 812 977 980 
8 
445 448 618 619 809 810 812 980 
8 
617 618 619 620 806 809 810 811 
3 
814 815 816 
4 
813 815 816 1436 
7 
813 814 816 1005 1006 1393 1506 
7 
382 813 814 815 1005 1505 1506 
4 
818 819 820 1602 
5 
817 819 820 1733 1736 
4 
817 818 820 1736 
5 
817 818 819 1602 1603 
5 
601 602 822 823 824 
4 
602 821 823 824 
5 
602 603 821 822 824 
7 
601 602 603 604 821 822 823 
8 
682 683 826 827 828 1728 1791 1792 
10 
277 825 827 828 1201 1204 1413 1727 1728 1791 
9 
106 277 280 825 826 828 1204 1413 1416 
6 
105 106 683 825 826 827 
4 
830 831 832 1665 
7 
629 632 829 831 832 1665 1666 
9 
242 632 829 830 832 1665 1666 1667 1668 
7 
241 242 829 830 831 1665 1668 
8 
834 835 836 1093 1094 1095 1096 1425 
11 
481 484 761 764 833 835 836 1094 1095 1425 1426 
10 
484 764 833 834 836 1095 1425 1426 1427 1428 
7 
833 834 835 1095 1096 1425 1428 
3 
838 839 840 
3 
837 839 840 
3 
837 838 840 
3 
837 838 839 
4 
111 842 843 844 
3 
841 843 844 
5 
114 505 841 842 844 
5 
113 114 841 842 843 
4 
846 847 848 1919 
3 
845 847 848 
3 
845 846 848 
4 
845 846 847 1890 
9 
518 519 850 851 852 1761 1764 1781 1782 
8 
849 851 852 1761 1762 1763 1764 1782 
8 
457 849 850 852 1763 1764 1782 1783 
9 
519 849 850 851 1764 1781 1782 1783 1784 
7 
854 855 856 1529 1530 1531 1532 
5 
853 855 856 1530 1531 
4 
853 854 856 1531 
5 
853 854 855 1531 1532 
8 
133 134 534 858 859 860 1917 1920 
8 
134 857 859 860 1917 1918 1919 1920 
9 
134 135 857 858 860 1889 1890 1919 1920 
11 
133 134 135 136 534 535 857 858 859 1889 1920 
5 
862 863 864 1945 1948 
8 
861 863 864 1640 1945 1946 1947 1948 
5 
861 862 864 1947 1948 
4 
861 862 863 1948 
9 
769 770 771 772 866 867 868 897 898 
8 
581 584 770 771 865 867 868 898 
8 
584 771 865 866 868 898 899 1342 
12 
771 772 865 866 867 897 898 899 900 1341 1342 1458 
4 
672 870 871 872 
5 
671 672 869 871 872 
3 
869 870 872 
3 
869 870 871 
5 
702 703 874 875 876 
3 
873 875 876 
3 
873 874 876 
4 
703 873 874 875 
3 
878 879 880 
3 
877 879 880 
4 
145 877 878 880 
3 
877 878 879 
5 
643 644 882 883 884 
5 
643 881 883 884 1465 
5 
881 882 884 1465 1468 
3 
881 882 883 
5 
549 550 886 887 888 
4 
550 885 887 888 
8 
50 550 551 789 790 885 886 888 
10 
49 50 549 550 551 552 789 885 886 887 
9 
890 891 892 957 958 959 960 1999 2000 
8 
889 891 892 945 948 958 959 1999 
5 
889 890 892 948 959 
6 
889 890 891 959 960 1962 
3 
894 895 896 
3 
893 895 896 
3 
893 894 896 
3 
893 894 895 
8 
769 772 865 868 898 899 900 1341 
14 
584 769 770 771 772 865 866 867 868 897 899 900 1341 1342 
11 
771 772 867 868 897 898 900 1341 1342 1343 1344 
8 
772 868 897 898 899 1341 1344 1458 
7 
902 903 904 1597 1600 1990 1991 
8 
144 901 903 904 1597 1598 1599 1600 
5 
901 902 904 1599 1600 
6 
901 902 903 962 1600 1991 
3 
906 907 908 
6 
905 907 908 1500 1957 1960 
5 
905 906 908 1546 1960 
5 
905 906 907 1545 1546 
3 
910 911 912 
5 
413 416 909 911 912 
6 
416 909 910 912 1605 1606 
4 
909 910 911 1605 
10 
453 625 628 914 915 916 1325 1326 1327 1328 
11 
453 454 625 626 627 628 913 915 916 1326 1327 
10 
453 454 455 456 627 628 913 914 916 1327 
8 
453 456 628 913 914 915 1327 1328 
3 
918 919 920 
3 
917 919 920 
3 
917 918 920 
3 
917 918 919 
5 
922 923 924 1321 1322 
4 
921 923 924 1322 
5 
921 922 924 1322 1323 
7 
921 922 923 1321 1322 1323 1324 
3 
926 927 928 
4 
925 927 928 1429 
5 
925 926 928 1429 1432 
3 
925 926 927 
6 
578 930 931 932 1345 1346 
4 
929 931 932 1346 
5 
929 930 932 1346 1347 
9 
578 579 929 930 931 1345 1346 1347 1348 
3 
934 935 936 
3 
933 935 936 
4 
933 934 936 965 
3 
933 934 935 
6 
938 939 940 1022 1604 1614 
5 
937 939 940 1603 1604 
3 
937 938 940 
7 
937 938 939 1022 1023 1614 1615 
3 
942 943 944 
3 
941 943 944 
3 
941 942 944 
3 
941 942 943 
6 
890 946 947 948 958 1999 
3 
945 947 948 
3 
945 946 948 
7 
890 891 945 946 947 958 959 
4 
950 951 952 1566 
3 
949 951 952 
3 
949 950 952 
5 
949 950 951 1566 1567 
3 
954 955 956 
7 
377 953 955 956 1777 1780 1836 
6 
377 380 953 954 956 1780 
4 
953 954 955 1822 
6 
889 958 959 960 1999 2000 
8 
889 890 945 948 957 959 960 1999 
8 
889 890 891 892 948 957 958 960 
5 
889 892 957 958 959 
7 
162 163 962 963 964 1991 1992 
6 
904 961 963 964 1600 1991 
3 
961 962 964 
6 
163 594 961 962 963 1914 
4 
935 966 967 968 
4 
965 967 968 1621 
9 
17 309 310 685 965 966 968 1621 1624 
4 
309 965 966 967 
8 
637 970 971 972 1449 1450 1451 1452 
8 
637 638 744 969 971 972 1450 1451 
11 
78 637 638 639 640 969 970 972 1451 1677 1678 
11 
77 78 238 637 640 969 970 971 1451 1452 1677 
5 
79 80 974 975 976 
5 
79 644 973 975 976 
6 
193 194 973 974 976 1746 
6 
193 973 974 975 1745 1746 
6 
82 83 810 978 979 980 
4 
977 979 980 996 
5 
445 446 977 978 980 
8 
83 445 618 810 811 977 978 979 
10 
400 697 698 699 700 982 983 984 991 992 
8 
399 400 698 699 981 983 984 991 
4 
699 981 982 984 
5 
699 700 981 982 983 
9 
502 503 986 987 988 1909 1910 1911 1912 
5 
985 987 988 1910 1911 
4 
985 986 988 1911 
6 
503 985 986 987 1911 1912 
4 
397 990 991 992 
5 
397 398 989 991 992 
10 
397 398 399 400 698 981 982 989 990 992 
8 
397 400 697 698 981 989 990 991 
3 
994 995 996 
4 
993 995 996 1784 
3 
993 994 996 
4 
978 993 994 995 
4 
998 999 1000 1703 
3 
997 999 1000 
3 
997 998 1000 
3 
997 998 999 
6 
408 429 430 1002 1003 1004 
8 
407 408 430 1001 1003 1004 1521 1524 
5 
431 1001 1002 1004 1524 
5 
431 432 1001 1002 1003 
8 
815 816 1006 1007 1008 1393 1396 1506 
8 
815 1005 1007 1008 1393 1394 1395 1396 
5 
1005 1006 1008 1395 1396 
5 
1005 1006 1007 1396 1507 
10 
522 523 1010 1011 1012 1183 1481 1482 1483 1484 
5 
1009 1011 1012 1482 1483 
5 
1009 1010 1012 1483 1550 
8 
523 1009 1010 1011 1483 1484 1549 1550 
6 
52 53 179 1014 1015 1016 
8 
51 52 53 54 792 1013 1015 1016 
5 
55 56 1013 1014 1016 
4 
56 1013 1014 1015 
10 
339 340 572 1018 1019 1020 1245 1246 1734 1735 
7 
339 571 572 1017 1019 1020 1246 
6 
802 1017 1018 1020 1246 1247 
10 
801 802 1017 1018 1019 1245 1246 1247 1248 1735 
4 
1022 1023 1024 1613 
8 
937 940 1021 1023 1024 1604 1613 1614 
8 
940 1021 1022 1024 1613 1614 1615 1616 
5 
1021 1022 1023 1613 1616 
8 
629 630 631 632 1026 1027 1028 1666 
5 
630 631 1025 1027 1028 
4 
631 1025 1026 1028 
7 
631 632 1025 1026 1027 1666 1667 
6 
701 797 800 1030 1031 1032 
10 
701 702 797 798 799 800 1029 1031 1032 1300 
9 
701 702 703 704 799 800 1029 1030 1032 
6 
701 704 800 1029 1030 1031 
6 
386 387 1034 1035 1036 1519 
5 
1033 1035 1036 1525 1528 
4 
1033 1034 1036 1528 
5 
174 387 1033 1034 1035 
6 
1038 1039 1040 1150 1151 1265 
8 
608 1037 1039 1040 1045 1265 1266 1896 
8 
1037 1038 1040 1045 1048 1267 1268 1349 
5 
1037 1038 1039 1151 1268 
5 
1042 1043 1044 1849 1852 
7 
1041 1043 1044 1849 1850 1851 1852 
5 
1041 1042 1044 1851 1852 
4 
1041 1042 1043 1852 
10 
1038 1039 1046 1047 1048 1265 1266 1267 1268 1896 
8 
1045 1047 1048 1266 1267 1337 1895 1896 
8 
1045 1046 1048 1267 1337 1340 1349 1350 
7 
1039 1045 1046 1047 1267 1268 1349 
8 
350 351 1050 1051 1052 1170 1171 1626 
3 
1049 1051 1052 
6 
33 197 1049 1050 1052 1214 
9 
351 1049 1050 1051 1171 1213 1214 1626 1627 
3 
1054 1055 1056 
3 
1053 1055 1056 
3 
1053 1054 1056 
3 
1053 1054 1055 
4 
1058 1059 1060 1474 
3 
1057 1059 1060 
3 
1057 1058 1060 
5 
1057 1058 1059 1474 1475 
8 
616 1062 1063 1064 1842 1843 1927 1971 
7 
152 615 616 1061 1063 1064 1773 
5 
1061 1062 1064 1773 1776 
4 
1061 1062 1063 1843 
5 
591 592 1066 1067 1068 
4 
591 1065 1067 1068 
3 
1065 1066 1068 
3 
1065 1066 1067 
9 
509 510 511 512 717 1070 1071 1072 1752 
11 
97 100 510 511 717 718 1069 1071 1072 1751 1752 
9 
100 511 717 718 719 720 1069 1070 1072 
7 
511 512 717 720 1069 1070 1071 
8 
46 47 1074 1075 1076 1083 1084 1336 
7 
288 1073 1075 1076 1083 1335 1336 
3 
1073 1074 1076 
4 
47 1073 1074 1075 
5 
597 1078 1079 1080 1669 
7 
597 598 1077 1079 1080 1669 1670 
11 
597 598 599 600 1077 1078 1080 1669 1670 1671 1672 
8 
150 597 600 1077 1078 1079 1669 1672 
6 
46 1082 1083 1084 1333 1336 
8 
285 1081 1083 1084 1333 1334 1335 1336 
8 
288 1073 1074 1081 1082 1084 1335 1336 
7 
46 47 1073 1081 1082 1083 1336 
3 
1086 1087 1088 
3 
1085 1087 1088 
3 
1085 1086 1088 
3 
1085 1086 1087 
4 
320 1090 1091 1092 
7 
319 320 1089 1091 1092 1365 1368 
4 
1089 1090 1092 1368 
3 
1089 1090 1091 
4 
833 1094 1095 1096 
7 
481 761 833 834 1093 1095 1096 
13 
481 484 761 764 833 834 835 836 1093 1094 1096 1425 1426 
6 
833 836 1093 1094 1095 1425 
7 
345 346 347 348 1098 1099 1100 
5 
346 347 1097 1099 1100 
4 
347 1097 1098 1100 
5 
347 348 1097 1098 1099 
3 
1102 1103 1104 
3 
1101 1103 1104 
5 
1101 1102 1104 1705 1706 
4 
1101 1102 1103 1705 
4 
583 1106 1107 1108 
4 
436 1105 1107 1108 
3 
1105 1106 1108 
3 
1105 1106 1107 
3 
1110 1111 1112 
3 
1109 1111 1112 
5 
125 126 1109 1110 1112 
4 
125 1109 1110 1111 
5 
704 1114 1115 1116 1493 
7 
703 704 1113 1115 1116 1493 1494 
7 
1113 1114 1116 1493 1494 1495 1496 
6 
1113 1114 1115 1493 1496 1830 
5 
1118 1119 1120 1131 1132 
4 
1117 1119 1120 1131 
3 
1117 1118 1120 
3 
1117 1118 1119 
6 
1122 1123 1124 1127 1128 1738 
4 
1121 1123 1124 1127 
3 
1121 1122 1124 
5 
1121 1122 1123 1738 1739 
4 
287 1126 1127 1128 
3 
1125 1127 1128 
6 
1121 1122 1125 1126 1128 1738 
6 
1121 1125 1126 1127 1737 1738 
4 
1130 1131 1132 1562 
3 
1129 1131 1132 
5 
1117 1118 1129 1130 1132 
6 
1117 1129 1130 1131 1562 1563 
3 
1134 1135 1136 
3 
1133 1135 1136 
3 
1133 1134 1136 
3 
1133 1134 1135 
5 
199 200 1138 1139 1140 
4 
199 1137 1139 1140 
3 
1137 1138 1140 
4 
442 1137 1138 1139 
4 
499 1142 1143 1144 
6 
4 1141 1143 1144 1397 1400 
4 
1141 1142 1144 1400 
3 
1141 1142 1143 
5 
495 496 1146 1147 1148 
4 
495 1145 1147 1148 
3 
1145 1146 1148 
3 
1145 1146 1147 
8 
1150 1151 1152 1593 1594 1847 1886 1887 
9 
1037 1149 1151 1152 1265 1594 1700 1796 1840 
9 
1037 1040 1149 1150 1152 1265 1268 1594 1595 
8 
1149 1150 1151 1593 1594 1595 1596 1887 
5 
1154 1155 1156 1369 1370 
4 
1153 1155 1156 1370 
6 
1153 1154 1156 1370 1371 1661 
7 
1153 1154 1155 1369 1370 1371 1372 
4 
1158 1159 1160 1512 
5 
1157 1159 1160 1511 1512 
3 
1157 1158 1160 
3 
1157 1158 1159 
5 
404 525 1162 1163 1164 
8 
201 403 404 525 526 1161 1163 1164 
9 
201 204 525 526 527 528 1161 1162 1164 
5 
525 528 1161 1162 1163 
5 
1166 1167 1168 1969 1972 
10 
1165 1167 1168 1841 1925 1928 1969 1970 1971 1972 
8 
1165 1166 1168 1841 1844 1928 1971 1972 
4 
1165 1166 1167 1972 
11 
349 350 351 352 1170 1171 1172 1330 1331 1625 1626 
7 
350 351 1049 1169 1171 1172 1626 
10 
351 1049 1052 1169 1170 1172 1213 1214 1626 1627 
11 
351 352 1169 1170 1171 1213 1331 1625 1626 1627 1628 
5 
343 344 1174 1175 1176 
4 
343 1173 1175 1176 
3 
1173 1174 1176 
3 
1173 1174 1175 
10 
37 40 1178 1179 1180 1197 1198 1199 1200 1949 
13 
37 38 39 40 649 652 1177 1179 1180 1198 1199 1949 1950 
11 
39 40 652 1177 1178 1180 1199 1949 1950 1951 1952 
8 
40 1177 1178 1179 1199 1200 1949 1952 
3 
1182 1183 1184 
4 
324 1181 1183 1184 
8 
521 522 1009 1181 1182 1184 1481 1482 
5 
521 1181 1182 1183 1481 
5 
219 220 1186 1187 1188 
4 
219 1185 1187 1188 
3 
1185 1186 1188 
3 
1185 1186 1187 
3 
1190 1191 1192 
3 
1189 1191 1192 
3 
1189 1190 1192 
3 
1189 1190 1191 
5 
653 654 1194 1195 1196 
4 
654 1193 1195 1196 
6 
654 655 1193 1194 1196 1390 
9 
653 654 655 656 1193 1194 1195 1389 1390 
7 
37 1177 1198 1199 1200 1631 1882 
7 
37 38 1177 1178 1197 1199 1200 
13 
37 38 39 40 1177 1178 1179 1180 1197 1198 1200 1949 1950 
10 
37 40 1177 1180 1197 1198 1199 1882 1883 1949 
8 
826 1202 1203 1204 1413 1414 1726 1727 
4 
1201 1203 1204 1414 
8 
278 1201 1202 1204 1414 1415 1825 1826 
13 
277 278 826 827 1201 1202 1203 1413 1414 1415 1416 1727 1825 
3 
1206 1207 1208 
3 
1205 1207 1208 
3 
1205 1206 1208 
3 
1205 1206 1207 
3 
1210 1211 1212 
4 
1209 1211 1212 1532 
3 
1209 1210 1212 
3 
1209 1210 1211 
9 
351 1052 1171 1172 1214 1215 1216 1627 1628 
8 
197 1051 1052 1171 1213 1215 1216 1627 
5 
197 200 1213 1214 1216 
3 
1213 1214 1215 
6 
658 749 750 1218 1219 1220 
4 
750 1217 1219 1220 
5 
750 751 1217 1218 1220 
9 
342 659 749 750 751 752 1217 1218 1219 
3 
1222 1223 1224 
3 
1221 1223 1224 
3 
1221 1222 1224 
3 
1221 1222 1223 
6 
1226 1227 1228 1545 1548 1590 
7 
1225 1227 1228 1545 1546 1547 1548 
6 
1225 1226 1228 1547 1548 1953 
6 
1225 1226 1227 1548 1590 1591 
5 
395 546 1230 1231 1232 
7 
369 372 1229 1231 1232 1257 1260 
5 
372 1229 1230 1232 1260 
5 
546 547 1229 1230 1231 
7 
1234 1235 1236 1929 1930 1931 1932 
7 
209 212 1233 1235 1236 1930 1931 
5 
212 1233 1234 1236 1931 
5 
1233 1234 1235 1931 1932 
5 
1238 1239 1240 1469 1757 
7 
1237 1239 1240 1469 1470 1757 1758 
11 
1237 1238 1240 1469 1470 1471 1472 1757 1758 1759 1760 
7 
1237 1238 1239 1469 1472 1757 1760 
4 
1242 1243 1244 1965 
8 
1241 1243 1244 1485 1488 1536 1965 1966 
8 
1241 1242 1244 1488 1965 1966 1967 1968 
6 
1241 1242 1243 1942 1965 1968 
9 
801 802 1017 1020 1246 1247 1248 1735 1736 
9 
802 1017 1018 1019 1020 1245 1247 1248 1735 
7 
802 803 1019 1020 1245 1246 1248 
8 
801 802 803 804 1020 1245 1246 1247 
4 
623 1250 1251 1252 
6 
41 1249 1251 1252 1401 1404 
5 
44 1249 1250 1252 1404 
3 
1249 1250 1251 
7 
1254 1255 1256 1489 1490 1892 1906 
7 
1253 1255 1256 1421 1490 1891 1892 
6 
1253 1254 1256 1424 1490 1491 
9 
1253 1254 1255 1489 1490 1491 1492 1906 1907 
9 
89 369 370 371 372 1230 1258 1259 1260 
7 
89 90 370 371 1257 1259 1260 
8 
89 90 91 92 371 1257 1258 1260 
9 
89 92 371 372 1230 1231 1257 1258 1259 
5 
1262 1263 1264 1689 1692 
7 
1261 1263 1264 1689 1690 1691 1692 
7 
1261 1262 1264 1585 1586 1691 1692 
5 
1261 1262 1263 1585 1692 
8 
1037 1038 1045 1150 1151 1266 1267 1268 
8 
608 1038 1045 1046 1265 1267 1268 1896 
9 
1039 1045 1046 1047 1048 1265 1266 1268 1349 
8 
1039 1040 1045 1048 1151 1265 1266 1267 
3 
1270 1271 1272 
3 
1269 1271 1272 
4 
465 1269 1270 1272 
3 
1269 1270 1271 
4 
228 1274 1275 1276 
5 
227 228 1273 1275 1276 
3 
1273 1274 1276 
3 
1273 1274 1275 
3 
1278 1279 1280 
3 
1277 1279 1280 
3 
1277 1278 1280 
3 
1277 1278 1279 
5 
90 269 1282 1283 1284 
5 
269 270 1281 1283 1284 
8 
269 270 271 272 665 1281 1282 1284 
7 
90 91 269 272 1281 1282 1283 
3 
1286 1287 1288 
3 
1285 1287 1288 
3 
1285 1286 1288 
3 
1285 1286 1287 
3 
1290 1291 1292 
5 
1289 1291 1292 1649 1652 
4 
1289 1290 1292 1652 
3 
1289 1290 1291 
3 
1294 1295 1296 
6 
389 392 745 1293 1295 1296 
6 
392 745 748 1293 1294 1296 
3 
1293 1294 1295 
5 
797 798 1298 1299 1300 
4 
798 1297 1299 1300 
5 
798 799 1297 1298 1300 
8 
797 798 799 800 1030 1297 1298 1299 
11 
497 500 1302 1303 1304 1709 1710 1711 1712 1717 1718 
10 
497 498 499 500 1301 1303 1304 1710 1711 1718 
8 
499 500 1301 1302 1304 1711 1718 1719 
10 
500 1301 1302 1303 1711 1712 1717 1718 1719 1720 
8 
485 486 487 488 576 1306 1307 1308 
7 
486 487 575 576 1305 1307 1308 
4 
487 1305 1306 1308 
5 
487 488 1305 1306 1307 
8 
733 734 735 736 760 1310 1311 1312 
7 
734 735 759 760 1309 1311 1312 
4 
735 1309 1310 1312 
5 
735 736 1309 1310 1311 
3 
1314 1315 1316 
3 
1313 1315 1316 
6 
294 421 422 1313 1314 1316 
6 
293 294 421 1313 1314 1315 
6 
1318 1319 1320 1423 1424 1937 
6 
1317 1319 1320 1423 1937 1938 
8 
737 1317 1318 1320 1937 1938 1939 1940 
5 
1317 1318 1319 1937 1940 
5 
921 924 1322 1323 1324 
7 
921 922 923 924 1321 1323 1324 
5 
923 924 1321 1322 1324 
4 
924 1321 1322 1323 
6 
625 628 913 1326 1327 1328 
10 
453 625 626 627 628 913 914 1325 1327 1328 
11 
453 456 627 628 913 914 915 916 1325 1326 1328 
6 
628 913 916 1325 1326 1327 
6 
234 235 349 1330 1331 1332 
6 
349 350 1169 1329 1331 1332 
11 
349 350 351 352 1169 1172 1329 1330 1332 1402 1625 
8 
235 349 352 1329 1330 1331 1401 1402 
6 
46 1081 1082 1334 1335 1336 
5 
285 1082 1333 1335 1336 
8 
285 288 1074 1082 1083 1333 1334 1336 
11 
46 47 1073 1074 1081 1082 1083 1084 1333 1334 1335 
7 
1046 1047 1338 1339 1340 1350 1461 
5 
1337 1339 1340 1461 1462 
5 
1337 1338 1340 1463 1464 
7 
1047 1337 1338 1339 1350 1351 1464 
10 
772 868 897 898 899 900 1342 1343 1344 1458 
10 
584 771 772 867 868 898 899 1341 1343 1344 
5 
899 1341 1342 1344 1642 
9 
899 900 1341 1342 1343 1458 1459 1641 1642 
9 
577 578 579 580 929 932 1346 1347 1348 
9 
578 579 929 930 931 932 1345 1347 1348 
6 
579 931 932 1345 1346 1348 
6 
579 580 932 1345 1346 1347 
7 
1039 1047 1048 1267 1350 1351 1352 
8 
1047 1337 1340 1349 1351 1352 1461 1464 
5 
1340 1349 1350 1352 1464 
3 
1349 1350 1351 
3 
1354 1355 1356 
3 
1353 1355 1356 
3 
1353 1354 1356 
3 
1353 1354 1355 
3 
1358 1359 1360 
3 
1357 1359 1360 
3 
1357 1358 1360 
3 
1357 1358 1359 
5 
1362 1363 1364 1814 1815 
3 
1361 1363 1364 
3 
1361 1362 1364 
4 
1361 1362 1363 1815 
6 
318 319 1090 1366 1367 1368 
3 
1365 1367 1368 
5 
1365 1366 1368 1741 1742 
7 
319 1090 1091 1365 1366 1367 1741 
5 
1153 1156 1370 1371 1372 
7 
1153 1154 1155 1156 1369 1371 1372 
6 
1155 1156 1369 1370 1372 1661 
4 
1156 1369 1370 1371 
4 
1374 1375 1376 1420 
5 
1373 1375 1376 1419 1420 
3 
1373 1374 1376 
3 
1373 1374 1375 
6 
661 787 788 1378 1379 1380 
6 
661 662 787 1377 1379 1380 
7 
661 662 663 664 1377 1378 1380 
5 
661 664 1377 1378 1379 
10 
61 62 63 64 731 1382 1383 1384 1834 1835 
6 
62 63 336 1381 1383 1384 
4 
63 1381 1382 1384 
7 
63 64 378 1381 1382 1383 1835 
5 
1386 1387 1388 1853 1856 
7 
1385 1387 1388 1853 1854 1855 1856 
5 
1385 1386 1388 1855 1856 
4 
1385 1386 1387 1856 
8 
653 654 655 656 1196 1390 1391 1392 
7 
654 655 1195 1196 1389 1391 1392 
4 
655 1389 1390 1392 
6 
10 655 656 1389 1390 1391 
6 
815 1005 1006 1394 1395 1396 
4 
1006 1393 1395 1396 
5 
1006 1007 1393 1394 1396 
7 
1005 1006 1007 1008 1393 1394 1395 
6 
1 4 1142 1398 1399 1400 
8 
1 2 3 4 589 1397 1399 1400 
7 
3 4 589 592 1397 1398 1400 
6 
4 1142 1143 1397 1398 1399 
8 
41 42 331 1250 1332 1402 1403 1404 
7 
42 352 1331 1332 1401 1403 1404 
5 
42 43 1401 1402 1404 
9 
41 42 43 44 1250 1251 1401 1402 1403 
5 
258 259 1406 1407 1408 
3 
1405 1407 1408 
7 
469 470 709 710 1405 1406 1408 
6 
259 469 709 1405 1406 1407 
5 
185 188 1410 1411 1412 
8 
185 186 187 188 624 1409 1411 1412 
5 
187 188 1409 1410 1412 
5 
188 722 1409 1410 1411 
11 
277 278 826 827 1201 1204 1414 1415 1416 1727 1825 
10 
278 1201 1202 1203 1204 1413 1415 1416 1825 1826 
11 
278 279 1203 1204 1413 1414 1416 1825 1826 1827 1828 
11 
277 278 279 280 827 1204 1413 1414 1415 1825 1828 
3 
1418 1419 1420 
3 
1417 1419 1420 
4 
1374 1417 1418 1420 
5 
1373 1374 1417 1418 1419 
6 
1254 1422 1423 1424 1891 1892 
4 
1421 1423 1424 1891 
6 
1317 1318 1421 1422 1424 1937 
5 
1255 1317 1421 1422 1423 
9 
833 834 835 836 1095 1096 1426 1427 1428 
10 
481 484 761 764 834 835 1095 1425 1427 1428 
6 
484 764 835 1425 1426 1428 
5 
835 836 1425 1426 1427 
5 
926 927 1430 1431 1432 
3 
1429 1431 1432 
3 
1429 1430 1432 
4 
927 1429 1430 1431 
4 
1434 1435 1436 1541 
5 
1433 1435 1436 1541 1542 
7 
1433 1434 1436 1541 1542 1543 1544 
6 
814 1433 1434 1435 1541 1544 
3 
1438 1439 1440 
3 
1437 1439 1440 
5 
317 318 1437 1438 1440 
4 
317 1437 1438 1439 
3 
1442 1443 1444 
3 
1441 1443 1444 
3 
1441 1442 1444 
3 
1441 1442 1443 
7 
241 244 482 762 1446 1447 1448 
8 
241 242 243 244 1445 1447 1448 1668 
5 
243 244 1445 1446 1448 
7 
244 482 483 763 1445 1446 1447 
6 
969 1450 1451 1452 1611 1612 
7 
637 969 970 1449 1451 1452 1611 
12 
78 238 637 640 969 970 971 972 1449 1450 1452 1677 
9 
77 78 237 238 969 972 1449 1450 1451 
5 
265 266 1454 1455 1456 
4 
266 1453 1455 1456 
5 
266 267 1453 1454 1456 
7 
265 266 267 268 1453 1454 1455 
4 
1458 1459 1460 1641 
10 
772 868 900 1341 1344 1457 1459 1460 1641 1642 
8 
1344 1457 1458 1460 1641 1642 1643 1644 
5 
1457 1458 1459 1641 1644 
6 
1337 1338 1350 1462 1463 1464 
4 
1338 1461 1463 1464 
4 
1339 1461 1462 1464 
7 
1339 1340 1350 1351 1461 1462 1463 
6 
643 882 883 1466 1467 1468 
3 
1465 1467 1468 
3 
1465 1466 1468 
4 
883 1465 1466 1467 
8 
1237 1238 1239 1240 1470 1471 1472 1757 
7 
1238 1239 1469 1471 1472 1757 1758 
9 
725 1239 1469 1470 1472 1757 1758 1759 1760 
7 
1239 1240 1469 1470 1471 1757 1760 
3 
1474 1475 1476 
5 
1057 1060 1473 1475 1476 
6 
1060 1473 1474 1476 1817 1818 
4 
1473 1474 1475 1817 
5 
165 1478 1479 1480 1609 
7 
165 166 1477 1479 1480 1609 1610 
11 
165 166 167 168 1477 1478 1480 1609 1610 1611 1612 
7 
165 168 1477 1478 1479 1609 1612 
8 
521 522 1009 1183 1184 1482 1483 1484 
7 
522 1009 1010 1183 1481 1483 1484 
10 
522 523 1009 1010 1011 1012 1481 1482 1484 1550 
11 
521 522 523 524 1009 1012 1481 1482 1483 1549 1550 
9 
121 124 1242 1486 1487 1488 1535 1536 1966 
8 
121 122 123 124 1485 1487 1488 1535 
5 
123 124 1485 1486 1488 
8 
124 1242 1243 1485 1486 1487 1966 1967 
7 
1253 1256 1490 1491 1492 1905 1906 
8 
1253 1254 1255 1256 1489 1491 1492 1906 
7 
1255 1256 1489 1490 1492 1906 1907 
8 
1256 1489 1490 1491 1905 1906 1907 1908 
8 
704 1113 1114 1115 1116 1494 1495 1496 
7 
703 704 1114 1115 1493 1495 1496 
5 
1115 1493 1494 1496 1790 
8 
1115 1116 1493 1494 1495 1789 1790 1830 
5 
1498 1499 1500 1957 1958 
4 
1497 1499 1500 1958 
5 
1497 1498 1500 1958 1959 
8 
906 1497 1498 1499 1957 1958 1959 1960 
8 
32 363 364 477 1502 1503 1504 1901 
10 
31 32 363 477 478 1501 1503 1504 1901 1902 
12 
189 477 478 479 480 1501 1502 1504 1901 1902 1903 1904 
8 
130 477 480 1501 1502 1503 1901 1904 
7 
231 381 382 816 1506 1507 1508 
7 
382 815 816 1005 1505 1507 1508 
6 
382 383 1008 1505 1506 1508 
7 
381 382 383 384 1505 1506 1507 
3 
1510 1511 1512 
3 
1509 1511 1512 
4 
1158 1509 1510 1512 
5 
1157 1158 1509 1510 1511 
3 
1514 1515 1516 
3 
1513 1515 1516 
3 
1513 1514 1516 
3 
1513 1514 1515 
3 
1518 1519 1520 
5 
645 648 1517 1519 1520 
8 
385 386 648 1033 1517 1518 1520 1574 
6 
385 1517 1518 1519 1573 1574 
5 
406 1002 1522 1523 1524 
3 
1521 1523 1524 
3 
1521 1522 1524 
7 
407 430 1002 1003 1521 1522 1523 
6 
1034 1526 1527 1528 1753 1756 
7 
1525 1527 1528 1753 1754 1755 1756 
6 
1525 1526 1528 1755 1756 1997 
6 
1034 1035 1525 1526 1527 1756 
4 
853 1530 1531 1532 
5 
853 854 1529 1531 1532 
7 
853 854 855 856 1529 1530 1532 
6 
853 856 1210 1529 1530 1531 
4 
121 1534 1535 1536 
5 
121 122 1533 1535 1536 
9 
121 122 123 124 1485 1486 1533 1534 1536 
7 
121 124 1242 1485 1533 1534 1535 
3 
1538 1539 1540 
3 
1537 1539 1540 
3 
1537 1538 1540 
3 
1537 1538 1539 
7 
1433 1434 1435 1436 1542 1543 1544 
5 
1434 1435 1541 1543 1544 
4 
1435 1541 1542 1544 
5 
1435 1436 1541 1542 1543 
7 
908 1225 1226 1546 1547 1548 1590 
6 
907 908 1226 1545 1547 1548 
5 
1226 1227 1545 1546 1548 
9 
1225 1226 1227 1228 1545 1546 1547 1590 1591 
7 
523 524 1012 1484 1550 1551 1552 
8 
523 1011 1012 1483 1484 1549 1551 1552 
4 
1549 1550 1552 1750 
5 
1549 1550 1551 1749 1750 
3 
1554 1555 1556 
3 
1553 1555 1556 
3 
1553 1554 1556 
3 
1553 1554 1555 
3 
1558 1559 1560 
3 
1557 1559 1560 
3 
1557 1558 1560 
3 
1557 1558 1559 
4 
438 1562 1563 1564 
5 
1129 1132 1561 1563 1564 
4 
1132 1561 1562 1564 
5 
438 439 1561 1562 1563 
5 
462 463 1566 1567 1568 
5 
949 952 1565 1567 1568 
4 
952 1565 1566 1568 
4 
463 1565 1566 1567 
5 
1570 1571 1572 1785 1788 
7 
1569 1571 1572 1785 1786 1787 1788 
5 
1569 1570 1572 1787 1788 
4 
1569 1570 1571 1788 
6 
385 388 1520 1574 1575 1576 
9 
385 386 387 388 1519 1520 1573 1575 1576 
7 
173 387 388 538 1573 1574 1576 
6 
388 537 538 1573 1574 1575 
3 
1578 1579 1580 
3 
1577 1579 1580 
4 
129 1577 1578 1580 
3 
1577 1578 1579 
3 
1582 1583 1584 
4 
132 1581 1583 1584 
4 
282 1581 1582 1584 
5 
281 282 1581 1582 1583 
5 
1263 1264 1586 1587 1588 
4 
1263 1585 1587 1588 
3 
1585 1586 1588 
3 
1585 1586 1587 
4 
1590 1591 1592 1934 
7 
1225 1228 1545 1548 1589 1591 1592 
5 
1228 1548 1589 1590 1592 
4 
1589 1590 1591 1935 
10 
1149 1152 1594 1595 1596 1847 1885 1886 1887 1888 
9 
1149 1150 1151 1152 1593 1595 1596 1886 1887 
6 
1151 1152 1593 1594 1596 1887 
6 
1152 1593 1594 1595 1887 1888 
9 
141 144 901 902 1598 1599 1600 1990 1991 
8 
141 142 143 144 902 1597 1599 1600 
7 
143 144 902 903 1597 1598 1600 
10 
144 901 902 903 904 962 1597 1598 1599 1991 
3 
1602 1603 1604 
5 
817 820 1601 1603 1604 
6 
777 820 938 1601 1602 1604 
7 
937 938 1022 1601 1602 1603 1614 
6 
678 911 912 1606 1607 1608 
5 
304 911 1605 1607 1608 
3 
1605 1606 1608 
5 
678 679 1605 1606 1607 
9 
165 168 1477 1478 1479 1480 1610 1611 1612 
9 
165 166 167 168 1478 1479 1609 1611 1612 
8 
167 168 1449 1450 1479 1609 1610 1612 
7 
168 1449 1479 1480 1609 1610 1611 
7 
1021 1022 1023 1024 1614 1615 1616 
8 
937 940 1022 1023 1604 1613 1615 1616 
5 
940 1023 1613 1614 1616 
5 
1023 1024 1613 1614 1615 
3 
1618 1619 1620 
3 
1617 1619 1620 
3 
1617 1618 1620 
3 
1617 1618 1619 
6 
685 966 967 1622 1623 1624 
5 
685 686 1621 1623 1624 
9 
18 310 685 686 687 688 1621 1622 1624 
10 
17 18 309 310 685 688 967 1621 1622 1623 
10 
349 350 351 352 1169 1172 1331 1626 1627 1628 
11 
350 351 1049 1052 1169 1170 1171 1172 1625 1627 1628 
9 
351 1052 1171 1172 1213 1214 1625 1626 1628 
7 
351 352 1172 1213 1625 1626 1627 
6 
214 215 475 1630 1631 1632 
3 
1629 1631 1632 
4 
1197 1629 1630 1632 
4 
215 1629 1630 1631 
4 
1634 1635 1636 1724 
5 
1633 1635 1636 1723 1724 
3 
1633 1634 1636 
3 
1633 1634 1635 
5 
1638 1639 1640 1945 1946 
4 
1637 1639 1640 1946 
6 
101 1637 1638 1640 1946 1947 
8 
862 1637 1638 1639 1945 1946 1947 1948 
8 
1344 1457 1458 1459 1460 1642 1643 1644 
7 
1343 1344 1458 1459 1641 1643 1644 
4 
1459 1641 1642 1644 
5 
1459 1460 1641 1642 1643 
3 
1646 1647 1648 
3 
1645 1647 1648 
3 
1645 1646 1648 
3 
1645 1646 1647 
4 
1290 1650 1651 1652 
4 
716 1649 1651 1652 
3 
1649 1650 1652 
5 
1290 1291 1649 1650 1651 
3 
1654 1655 1656 
3 
1653 1655 1656 
3 
1653 1654 1656 
3 
1653 1654 1655 
3 
1658 1659 1660 
3 
1657 1659 1660 
3 
1657 1658 1660 
3 
1657 1658 1659 
5 
1155 1371 1662 1663 1664 
3 
1661 1663 1664 
3 
1661 1662 1664 
3 
1661 1662 1663 
7 
829 830 831 832 1666 1667 1668 
9 
629 632 830 831 1025 1028 1665 1667 1668 
7 
242 632 831 1028 1665 1666 1668 
8 
241 242 831 832 1446 1665 1666 1667 
11 
597 598 599 600 1077 1078 1079 1080 1670 1671 1672 
9 
109 112 598 599 1078 1079 1669 1671 1672 
6 
112 599 1079 1669 1670 1672 
7 
599 600 1079 1080 1669 1670 1671 
3 
1674 1675 1676 
3 
1673 1675 1676 
3 
1673 1674 1676 
3 
1673 1674 1675 
9 
78 639 640 971 972 1451 1678 1679 1680 
5 
639 971 1677 1679 1680 
5 
641 642 1677 1678 1680 
6 
78 79 641 1677 1678 1679 
7 
221 224 773 776 1682 1683 1684 
11 
221 222 223 224 773 774 775 776 1681 1683 1684 
7 
223 224 775 776 1681 1682 1684 
6 
224 506 776 1681 1682 1683 
3 
1686 1687 1688 
3 
1685 1687 1688 
3 
1685 1686 1688 
3 
1685 1686 1687 
5 
1261 1262 1690 1691 1692 
4 
1262 1689 1691 1692 
5 
1262 1263 1689 1690 1692 
7 
1261 1262 1263 1264 1689 1690 1691 
7 
1694 1695 1696 1797 1798 1799 1800 
5 
1693 1695 1696 1798 1799 
4 
1693 1694 1696 1799 
5 
1693 1694 1695 1799 1800 
9 
1698 1699 1700 1793 1794 1795 1796 1837 1838 
8 
108 605 1697 1699 1700 1794 1795 1838 
8 
605 608 1697 1698 1700 1795 1839 1893 
8 
1150 1697 1698 1699 1795 1796 1839 1840 
5 
1702 1703 1704 1817 1820 
7 
1701 1703 1704 1817 1818 1819 1820 
6 
997 1701 1702 1704 1819 1820 
4 
1701 1702 1703 1820 
6 
1103 1104 1706 1707 1708 1769 
6 
1103 1705 1707 1708 1769 1770 
8 
66 1705 1706 1708 1769 1770 1771 1772 
7 
65 66 1705 1706 1707 1769 1772 
6 
1301 1710 1711 1712 1717 1718 
8 
497 500 1301 1302 1709 1711 1712 1718 
10 
500 1301 1302 1303 1304 1709 1710 1712 1718 1719 
9 
1301 1304 1709 1710 1711 1717 1718 1719 1720 
5 
70 71 1714 1715 1716 
4 
1713 1715 1716 1964 
3 
1713 1714 1716 
4 
71 1713 1714 1715 
7 
1301 1304 1709 1712 1718 1719 1720 
12 
500 1301 1302 1303 1304 1709 1710 1711 1712 1717 1719 1720 
7 
1303 1304 1711 1712 1717 1718 1720 
5 
1304 1712 1717 1718 1719 
3 
1722 1723 1724 
5 
665 668 1721 1723 1724 
5 
668 1634 1721 1722 1724 
5 
1633 1634 1721 1722 1723 
7 
1726 1727 1728 1789 1790 1791 1792 
6 
1201 1725 1727 1728 1790 1791 
8 
826 1201 1204 1413 1725 1726 1728 1791 
7 
825 826 1725 1726 1727 1791 1792 
3 
1730 1731 1732 
4 
1729 1731 1732 1860 
4 
1729 1730 1732 1973 
3 
1729 1730 1731 
4 
818 1734 1735 1736 
6 
337 340 1017 1733 1735 1736 
8 
340 1017 1020 1245 1246 1733 1734 1736 
6 
818 819 1245 1733 1734 1735 
4 
1128 1738 1739 1740 
7 
1121 1124 1127 1128 1737 1739 1740 
4 
1124 1737 1738 1740 
3 
1737 1738 1739 
6 
319 1367 1368 1742 1743 1744 
4 
1367 1741 1743 1744 
3 
1741 1742 1744 
3 
1741 1742 1743 
7 
143 193 196 976 1746 1747 1748 
9 
193 194 195 196 975 976 1745 1747 1748 
5 
195 196 1745 1746 1748 
4 
196 1745 1746 1747 
4 
1552 1750 1751 1752 
5 
1551 1552 1749 1751 1752 
7 
97 98 718 1070 1749 1750 1752 
9 
97 510 717 718 1069 1070 1749 1750 1751 
5 
1525 1526 1754 1755 1756 
4 
1526 1753 1755 1756 
5 
1526 1527 1753 1754 1756 
7 
1525 1526 1527 1528 1753 1754 1755 
11 
1237 1238 1239 1240 1469 1470 1471 1472 1758 1759 1760 
9 
425 725 1238 1239 1470 1471 1757 1759 1760 
9 
425 428 725 728 1239 1471 1757 1758 1760 
7 
1239 1240 1471 1472 1757 1758 1759 
5 
849 850 1762 1763 1764 
4 
850 1761 1763 1764 
5 
850 851 1761 1762 1764 
8 
849 850 851 852 1761 1762 1763 1782 
3 
1766 1767 1768 
4 
1765 1767 1768 1952 
3 
1765 1766 1768 
3 
1765 1766 1767 
9 
65 66 1705 1706 1707 1708 1770 1771 1772 
6 
66 1706 1707 1769 1771 1772 
8 
5 66 67 1707 1769 1770 1772 1877 
9 
65 66 67 68 1707 1708 1769 1770 1771 
8 
151 152 615 1062 1063 1774 1775 1776 
5 
151 657 1773 1775 1776 
9 
25 26 138 657 660 749 1773 1774 1776 
7 
25 137 138 1063 1773 1774 1775 
6 
954 1778 1779 1780 1833 1836 
9 
61 64 1777 1779 1780 1833 1834 1835 1836 
8 
64 377 378 1777 1778 1780 1835 1836 
7 
377 954 955 1777 1778 1779 1836 
6 
519 849 852 1782 1783 1784 
8 
849 850 851 852 1764 1781 1783 1784 
5 
851 852 1781 1782 1784 
5 
852 994 1781 1782 1783 
5 
1569 1570 1786 1787 1788 
5 
276 1570 1785 1787 1788 
5 
1570 1571 1785 1786 1788 
7 
1569 1570 1571 1572 1785 1786 1787 
7 
1496 1725 1790 1791 1792 1830 1831 
7 
1495 1496 1725 1726 1789 1791 1792 
9 
825 826 1725 1726 1727 1728 1789 1790 1792 
8 
682 825 1725 1728 1789 1790 1791 1831 
5 
1697 1794 1795 1796 1837 
9 
108 605 1697 1698 1793 1795 1796 1837 1838 
14 
605 608 1697 1698 1699 1700 1793 1794 1796 1837 1838 1839 1840 1893 
8 
1150 1697 1700 1793 1794 1795 1837 1840 
4 
1693 1798 1799 1800 
5 
1693 1694 1797 1799 1800 
7 
1693 1694 1695 1696 1797 1798 1800 
5 
1693 1696 1797 1798 1799 
4 
575 1802 1803 1804 
3 
1801 1803 1804 
3 
1801 1802 1804 
3 
1801 1802 1803 
3 
1806 1807 1808 
5 
689 692 1805 1807 1808 
4 
692 1805 1806 1808 
3 
1805 1806 1807 
3 
1810 1811 1812 
4 
72 1809 1811 1812 
3 
1809 1810 1812 
3 
1809 1810 1811 
3 
1814 1815 1816 
4 
1361 1813 1815 1816 
5 
1361 1364 1813 1814 1816 
3 
1813 1814 1815 
7 
1475 1476 1701 1702 1818 1819 1820 
5 
1475 1702 1817 1819 1820 
5 
1702 1703 1817 1818 1820 
7 
1701 1702 1703 1704 1817 1818 1819 
3 
1822 1823 1824 
4 
956 1821 1823 1824 
3 
1821 1822 1824 
3 
1821 1822 1823 
11 
278 279 1203 1204 1413 1414 1415 1416 1826 1827 1828 
6 
1203 1414 1415 1825 1827 1828 
4 
1415 1825 1826 1828 
6 
279 1415 1416 1825 1826 1827 
3 
1830 1831 1832 
6 
1116 1496 1789 1829 1831 1832 
6 
682 1789 1792 1829 1830 1832 
5 
681 682 1829 1830 1831 
7 
731 732 1777 1778 1834 1835 1836 
7 
61 731 1381 1778 1833 1835 1836 
9 
61 64 1381 1384 1778 1779 1833 1834 1836 
8 
954 1777 1778 1779 1780 1833 1834 1835 
8 
1697 1793 1794 1795 1796 1838 1839 1840 
9 
108 605 1697 1698 1794 1795 1837 1839 1840 
9 
605 608 1699 1700 1795 1837 1838 1840 1893 
7 
1150 1700 1795 1796 1837 1838 1839 
9 
1166 1167 1842 1843 1844 1925 1928 1971 1972 
9 
613 616 1061 1841 1843 1844 1926 1927 1971 
7 
616 1061 1064 1841 1842 1844 1927 
5 
1167 1841 1842 1843 1928 
3 
1846 1847 1848 
3 
1845 1847 1848 
7 
1149 1593 1845 1846 1848 1885 1886 
4 
1845 1846 1847 1885 
5 
1041 1042 1850 1851 1852 
4 
1042 1849 1851 1852 
5 
1042 1043 1849 1850 1852 
7 
1041 1042 1043 1044 1849 1850 1851 
5 
1385 1386 1854 1855 1856 
4 
1386 1853 1855 1856 
5 
1386 1387 1853 1854 1856 
7 
1385 1386 1387 1388 1853 1854 1855 
3 
1858 1859 1860 
3 
1857 1859 1860 
3 
1857 1858 1860 
4 
1730 1857 1858 1859 
7 
173 174 175 176 1862 1863 1864 
5 
174 175 1861 1863 1864 
6 
175 401 402 1861 1862 1864 
6 
175 176 401 1861 1862 1863 
3 
1866 1867 1868 
3 
1865 1867 1868 
3 
1865 1866 1868 
3 
1865 1866 1867 
5 
273 274 1870 1871 1872 
4 
274 1869 1871 1872 
5 
274 275 1869 1870 1872 
7 
273 274 275 276 1869 1870 1871 
3 
1874 1875 1876 
3 
1873 1875 1876 
3 
1873 1874 1876 
3 
1873 1874 1875 
6 
5 8 1771 1878 1879 1880 
7 
5 6 7 8 1877 1879 1880 
5 
7 8 1877 1878 1880 
4 
8 1877 1878 1879 
3 
1882 1883 1884 
5 
1197 1200 1881 1883 1884 
4 
1200 1881 1882 1884 
4 
302 1881 1882 1883 
6 
1593 1847 1848 1886 1887 1888 
7 
1149 1593 1594 1847 1885 1887 1888 
9 
1149 1152 1593 1594 1595 1596 1885 1886 1888 
5 
1593 1596 1885 1886 1887 
7 
135 535 859 860 1890 1891 1892 
5 
848 859 1889 1891 1892 
6 
1254 1421 1422 1889 1890 1892 
6 
1253 1254 1421 1889 1890 1891 
10 
605 606 607 608 1699 1795 1839 1894 1895 1896 
5 
606 607 1893 1895 1896 
5 
607 1046 1893 1894 1896 
9 
607 608 1038 1045 1046 1266 1893 1894 1895 
5 
1898 1899 1900 1982 1983 
3 
1897 1899 1900 
3 
1897 1898 1900 
4 
1897 1898 1899 1983 
11 
31 32 189 477 1501 1502 1503 1504 1902 1903 1904 
10 
31 189 190 477 478 1502 1503 1901 1903 1904 
10 
189 190 191 192 479 480 1503 1901 1902 1904 
9 
130 189 192 480 1503 1504 1901 1902 1903 
5 
1489 1492 1906 1907 1908 
9 
1253 1256 1489 1490 1491 1492 1905 1907 1908 
6 
1256 1491 1492 1905 1906 1908 
4 
1492 1905 1906 1907 
6 
502 503 985 1910 1911 1912 
5 
985 986 1909 1911 1912 
7 
985 986 987 988 1909 1910 1912 
6 
503 985 988 1909 1910 1911 
7 
163 164 593 786 1914 1915 1916 
7 
163 593 594 964 1913 1915 1916 
7 
593 594 595 596 1913 1914 1916 
7 
593 596 786 787 1913 1914 1915 
6 
134 857 858 1918 1919 1920 
4 
858 1917 1919 1920 
6 
845 858 859 1917 1918 1920 
10 
134 135 534 857 858 859 860 1917 1918 1919 
3 
1922 1923 1924 
3 
1921 1923 1924 
3 
1921 1922 1924 
3 
1921 1922 1923 
9 
1166 1841 1926 1927 1928 1969 1970 1971 1972 
7 
613 1842 1925 1927 1928 1970 1971 
9 
613 616 1061 1842 1843 1925 1926 1928 1971 
9 
1166 1167 1841 1844 1925 1926 1927 1971 1972 
4 
1233 1930 1931 1932 
7 
209 612 1233 1234 1929 1931 1932 
9 
209 212 1233 1234 1235 1236 1929 1930 1932 
5 
1233 1236 1929 1930 1931 
5 
59 60 1934 1935 1936 
5 
59 1589 1933 1935 1936 
4 
1592 1933 1934 1936 
3 
1933 1934 1935 
9 
737 1317 1318 1319 1320 1423 1938 1939 1940 
8 
357 737 738 1318 1319 1937 1939 1940 
9 
360 737 738 739 740 1319 1937 1938 1940 
7 
737 740 1319 1320 1937 1938 1939 
3 
1942 1943 1944 
6 
1244 1941 1943 1944 1965 1968 
4 
1941 1942 1944 1968 
3 
1941 1942 1943 
7 
861 862 1637 1640 1946 1947 1948 
8 
862 1637 1638 1639 1640 1945 1947 1948 
7 
862 863 1639 1640 1945 1946 1948 
8 
861 862 863 864 1640 1945 1946 1947 
10 
40 1177 1178 1179 1180 1199 1200 1950 1951 1952 
8 
39 652 1178 1179 1199 1949 1951 1952 
4 
1179 1949 1950 1952 
6 
1179 1180 1766 1949 1950 1951 
4 
1227 1954 1955 1956 
3 
1953 1955 1956 
3 
1953 1954 1956 
3 
1953 1954 1955 
6 
906 1497 1500 1958 1959 1960 
7 
1497 1498 1499 1500 1957 1959 1960 
5 
1499 1500 1957 1958 1960 
6 
906 907 1500 1957 1958 1959 
7 
202 203 526 527 1962 1963 1964 
4 
892 1961 1963 1964 
3 
1961 1962 1964 
6 
203 527 1714 1961 1962 1963 
8 
1241 1242 1243 1244 1942 1966 1967 1968 
8 
124 1242 1243 1485 1488 1965 1967 1968 
5 
1243 1488 1965 1966 1968 
7 
1243 1244 1942 1943 1965 1966 1967 
6 
1165 1166 1925 1970 1971 1972 
6 
1166 1925 1926 1969 1971 1972 
12 
1061 1166 1167 1841 1842 1925 1926 1927 1928 1969 1970 1972 
10 
1165 1166 1167 1168 1841 1925 1928 1969 1970 1971 
4 
1731 1974 1975 1976 
4 
417 1973 1975 1976 
5 
417 420 1973 1974 1976 
3 
1973 1974 1975 
3 
1978 1979 1980 
3 
1977 1979 1980 
4 
730 1977 1978 1980 
5 
729 730 1977 1978 1979 
3 
1982 1983 1984 
4 
1897 1981 1983 1984 
5 
1897 1900 1981 1982 1984 
3 
1981 1982 1983 
3 
1986 1987 1988 
3 
1985 1987 1988 
3 
1985 1986 1988 
3 
1985 1986 1987 
4 
76 1990 1991 1992 
7 
75 76 901 1597 1989 1991 1992 
9 
901 904 961 962 1597 1600 1989 1990 1992 
5 
162 961 1989 1990 1991 
3 
1994 1995 1996 
3 
1993 1995 1996 
4 
474 1993 1994 1996 
5 
473 474 1993 1994 1995 
4 
1527 1998 1999 2000 
3 
1997 1999 2000 
8 
889 890 945 957 958 1997 1998 2000 
5 
889 957 1997 1998 1999 