
500 
4 
3 
2 3 4 
3 
1 3 4 
4 
1 2 4 1734 
5 
1 2 3 1733 1734 
3 
6 7 8 
4 
5 7 8 1844 
7 
5 6 8 513 973 1773 1774 
4 
5 6 7 1773 
8 
10 11 12 136 442 443 677 678 
6 
9 11 12 135 136 678 
5 
9 10 12 678 679 
8 
9 10 11 443 677 678 679 680 
4 
14 15 16 745 
7 
13 15 16 745 746 953 956 
8 
13 14 16 745 746 747 748 956 
6 
13 14 15 270 745 748 
5 
18 19 20 111 112 
4 
17 19 20 111 
3 
17 18 20 
3 
17 18 19 
4 
22 23 24 212 
5 
21 23 24 211 212 
3 
21 22 24 
4 
21 22 23 1594 
3 
26 27 28 
4 
25 27 28 897 
6 
25 26 28 778 897 900 
5 
25 26 27 777 778 
9 
30 31 32 950 1146 1147 1273 1274 1513 
6 
29 31 32 1274 1513 1514 
9 
29 30 32 1274 1275 1513 1514 1515 1516 
12 
29 30 31 950 951 1147 1273 1274 1275 1276 1513 1516 
6 
34 35 36 283 284 1874 
4 
33 35 36 283 
4 
33 34 36 377 
5 
33 34 35 1874 1875 
9 
38 39 40 521 522 523 524 1233 1236 
8 
37 39 40 522 523 952 1234 1235 
5 
37 38 40 523 1235 
6 
37 38 39 523 524 1236 
5 
42 43 44 1751 1752 
4 
41 43 44 1751 
6 
41 42 44 694 1505 1506 
6 
41 42 43 693 694 1505 
5 
46 47 48 1741 1744 
7 
45 47 48 1741 1742 1743 1744 
7 
45 46 48 1743 1744 1841 1842 
5 
45 46 47 1744 1841 
6 
50 51 52 65 786 1830 
7 
49 51 52 65 66 1337 1340 
8 
49 50 52 65 66 67 68 1340 
8 
49 50 51 65 68 786 787 1831 
5 
54 55 56 941 942 
4 
53 55 56 942 
6 
53 54 56 942 943 1421 
7 
53 54 55 941 942 943 944 
3 
58 59 60 
4 
57 59 60 412 
3 
57 58 60 
3 
57 58 59 
5 
62 63 64 1579 1580 
7 
61 63 64 732 1261 1264 1579 
4 
61 62 64 1264 
4 
61 62 63 254 
10 
49 50 51 52 66 67 68 786 1830 1831 
7 
50 51 65 67 68 1337 1340 
5 
51 65 66 68 1340 
7 
51 52 65 66 67 787 1831 
6 
70 71 72 325 328 716 
9 
69 71 72 325 326 327 328 715 716 
6 
69 70 72 327 328 1889 
4 
69 70 71 328 
3 
74 75 76 
3 
73 75 76 
3 
73 74 76 
3 
73 74 75 
3 
78 79 80 
3 
77 79 80 
3 
77 78 80 
3 
77 78 79 
3 
82 83 84 
3 
81 83 84 
5 
81 82 84 709 710 
4 
81 82 83 709 
3 
86 87 88 
3 
85 87 88 
4 
85 86 88 1053 
3 
85 86 87 
8 
90 91 92 620 845 846 903 904 
7 
89 91 92 619 620 846 903 
5 
89 90 92 846 847 
7 
89 90 91 845 846 847 848 
9 
94 95 96 731 1108 1262 1263 1291 1292 
6 
93 95 96 1107 1108 1291 
4 
93 94 96 1881 
4 
93 94 95 1263 
6 
98 99 100 197 267 801 
7 
97 99 100 197 198 801 802 
11 
97 98 100 197 198 199 200 801 802 803 804 
7 
97 98 99 197 200 801 804 
5 
102 103 104 214 215 
3 
101 103 104 
3 
101 102 104 
4 
101 102 103 215 
4 
106 107 108 875 
4 
105 107 108 861 
5 
105 106 108 861 864 
3 
105 106 107 
5 
110 111 112 1762 1763 
4 
109 111 112 416 
5 
17 18 109 110 112 
5 
17 109 110 111 1763 
4 
114 115 116 1255 
6 
113 115 116 985 1377 1380 
9 
113 114 116 589 985 988 1380 1417 1418 
5 
113 114 115 1366 1417 
3 
118 119 120 
3 
117 119 120 
7 
117 118 120 242 1401 1402 1861 
6 
117 118 119 241 242 1401 
7 
122 123 124 305 308 1488 1557 
12 
121 123 124 305 306 307 308 1297 1487 1488 1557 1558 
9 
121 122 124 307 308 1297 1300 1559 1560 
5 
121 122 123 308 1560 
6 
126 127 128 723 724 1803 
4 
125 127 128 723 
3 
125 126 128 
3 
125 126 127 
6 
130 131 132 1671 1672 1860 
7 
129 131 132 1524 1671 1859 1860 
3 
129 130 132 
3 
129 130 131 
6 
134 135 136 442 1863 1864 
6 
133 135 136 1721 1724 1863 
6 
10 133 134 136 678 1724 
9 
9 10 133 134 135 442 443 677 678 
3 
138 139 140 
3 
137 139 140 
3 
137 138 140 
3 
137 138 139 
7 
142 143 144 765 768 1041 1042 
6 
141 143 144 766 767 1042 
8 
141 142 144 257 767 1042 1043 1221 
8 
141 142 143 768 1041 1042 1043 1044 
5 
146 147 148 719 720 
4 
145 147 148 719 
5 
145 146 148 921 922 
5 
145 146 147 174 921 
4 
150 151 152 448 
5 
149 151 152 447 448 
3 
149 150 152 
3 
149 150 151 
4 
154 155 156 931 
3 
153 155 156 
3 
153 154 156 
3 
153 154 155 
8 
158 159 160 437 440 591 1698 1699 
8 
157 159 160 437 438 439 440 1677 
7 
157 158 160 439 440 1677 1680 
5 
157 158 159 440 1699 
4 
162 163 164 230 
3 
161 163 164 
3 
161 162 164 
6 
161 162 163 230 231 962 
10 
166 167 168 253 603 604 1327 1328 1347 1348 
9 
165 167 168 253 254 603 1327 1347 1580 
7 
165 166 168 253 254 255 256 
5 
165 166 167 253 256 
4 
170 171 172 474 
3 
169 171 172 
3 
169 170 172 
5 
169 170 171 474 475 
3 
174 175 176 
6 
148 173 175 176 921 924 
4 
173 174 176 924 
3 
173 174 175 
14 
178 179 180 299 300 519 520 550 551 1537 1538 1539 1540 1572 
10 
177 179 180 299 519 1293 1538 1539 1571 1572 
7 
177 178 180 1278 1293 1296 1539 
9 
177 178 179 551 742 1277 1278 1539 1540 
5 
182 183 184 1323 1336 
5 
181 183 184 1335 1336 
3 
181 182 184 
4 
181 182 183 1394 
4 
186 187 188 798 
4 
185 187 188 1117 
5 
185 186 188 1117 1120 
5 
185 186 187 798 799 
5 
190 191 192 1063 1064 
4 
189 191 192 1063 
3 
189 190 192 
3 
189 190 191 
15 
194 195 196 313 314 315 316 1065 1066 1067 1068 1529 1532 1757 1760 
15 
193 195 196 314 315 1066 1067 1529 1530 1531 1532 1757 1758 1759 1760 
12 
193 194 196 293 294 315 1067 1531 1532 1759 1760 1998 
12 
193 194 195 293 315 316 1067 1068 1532 1760 1997 1998 
8 
97 98 99 100 198 199 200 801 
7 
98 99 197 199 200 801 802 
9 
99 197 198 200 218 801 802 803 804 
9 
99 100 197 198 199 217 218 801 804 
5 
202 203 204 220 1754 
5 
201 203 204 219 220 
3 
201 202 204 
5 
201 202 203 1754 1755 
6 
206 207 208 695 696 1508 
5 
205 207 208 695 1507 
3 
205 206 208 
3 
205 206 207 
3 
210 211 212 
3 
209 211 212 
4 
22 209 210 212 
5 
21 22 209 210 211 
4 
214 215 216 807 
4 
101 213 215 216 
5 
101 104 213 214 216 
3 
213 214 215 
5 
200 218 219 220 804 
7 
199 200 217 219 220 803 804 
4 
202 217 218 220 
5 
201 202 217 218 219 
3 
222 223 224 
3 
221 223 224 
3 
221 222 224 
3 
221 222 223 
5 
226 227 228 893 1185 
10 
225 227 228 893 894 1017 1185 1186 1617 1620 
16 
225 226 228 781 782 893 894 895 896 1017 1020 1185 1186 1187 1188 1620 
8 
225 226 227 781 893 896 1185 1188 
4 
230 231 232 411 
5 
161 164 229 231 232 
6 
164 229 230 232 961 962 
4 
229 230 231 961 
7 
234 235 236 1225 1226 1227 1228 
5 
233 235 236 1226 1227 
4 
233 234 236 1227 
6 
233 234 235 530 1227 1228 
5 
238 239 240 1657 1660 
7 
237 239 240 1657 1658 1659 1660 
6 
237 238 240 1659 1660 1921 
4 
237 238 239 1660 
4 
120 242 243 244 
7 
119 120 241 243 244 1401 1404 
4 
241 242 244 1404 
4 
241 242 243 1266 
9 
246 247 248 746 955 956 1317 1320 1413 
10 
245 247 248 955 1317 1318 1319 1320 1413 1414 
9 
245 246 248 1319 1320 1413 1414 1415 1416 
7 
245 246 247 747 1320 1413 1416 
3 
250 251 252 
4 
249 251 252 1397 
5 
249 250 252 1397 1400 
3 
249 250 251 
8 
165 166 167 168 254 255 256 1347 
7 
64 166 167 253 255 256 1625 
6 
167 253 254 256 1625 1628 
6 
167 168 253 254 255 1634 
9 
143 258 259 260 665 789 792 1221 1224 
13 
257 259 260 665 666 789 790 791 792 1221 1222 1223 1224 
11 
257 258 260 665 666 667 668 791 792 1223 1224 
7 
257 258 259 665 668 792 1224 
4 
262 263 264 538 
5 
261 263 264 508 1984 
4 
261 262 264 1741 
6 
261 262 263 462 538 539 
5 
266 267 268 867 868 
4 
265 267 268 867 
4 
97 265 266 268 
3 
265 266 267 
8 
270 271 272 1653 1654 1655 1656 1906 
6 
16 269 271 272 1654 1655 
4 
269 270 272 1655 
7 
269 270 271 1655 1656 1906 1907 
4 
274 275 276 422 
3 
273 275 276 
3 
273 274 276 
5 
273 274 275 422 423 
5 
278 279 280 649 652 
7 
277 279 280 649 650 651 652 
7 
277 278 280 651 652 1797 1798 
5 
277 278 279 652 1797 
4 
282 283 284 1135 
3 
281 283 284 
6 
33 34 281 282 284 1874 
7 
33 281 282 283 1114 1873 1874 
4 
286 287 288 708 
5 
285 287 288 707 708 
3 
285 286 288 
3 
285 286 287 
4 
290 291 292 494 
3 
289 291 292 
3 
289 290 292 
5 
289 290 291 494 495 
7 
195 196 294 295 296 1998 1999 
4 
195 293 295 296 
4 
293 294 296 1337 
4 
293 294 295 1999 
10 
298 299 300 517 518 550 686 687 1569 1572 
8 
297 299 300 518 1569 1570 1571 1572 
11 
177 178 297 298 300 518 519 1537 1538 1571 1572 
13 
177 297 298 299 517 518 519 520 550 551 687 1537 1572 
6 
302 303 304 843 844 1852 
6 
301 303 304 843 1851 1852 
4 
301 302 304 1837 
3 
301 302 303 
7 
121 122 306 307 308 1488 1557 
8 
122 305 307 308 1487 1488 1557 1558 
11 
122 123 305 306 308 1297 1357 1557 1558 1559 1560 
9 
121 122 123 124 305 306 307 1557 1560 
3 
310 311 312 
4 
309 311 312 1612 
3 
309 310 312 
3 
309 310 311 
8 
193 314 315 316 1065 1066 1529 1757 
10 
193 194 313 315 316 1066 1529 1530 1757 1758 
16 
193 194 195 196 313 314 316 1066 1067 1529 1530 1531 1532 1759 1760 1998 
14 
193 196 313 314 315 1065 1066 1067 1068 1529 1532 1760 1997 1998 
5 
318 319 320 1030 1031 
5 
317 319 320 1877 1880 
5 
317 318 320 1334 1880 
6 
317 318 319 1031 1333 1334 
4 
322 323 324 1748 
5 
321 323 324 1747 1748 
3 
321 322 324 
3 
321 322 323 
9 
69 70 326 327 328 713 714 715 716 
8 
70 325 327 328 714 715 937 940 
9 
70 71 325 326 328 715 940 1889 1890 
10 
69 70 71 72 325 326 327 715 716 1889 
4 
330 331 332 1454 
3 
329 331 332 
3 
329 330 332 
5 
329 330 331 1454 1455 
3 
334 335 336 
3 
333 335 336 
3 
333 334 336 
3 
333 334 335 
4 
338 339 340 1767 
5 
337 339 340 1909 1912 
4 
337 338 340 1912 
3 
337 338 339 
3 
342 343 344 
3 
341 343 344 
3 
341 342 344 
3 
341 342 343 
7 
346 347 348 799 800 1769 1770 
7 
345 347 348 799 1120 1241 1770 
7 
345 346 348 1241 1244 1770 1771 
7 
345 346 347 1769 1770 1771 1772 
4 
350 351 352 1209 
5 
349 351 352 1209 1210 
7 
349 350 352 1209 1210 1211 1212 
5 
349 350 351 1209 1212 
5 
354 355 356 1306 1307 
3 
353 355 356 
3 
353 354 356 
5 
353 354 355 1046 1307 
4 
358 359 360 1552 
5 
357 359 360 1551 1552 
3 
357 358 360 
3 
357 358 359 
5 
362 363 364 1561 1562 
4 
361 363 364 1562 
6 
361 362 364 398 1562 1563 
9 
361 362 363 397 398 1561 1562 1563 1564 
5 
366 367 368 570 1048 
5 
365 367 368 1047 1048 
3 
365 366 368 
5 
365 366 367 570 571 
3 
370 371 372 
3 
369 371 372 
4 
369 370 372 1722 
5 
369 370 371 1721 1722 
4 
374 375 376 1449 
7 
373 375 376 945 948 1449 1450 
10 
373 374 376 948 1057 1058 1449 1450 1451 1452 
6 
373 374 375 1057 1449 1452 
4 
35 378 379 380 
3 
377 379 380 
3 
377 378 380 
3 
377 378 379 
7 
382 383 384 1141 1142 1143 1144 
5 
381 383 384 1142 1143 
4 
381 382 384 1143 
5 
381 382 383 1143 1144 
3 
386 387 388 
3 
385 387 388 
3 
385 386 388 
3 
385 386 387 
3 
390 391 392 
3 
389 391 392 
3 
389 390 392 
3 
389 390 391 
7 
394 395 396 1473 1474 1475 1476 
5 
393 395 396 1474 1475 
4 
393 394 396 1475 
5 
393 394 395 1475 1476 
5 
364 398 399 400 1564 
7 
363 364 397 399 400 1563 1564 
5 
397 398 400 1381 1382 
4 
397 398 399 1381 
10 
402 403 404 452 456 763 764 1161 1913 1916 
14 
401 403 404 451 452 455 456 763 1161 1162 1913 1914 1915 1916 
9 
401 402 404 1161 1162 1163 1164 1915 1916 
8 
401 402 403 862 1026 1161 1164 1916 
3 
406 407 408 
4 
405 407 408 1641 
5 
405 406 408 1641 1644 
3 
405 406 407 
4 
410 411 412 432 
5 
409 411 412 431 432 
4 
229 409 410 412 
4 
58 409 410 411 
3 
414 415 416 
4 
413 415 416 1472 
3 
413 414 416 
4 
110 413 414 415 
5 
418 419 420 1450 1451 
3 
417 419 420 
5 
417 418 420 1481 1482 
5 
417 418 419 1451 1481 
5 
422 423 424 1299 1359 
5 
273 276 421 423 424 
4 
276 421 422 424 
3 
421 422 423 
3 
426 427 428 
3 
425 427 428 
3 
425 426 428 
3 
425 426 427 
3 
430 431 432 
3 
429 431 432 
4 
410 429 430 432 
5 
409 410 429 430 431 
7 
434 435 436 1853 1854 1965 1968 
8 
433 435 436 1854 1965 1966 1967 1968 
8 
433 434 436 1442 1854 1855 1967 1968 
10 
433 434 435 1441 1442 1853 1854 1855 1856 1968 
7 
157 158 438 439 440 591 1677 
6 
158 437 439 440 1677 1678 
9 
158 159 437 438 440 1677 1678 1679 1680 
9 
157 158 159 160 437 438 439 1677 1680 
4 
442 443 444 1864 
9 
9 133 136 441 443 444 677 1863 1864 
8 
9 12 136 441 442 444 677 680 
4 
441 442 443 618 
3 
446 447 448 
3 
445 447 448 
4 
150 445 446 448 
5 
149 150 445 446 447 
6 
450 451 452 453 454 762 
4 
449 451 452 454 
8 
402 449 450 452 454 455 1913 1914 
12 
401 402 449 450 451 453 454 455 456 762 763 1913 
8 
449 452 454 455 456 762 763 1913 
9 
449 450 451 452 453 455 456 1913 1914 
12 
402 451 452 453 454 456 1161 1162 1913 1914 1915 1916 
10 
401 402 452 453 454 455 763 1161 1913 1916 
5 
458 459 460 819 1637 
5 
457 459 460 1637 1638 
7 
457 458 460 1637 1638 1639 1640 
5 
457 458 459 1637 1640 
7 
462 463 464 469 470 537 540 
9 
264 461 463 464 470 537 538 539 540 
6 
461 462 464 471 539 540 
7 
461 462 463 471 472 540 598 
3 
466 467 468 
5 
465 467 468 1281 1740 
6 
465 466 468 1281 1284 1553 
3 
465 466 467 
6 
461 470 471 472 537 540 
9 
461 462 469 471 472 537 538 539 540 
8 
463 464 469 470 472 539 540 598 
7 
464 469 470 471 540 597 598 
3 
474 475 476 
5 
169 172 473 475 476 
4 
172 473 474 476 
3 
473 474 475 
3 
478 479 480 
3 
477 479 480 
3 
477 478 480 
3 
477 478 479 
6 
482 483 484 1166 1367 1690 
7 
481 483 484 589 592 1420 1697 
6 
481 482 484 592 1697 1700 
7 
481 482 483 1166 1167 1690 1691 
3 
486 487 488 
3 
485 487 488 
3 
485 486 488 
3 
485 486 487 
7 
490 491 492 914 915 933 936 
7 
489 491 492 933 934 935 936 
7 
489 490 492 935 936 1457 1458 
6 
489 490 491 915 936 1457 
3 
494 495 496 
5 
289 292 493 495 496 
4 
292 493 494 496 
4 
493 494 495 702 
6 
498 499 500 1002 1003 1094 
3 
497 499 500 
3 
497 498 500 
7 
497 498 499 1003 1094 1095 1478 
6 
502 503 504 1437 1440 1955 
7 
501 503 504 1437 1438 1439 1440 
6 
501 502 504 865 1439 1440 
4 
501 502 503 1440 
5 
506 507 508 1981 1982 
4 
505 507 508 1982 
5 
505 506 508 1982 1983 
8 
262 505 506 507 1981 1982 1983 1984 
5 
510 511 512 769 772 
7 
509 511 512 769 770 771 772 
5 
509 510 512 771 772 
4 
509 510 511 772 
8 
7 514 515 516 973 1773 1774 1897 
8 
513 515 516 973 974 1774 1897 1898 
11 
513 514 516 973 974 975 976 1774 1775 1899 1900 
10 
513 514 515 973 976 1773 1774 1775 1776 1900 
10 
297 300 518 519 520 550 687 1537 1569 1572 
13 
297 298 299 300 517 519 520 1537 1538 1569 1570 1571 1572 
13 
177 178 299 300 517 518 520 1537 1538 1539 1540 1571 1572 
10 
177 300 517 518 519 550 551 1537 1540 1572 
5 
37 522 523 524 1233 
7 
37 38 521 523 524 1233 1234 
11 
37 38 39 40 521 522 524 1233 1234 1235 1236 
7 
37 40 521 522 523 1233 1236 
6 
526 527 528 963 964 1666 
4 
525 527 528 963 
3 
525 526 528 
5 
525 526 527 1666 1667 
3 
530 531 532 
4 
236 529 531 532 
4 
529 530 532 926 
5 
529 530 531 925 926 
6 
534 535 536 751 752 1369 
6 
533 535 536 751 1369 1370 
7 
533 534 536 1369 1370 1371 1372 
6 
533 534 535 1369 1372 1790 
7 
461 462 469 470 538 539 540 
7 
261 264 462 470 537 539 540 
8 
264 462 463 470 471 537 538 540 
11 
461 462 463 464 469 470 471 472 537 538 539 
6 
542 543 544 758 917 918 
4 
541 543 544 918 
4 
541 542 544 919 
7 
541 542 543 758 759 919 920 
3 
546 547 548 
5 
545 547 548 1597 1828 
8 
545 546 548 1286 1597 1600 1993 1994 
6 
545 546 547 1285 1286 1993 
5 
550 551 552 687 688 
12 
177 297 300 517 520 549 551 552 687 1537 1569 1572 
12 
177 180 300 520 549 550 552 741 742 1537 1540 1572 
5 
549 550 551 741 1806 
7 
554 555 556 623 624 1217 1220 
8 
553 555 556 623 1217 1218 1219 1220 
5 
553 554 556 1219 1220 
4 
553 554 555 1220 
5 
558 559 560 1509 1510 
4 
557 559 560 1510 
4 
557 558 560 1511 
5 
557 558 559 1511 1512 
5 
562 563 564 698 1602 
3 
561 563 564 
3 
561 562 564 
7 
561 562 563 698 699 1602 1603 
9 
566 567 568 599 600 813 1049 1501 1504 
12 
565 567 568 599 813 814 1049 1050 1501 1502 1503 1504 
11 
565 566 568 815 816 1051 1052 1389 1390 1503 1504 
7 
565 566 567 816 1052 1389 1504 
3 
570 571 572 
5 
365 368 569 571 572 
4 
368 569 570 572 
3 
569 570 571 
5 
574 575 576 1566 1815 
3 
573 575 576 
3 
573 574 576 
4 
573 574 575 1567 
3 
578 579 580 
3 
577 579 580 
4 
577 578 580 1305 
3 
577 578 579 
7 
582 583 584 709 710 711 712 
5 
581 583 584 710 711 
5 
581 582 584 711 1009 
5 
581 582 583 711 712 
3 
586 587 588 
3 
585 587 588 
3 
585 586 588 
3 
585 586 587 
10 
115 482 590 591 592 988 1417 1418 1419 1420 
7 
589 591 592 987 988 1418 1419 
7 
157 437 589 590 592 1419 1698 
9 
482 483 589 590 591 1419 1420 1697 1698 
3 
594 595 596 
3 
593 595 596 
3 
593 594 596 
3 
593 594 595 
4 
472 598 599 600 
9 
464 471 472 597 599 600 813 1049 1501 
11 
565 566 597 598 600 813 816 1049 1052 1501 1504 
4 
565 597 598 599 
6 
602 603 604 1325 1345 1346 
6 
601 603 604 1325 1326 1346 
11 
165 166 601 602 604 1325 1326 1327 1328 1346 1347 
10 
165 601 602 603 1325 1328 1345 1346 1347 1348 
3 
606 607 608 
3 
605 607 608 
3 
605 606 608 
3 
605 606 607 
5 
610 611 612 821 824 
7 
609 611 612 821 822 823 824 
5 
609 610 612 823 824 
4 
609 610 611 824 
3 
614 615 616 
3 
613 615 616 
4 
613 614 616 1985 
3 
613 614 615 
4 
618 619 620 902 
4 
444 617 619 620 
5 
90 617 618 620 846 
9 
89 90 617 618 619 845 846 902 903 
5 
622 623 624 1237 1240 
9 
621 623 624 833 836 1237 1238 1239 1240 
9 
553 554 621 622 624 836 1217 1239 1240 
5 
553 621 622 623 1240 
3 
626 627 628 
5 
625 627 628 841 880 
5 
625 626 628 841 844 
3 
625 626 627 
5 
630 631 632 1461 1464 
8 
629 631 632 1376 1461 1462 1463 1464 
7 
629 630 632 858 1463 1464 1822 
8 
629 630 631 857 858 1464 1821 1822 
4 
634 635 636 1373 
8 
633 635 636 1284 1373 1374 1553 1556 
8 
633 634 636 1373 1374 1375 1376 1556 
6 
633 634 635 1373 1376 1462 
9 
638 639 640 1245 1246 1901 1902 1903 1904 
6 
637 639 640 1246 1902 1903 
6 
637 638 640 1246 1247 1903 
9 
637 638 639 1245 1246 1247 1248 1903 1904 
7 
642 643 644 1085 1086 1087 1088 
5 
641 643 644 1086 1087 
4 
641 642 644 1087 
5 
641 642 643 1087 1088 
4 
646 647 648 1949 
5 
645 647 648 1949 1950 
7 
645 646 648 1949 1950 1951 1952 
6 
645 646 647 1190 1949 1952 
5 
277 278 650 651 652 
4 
278 649 651 652 
6 
278 279 649 650 652 1798 
9 
277 278 279 280 649 650 651 1797 1798 
5 
654 655 656 1174 1425 
5 
653 655 656 1425 1426 
7 
653 654 656 1425 1426 1427 1428 
7 
653 654 655 1174 1175 1425 1428 
3 
658 659 660 
3 
657 659 660 
3 
657 658 660 
4 
657 658 659 670 
3 
662 663 664 
3 
661 663 664 
3 
661 662 664 
3 
661 662 663 
11 
257 258 259 260 666 667 668 789 792 1223 1224 
10 
258 259 665 667 668 789 790 791 792 1223 
6 
259 665 666 668 791 792 
6 
259 260 665 666 667 792 
3 
670 671 672 
4 
660 669 671 672 
4 
669 670 672 1809 
3 
669 670 671 
8 
674 675 676 869 870 1835 1836 1894 
5 
673 675 676 870 1835 
5 
673 674 676 870 871 
9 
673 674 675 869 870 871 872 1894 1895 
8 
9 12 136 442 443 678 679 680 
9 
9 10 11 12 135 136 677 679 680 
5 
11 12 677 678 680 
5 
12 443 677 678 679 
7 
682 683 684 1097 1098 1443 1444 
5 
681 683 684 1098 1443 
5 
681 682 684 1098 1099 
7 
681 682 683 1097 1098 1099 1100 
5 
686 687 688 1282 1739 
4 
297 685 687 688 
8 
297 300 517 549 550 685 686 688 
6 
549 685 686 687 1282 1283 
5 
690 691 692 891 892 
6 
689 691 692 891 1304 1705 
5 
689 690 692 1705 1708 
3 
689 690 691 
5 
44 694 695 696 1505 
7 
43 44 693 695 696 1505 1506 
9 
205 206 693 694 696 1505 1506 1507 1508 
6 
205 693 694 695 1505 1508 
6 
698 699 700 1601 1710 1711 
7 
561 564 697 699 700 1601 1602 
8 
564 697 698 700 1601 1602 1603 1604 
6 
697 698 699 1601 1604 1711 
3 
702 703 704 
4 
496 701 703 704 
3 
701 702 704 
3 
701 702 703 
3 
706 707 708 
5 
705 707 708 989 992 
5 
286 705 706 708 992 
5 
285 286 705 706 707 
7 
83 84 581 710 711 712 1826 
6 
83 581 582 709 711 712 
7 
581 582 583 584 709 710 712 
7 
581 584 709 710 711 1826 1827 
4 
325 714 715 716 
6 
325 326 713 715 716 736 
8 
70 325 326 327 328 713 714 716 
7 
69 70 325 328 713 714 715 
5 
718 719 720 1533 1536 
7 
717 719 720 1533 1534 1535 1536 
7 
145 146 717 718 720 1535 1536 
5 
145 717 718 719 1536 
5 
722 723 724 1802 1803 
3 
721 723 724 
5 
125 126 721 722 724 
5 
125 721 722 723 1803 
3 
726 727 728 
3 
725 727 728 
3 
725 726 728 
3 
725 726 727 
4 
730 731 732 1578 
7 
729 731 732 1081 1084 1104 1289 
9 
93 729 730 732 1084 1261 1262 1289 1292 
7 
62 729 730 731 1261 1578 1579 
3 
734 735 736 
3 
733 735 736 
5 
733 734 736 937 938 
5 
714 733 734 735 937 
4 
738 739 740 1882 
3 
737 739 740 
3 
737 738 740 
5 
737 738 739 1882 1883 
7 
551 552 742 743 744 1806 1807 
7 
180 551 741 743 744 1277 1540 
5 
741 742 744 1277 1280 
4 
741 742 743 1807 
7 
13 14 15 16 746 747 748 
8 
14 15 245 745 747 748 956 1413 
6 
15 248 745 746 748 1416 
5 
15 16 745 746 747 
3 
750 751 752 
3 
749 751 752 
7 
533 534 749 750 752 1369 1370 
5 
533 749 750 751 1369 
8 
754 755 756 991 1649 1650 1651 1652 
8 
753 755 756 1650 1651 1865 1989 1992 
7 
753 754 756 1651 1865 1868 1992 
5 
753 754 755 1651 1652 
3 
758 759 760 
7 
541 544 757 759 760 917 920 
5 
544 757 758 760 920 
3 
757 758 759 
3 
762 763 764 
6 
449 452 453 761 763 764 
9 
401 402 452 453 456 761 762 764 1913 
4 
401 761 762 763 
4 
141 766 767 768 
4 
142 765 767 768 
7 
142 143 765 766 768 1042 1221 
7 
141 144 765 766 767 1041 1042 
6 
509 510 770 771 772 1776 
5 
510 769 771 772 1775 
5 
510 511 769 770 772 
7 
509 510 511 512 769 770 771 
4 
774 775 776 1648 
7 
773 775 776 1132 1647 1648 1948 
3 
773 774 776 
3 
773 774 775 
4 
28 778 779 780 
5 
27 28 777 779 780 
3 
777 778 780 
3 
777 778 779 
10 
227 228 782 783 784 895 896 1020 1188 1620 
11 
227 781 783 784 895 1019 1020 1187 1188 1619 1620 
3 
781 782 784 
3 
781 782 783 
5 
786 787 788 1829 1832 
10 
49 52 65 785 787 788 1829 1830 1831 1832 
7 
52 68 785 786 788 1831 1832 
4 
785 786 787 1832 
11 
257 258 665 666 790 791 792 1221 1222 1223 1224 
7 
258 666 789 791 792 1222 1223 
8 
258 259 666 667 789 790 792 1223 
13 
257 258 259 260 665 666 667 668 789 790 791 1223 1224 
7 
794 795 796 1004 1093 1096 1477 
11 
793 795 796 1003 1004 1093 1094 1095 1096 1477 1478 
9 
793 794 796 1095 1096 1477 1478 1479 1480 
7 
793 794 795 1096 1158 1477 1480 
3 
798 799 800 
5 
185 188 797 799 800 
6 
188 345 346 797 798 800 
4 
345 797 798 799 
11 
97 98 99 100 197 198 199 200 802 803 804 
7 
98 99 198 199 801 803 804 
6 
99 199 218 801 802 804 
9 
99 100 199 200 217 218 801 802 803 
3 
806 807 808 
3 
805 807 808 
4 
213 805 806 808 
3 
805 806 807 
5 
810 811 812 1497 1500 
8 
809 811 812 1061 1497 1498 1499 1500 
7 
809 810 812 1061 1064 1499 1500 
4 
809 810 811 1500 
11 
565 566 598 599 814 815 816 1049 1050 1501 1504 
9 
566 813 815 816 1050 1501 1502 1503 1504 
8 
567 813 814 816 1051 1390 1503 1504 
11 
567 568 599 813 814 815 1051 1052 1389 1390 1504 
6 
818 819 820 1339 1495 1496 
4 
817 819 820 1495 
4 
457 817 818 820 
3 
817 818 819 
5 
609 610 822 823 824 
4 
610 821 823 824 
5 
610 611 821 822 824 
7 
609 610 611 612 821 822 823 
3 
826 827 828 
3 
825 827 828 
5 
825 826 828 1901 1902 
5 
825 826 827 1494 1901 
4 
830 831 832 1958 
3 
829 831 832 
5 
829 830 832 1145 1146 
5 
829 830 831 1145 1959 
5 
622 834 835 836 1238 
3 
833 835 836 
4 
833 834 836 1218 
9 
622 623 833 834 835 1217 1218 1238 1239 
5 
838 839 840 1941 1942 
6 
837 839 840 1661 1664 1942 
6 
837 838 840 1664 1942 1943 
7 
837 838 839 1941 1942 1943 1944 
6 
626 627 842 843 844 1849 
5 
841 843 844 1849 1850 
9 
301 302 841 842 844 1849 1850 1851 1852 
7 
301 627 841 842 843 1849 1852 
8 
89 92 620 846 847 848 903 904 
10 
89 90 91 92 619 620 845 847 848 903 
5 
91 92 845 846 848 
4 
92 845 846 847 
4 
850 851 852 1943 
3 
849 851 852 
4 
849 850 852 1269 
3 
849 850 851 
3 
854 855 856 
3 
853 855 856 
3 
853 854 856 
3 
853 854 855 
8 
632 858 859 860 1821 1822 1823 1824 
7 
631 632 857 859 860 1822 1823 
6 
857 858 860 877 878 1823 
6 
857 858 859 877 1823 1824 
6 
106 107 862 863 864 1025 
7 
404 861 863 864 1025 1026 1137 
9 
861 862 864 1025 1026 1027 1028 1137 1140 
6 
107 861 862 863 1025 1028 
4 
503 866 867 868 
4 
865 867 868 1608 
5 
265 266 865 866 868 
4 
265 865 866 867 
6 
673 676 870 871 872 1894 
7 
673 674 675 676 869 871 872 
5 
675 676 869 870 872 
5 
676 869 870 871 1895 
3 
874 875 876 
3 
873 875 876 
4 
105 873 874 876 
3 
873 874 875 
6 
859 860 878 879 880 1823 
4 
859 877 879 880 
3 
877 878 880 
4 
626 877 878 879 
3 
882 883 884 
3 
881 883 884 
3 
881 882 884 
3 
881 882 883 
5 
886 887 888 943 944 
4 
885 887 888 943 
3 
885 886 888 
3 
885 886 887 
3 
890 891 892 
5 
889 891 892 1301 1304 
6 
689 690 889 890 892 1304 
4 
689 889 890 891 
11 
225 226 227 228 894 895 896 1017 1185 1617 1620 
13 
226 227 893 895 896 1017 1018 1185 1186 1617 1618 1619 1620 
12 
227 781 782 893 894 896 1019 1020 1187 1188 1619 1620 
9 
227 228 781 893 894 895 1020 1188 1620 
5 
26 27 898 899 900 
3 
897 899 900 
5 
897 898 900 1405 1406 
5 
27 897 898 899 1405 
3 
902 903 904 
5 
617 620 901 903 904 
8 
89 90 620 845 846 901 902 904 
5 
89 845 901 902 903 
7 
906 907 908 1837 1838 1839 1840 
5 
905 907 908 1838 1839 
4 
905 906 908 1839 
5 
905 906 907 1839 1840 
5 
910 911 912 1089 1090 
5 
909 911 912 1090 1896 
5 
909 910 912 1091 1110 
7 
909 910 911 1091 1092 1109 1110 
3 
914 915 916 
5 
489 913 915 916 933 
7 
489 492 913 914 916 936 1457 
4 
913 914 915 1118 
5 
541 758 918 919 920 
5 
541 542 917 919 920 
5 
543 544 917 918 920 
6 
544 758 759 917 918 919 
6 
147 148 174 922 923 924 
4 
147 921 923 924 
3 
921 922 924 
5 
174 175 921 922 923 
4 
532 926 927 928 
5 
531 532 925 927 928 
5 
925 926 928 1518 1853 
5 
925 926 927 1517 1518 
3 
930 931 932 
3 
929 931 932 
4 
153 929 930 932 
3 
929 930 931 
6 
489 490 914 934 935 936 
4 
490 933 935 936 
8 
490 491 933 934 936 1365 1457 1458 
9 
489 490 491 492 915 933 934 935 1457 
6 
326 735 736 938 939 940 
4 
735 937 939 940 
3 
937 938 940 
5 
326 327 937 938 939 
5 
53 56 942 943 944 
7 
53 54 55 56 941 943 944 
7 
55 56 885 886 941 942 944 
5 
56 885 941 942 943 
4 
374 946 947 948 
5 
945 947 948 1665 1668 
5 
945 946 948 1450 1668 
7 
374 375 945 946 947 1449 1450 
6 
950 951 952 1148 1273 1276 
11 
29 32 949 951 952 1147 1148 1273 1274 1275 1276 
6 
32 949 950 952 1275 1276 
6 
38 949 950 951 1234 1276 
4 
14 954 955 956 
3 
953 955 956 
9 
245 246 953 954 956 1317 1318 1413 1414 
9 
14 15 245 746 953 954 955 1317 1413 
3 
958 959 960 
3 
957 959 960 
4 
957 958 960 1613 
3 
957 958 959 
5 
231 232 962 963 964 
5 
164 231 961 963 964 
5 
525 526 961 962 964 
5 
525 961 962 963 1666 
3 
966 967 968 
3 
965 967 968 
3 
965 966 968 
3 
965 966 967 
5 
970 971 972 997 1000 
7 
969 971 972 997 998 999 1000 
5 
969 970 972 999 1000 
5 
969 970 971 1000 1614 
12 
7 513 514 515 516 974 975 976 1773 1774 1897 1900 
10 
514 515 973 975 976 1774 1897 1898 1899 1900 
8 
515 973 974 976 1774 1775 1899 1900 
10 
515 516 973 974 975 1773 1774 1775 1776 1900 
3 
978 979 980 
3 
977 979 980 
3 
977 978 980 
3 
977 978 979 
7 
982 983 984 1329 1330 1331 1332 
5 
981 983 984 1330 1331 
4 
981 982 984 1331 
5 
981 982 983 1331 1332 
8 
114 115 986 987 988 1379 1380 1418 
6 
985 987 988 1379 1801 1804 
5 
590 985 986 988 1804 
8 
115 589 590 985 986 987 1418 1419 
4 
706 990 991 992 
4 
989 991 992 1649 
6 
753 989 990 992 1649 1652 
5 
706 707 989 990 991 
3 
994 995 996 
3 
993 995 996 
3 
993 994 996 
3 
993 994 995 
5 
969 970 998 999 1000 
4 
970 997 999 1000 
5 
970 971 997 998 1000 
7 
969 970 971 972 997 998 999 
7 
1002 1003 1004 1198 1199 1783 1784 
5 
497 1001 1003 1004 1783 
8 
497 500 794 1001 1002 1004 1093 1094 
7 
793 794 1001 1002 1003 1093 1199 
4 
1006 1007 1008 1988 
7 
1005 1007 1008 1709 1712 1987 1988 
5 
1005 1006 1008 1310 1712 
5 
1005 1006 1007 1309 1310 
4 
583 1010 1011 1012 
3 
1009 1011 1012 
3 
1009 1010 1012 
3 
1009 1010 1011 
3 
1014 1015 1016 
3 
1013 1015 1016 
3 
1013 1014 1016 
3 
1013 1014 1015 
13 
226 227 893 894 1018 1019 1020 1185 1186 1187 1188 1617 1620 
10 
894 1017 1019 1020 1186 1187 1617 1618 1619 1620 
8 
782 895 1017 1018 1020 1187 1619 1620 
11 
227 781 782 895 896 1017 1018 1019 1187 1188 1620 
3 
1022 1023 1024 
3 
1021 1023 1024 
3 
1021 1022 1024 
3 
1021 1022 1023 
8 
861 862 863 864 1026 1027 1028 1137 
10 
404 862 863 1025 1027 1028 1137 1138 1161 1164 
9 
863 1025 1026 1028 1137 1138 1139 1140 1164 
7 
863 864 1025 1026 1027 1137 1140 
4 
1030 1031 1032 1314 
4 
317 1029 1031 1032 
5 
317 320 1029 1030 1032 
5 
1029 1030 1031 1314 1315 
3 
1034 1035 1036 
3 
1033 1035 1036 
3 
1033 1034 1036 
3 
1033 1034 1035 
3 
1038 1039 1040 
3 
1037 1039 1040 
3 
1037 1038 1040 
4 
1037 1038 1039 1650 
6 
141 144 768 1042 1043 1044 
9 
141 142 143 144 767 768 1041 1043 1044 
5 
143 144 1041 1042 1044 
4 
144 1041 1042 1043 
3 
1046 1047 1048 
4 
356 1045 1047 1048 
4 
366 1045 1046 1048 
5 
365 366 1045 1046 1047 
10 
565 566 598 599 813 1050 1051 1052 1501 1504 
10 
566 813 814 1049 1051 1052 1501 1502 1503 1504 
9 
567 815 816 1049 1050 1052 1390 1503 1504 
10 
567 568 599 816 1049 1050 1051 1389 1390 1504 
4 
87 1054 1055 1056 
5 
1053 1055 1056 1341 1344 
4 
1053 1054 1056 1344 
3 
1053 1054 1055 
8 
375 376 1058 1059 1060 1181 1449 1452 
10 
375 1057 1059 1060 1181 1182 1449 1450 1451 1452 
9 
1057 1058 1060 1181 1182 1183 1184 1451 1452 
7 
1057 1058 1059 1181 1184 1452 1842 
7 
810 811 1062 1063 1064 1499 1500 
4 
1061 1063 1064 1499 
5 
189 190 1061 1062 1064 
5 
189 811 1061 1062 1063 
8 
193 313 316 1066 1067 1068 1757 1760 
14 
193 194 313 314 315 316 1065 1067 1068 1529 1757 1758 1759 1760 
15 
193 194 195 196 315 316 1065 1066 1068 1529 1532 1759 1760 1997 1998 
8 
193 196 316 1065 1066 1067 1760 1997 
3 
1070 1071 1072 
4 
1069 1071 1072 1232 
3 
1069 1070 1072 
3 
1069 1070 1071 
3 
1074 1075 1076 
3 
1073 1075 1076 
3 
1073 1074 1076 
4 
1073 1074 1075 1398 
3 
1078 1079 1080 
3 
1077 1079 1080 
3 
1077 1078 1080 
3 
1077 1078 1079 
8 
730 1082 1083 1084 1101 1102 1103 1104 
6 
1081 1083 1084 1102 1103 1820 
7 
1081 1082 1084 1103 1105 1106 1290 
10 
730 731 1081 1082 1083 1103 1104 1105 1289 1290 
4 
641 1086 1087 1088 
5 
641 642 1085 1087 1088 
7 
641 642 643 644 1085 1086 1088 
5 
641 644 1085 1086 1087 
4 
909 1090 1091 1092 
5 
909 910 1089 1091 1092 
7 
911 912 1089 1090 1092 1109 1110 
5 
912 1089 1090 1091 1109 
8 
793 794 1003 1004 1094 1095 1096 1199 
7 
497 500 794 1003 1093 1095 1096 
8 
500 794 795 1093 1094 1096 1477 1478 
8 
793 794 795 796 1093 1094 1095 1477 
5 
681 684 1098 1099 1100 
7 
681 682 683 684 1097 1099 1100 
5 
683 684 1097 1098 1100 
4 
684 1097 1098 1099 
4 
1081 1102 1103 1104 
7 
1081 1082 1101 1103 1104 1817 1820 
9 
1081 1082 1083 1084 1101 1102 1104 1290 1820 
8 
730 1081 1084 1101 1102 1103 1289 1290 
7 
1083 1084 1106 1107 1108 1290 1291 
4 
1083 1105 1107 1108 
4 
94 1105 1106 1108 
6 
93 94 1105 1106 1107 1291 
6 
912 1091 1092 1110 1111 1112 
6 
911 912 1091 1109 1111 1112 
3 
1109 1110 1112 
3 
1109 1110 1111 
4 
1114 1115 1116 1873 
6 
284 1113 1115 1116 1873 1874 
7 
1113 1114 1116 1873 1874 1875 1876 
6 
1113 1114 1115 1718 1873 1876 
5 
186 187 1118 1119 1120 
4 
916 1117 1119 1120 
3 
1117 1118 1120 
5 
187 346 1117 1118 1119 
7 
1122 1123 1124 1593 1594 1595 1596 
5 
1121 1123 1124 1594 1595 
4 
1121 1122 1124 1595 
5 
1121 1122 1123 1595 1596 
3 
1126 1127 1128 
3 
1125 1127 1128 
3 
1125 1126 1128 
3 
1125 1126 1127 
6 
1130 1131 1132 1645 1646 1945 
6 
1129 1131 1132 1646 1945 1946 
9 
1129 1130 1132 1646 1647 1945 1946 1947 1948 
10 
774 1129 1130 1131 1645 1646 1647 1648 1945 1948 
7 
1134 1135 1136 1701 1702 1703 1704 
5 
1133 1135 1136 1702 1703 
5 
281 1133 1134 1136 1703 
5 
1133 1134 1135 1703 1704 
9 
862 863 1025 1026 1027 1028 1138 1139 1140 
6 
1026 1027 1137 1139 1140 1164 
4 
1027 1137 1138 1140 
6 
863 1027 1028 1137 1138 1139 
5 
381 1142 1143 1144 1967 
5 
381 382 1141 1143 1144 
7 
381 382 383 384 1141 1142 1144 
5 
381 384 1141 1142 1143 
6 
831 832 1146 1147 1148 1959 
5 
29 831 1145 1147 1148 
9 
29 32 950 1145 1146 1148 1273 1274 1513 
6 
949 950 1145 1146 1147 1273 
3 
1150 1151 1152 
3 
1149 1151 1152 
3 
1149 1150 1152 
3 
1149 1150 1151 
3 
1154 1155 1156 
3 
1153 1155 1156 
3 
1153 1154 1156 
4 
1153 1154 1155 1610 
3 
1158 1159 1160 
4 
796 1157 1159 1160 
3 
1157 1158 1160 
3 
1157 1158 1159 
12 
401 402 403 404 455 456 1026 1162 1163 1164 1913 1916 
10 
402 403 455 1161 1163 1164 1913 1914 1915 1916 
6 
403 1161 1162 1164 1915 1916 
9 
403 404 1026 1027 1138 1161 1162 1163 1916 
8 
1166 1167 1168 1368 1459 1460 1689 1690 
9 
481 484 1165 1167 1168 1367 1368 1459 1690 
6 
484 1165 1166 1168 1690 1691 
7 
1165 1166 1167 1689 1690 1691 1692 
5 
1170 1171 1172 1871 1872 
4 
1169 1171 1172 1871 
3 
1169 1170 1172 
3 
1169 1170 1171 
5 
1174 1175 1176 1271 1272 
7 
653 656 1173 1175 1176 1271 1425 
6 
656 1173 1174 1176 1425 1428 
3 
1173 1174 1175 
3 
1178 1179 1180 
3 
1177 1179 1180 
3 
1177 1178 1180 
3 
1177 1178 1179 
8 
1057 1058 1059 1060 1182 1183 1184 1452 
7 
1058 1059 1181 1183 1184 1451 1452 
4 
1059 1181 1182 1184 
5 
1059 1060 1181 1182 1183 
12 
225 226 227 228 893 894 1017 1186 1187 1188 1617 1620 
12 
226 227 894 1017 1018 1185 1187 1188 1617 1618 1619 1620 
12 
227 782 895 1017 1018 1019 1020 1185 1186 1188 1619 1620 
12 
227 228 781 782 895 896 1017 1020 1185 1186 1187 1620 
4 
1190 1191 1192 1810 
5 
648 1189 1191 1192 1952 
3 
1189 1190 1192 
5 
1189 1190 1191 1810 1811 
3 
1194 1195 1196 
3 
1193 1195 1196 
3 
1193 1194 1196 
3 
1193 1194 1195 
4 
1198 1199 1200 1784 
6 
1001 1197 1199 1200 1783 1784 
6 
1001 1004 1093 1197 1198 1200 
3 
1197 1198 1199 
3 
1202 1203 1204 
3 
1201 1203 1204 
3 
1201 1202 1204 
3 
1201 1202 1203 
3 
1206 1207 1208 
3 
1205 1207 1208 
3 
1205 1206 1208 
3 
1205 1206 1207 
7 
349 350 351 352 1210 1211 1212 
5 
350 351 1209 1211 1212 
4 
351 1209 1210 1212 
5 
351 352 1209 1210 1211 
5 
1214 1215 1216 1585 1588 
7 
1213 1215 1216 1585 1586 1587 1588 
5 
1213 1214 1216 1587 1588 
4 
1213 1214 1215 1588 
9 
553 554 623 836 1218 1219 1220 1239 1240 
7 
554 835 836 1217 1219 1220 1239 
5 
554 555 1217 1218 1220 
7 
553 554 555 556 1217 1218 1219 
8 
143 257 258 767 789 1222 1223 1224 
6 
258 789 790 1221 1223 1224 
11 
258 259 665 666 789 790 791 792 1221 1222 1224 
10 
257 258 259 260 665 789 792 1221 1222 1223 
4 
233 1226 1227 1228 
5 
233 234 1225 1227 1228 
7 
233 234 235 236 1225 1226 1228 
5 
233 236 1225 1226 1227 
3 
1230 1231 1232 
3 
1229 1231 1232 
3 
1229 1230 1232 
4 
1070 1229 1230 1231 
8 
37 521 522 523 524 1234 1235 1236 
7 
38 522 523 952 1233 1235 1236 
6 
38 39 523 1233 1234 1236 
7 
37 40 523 524 1233 1234 1235 
5 
621 622 1238 1239 1240 
6 
622 833 836 1237 1239 1240 
8 
622 623 836 1217 1218 1237 1238 1240 
8 
621 622 623 624 1217 1237 1238 1239 
5 
346 347 1242 1243 1244 
3 
1241 1243 1244 
3 
1241 1242 1244 
4 
347 1241 1242 1243 
7 
637 640 1246 1247 1248 1903 1904 
8 
637 638 639 640 1245 1247 1248 1903 
5 
639 640 1245 1246 1248 
4 
640 1245 1246 1247 
3 
1250 1251 1252 
3 
1249 1251 1252 
3 
1249 1250 1252 
3 
1249 1250 1251 
3 
1254 1255 1256 
3 
1253 1255 1256 
4 
113 1253 1254 1256 
3 
1253 1254 1255 
3 
1258 1259 1260 
4 
1257 1259 1260 1549 
5 
1257 1258 1260 1549 1552 
3 
1257 1258 1259 
8 
62 731 732 1262 1263 1264 1578 1579 
6 
93 731 1261 1263 1264 1292 
5 
93 96 1261 1262 1264 
6 
62 63 1261 1262 1263 1579 
3 
1266 1267 1268 
4 
244 1265 1267 1268 
3 
1265 1266 1268 
3 
1265 1266 1267 
4 
851 1270 1271 1272 
3 
1269 1271 1272 
5 
1173 1174 1269 1270 1272 
4 
1173 1269 1270 1271 
9 
29 32 949 950 1147 1148 1274 1275 1276 
11 
29 30 31 32 950 1147 1273 1275 1276 1513 1516 
8 
31 32 950 951 1273 1274 1276 1516 
8 
32 949 950 951 952 1273 1274 1275 
7 
180 742 743 1278 1279 1280 1540 
7 
179 180 1277 1279 1280 1539 1540 
3 
1277 1278 1280 
4 
743 1277 1278 1279 
9 
466 467 1282 1283 1284 1553 1554 1739 1740 
7 
685 688 1281 1283 1284 1554 1739 
6 
688 1281 1282 1284 1554 1555 
9 
467 634 1281 1282 1283 1553 1554 1555 1556 
6 
548 1286 1287 1288 1993 1996 
10 
547 548 1285 1287 1288 1600 1993 1994 1995 1996 
5 
1285 1286 1288 1995 1996 
4 
1285 1286 1287 1996 
7 
730 731 1084 1104 1290 1291 1292 
8 
1083 1084 1103 1104 1105 1289 1291 1292 
7 
93 94 1105 1108 1289 1290 1292 
6 
93 731 1262 1289 1290 1291 
6 
178 179 1294 1295 1296 1539 
4 
1293 1295 1296 1432 
3 
1293 1294 1296 
4 
179 1293 1294 1295 
9 
122 123 307 1298 1299 1300 1357 1558 1559 
5 
1297 1299 1300 1357 1358 
8 
421 1297 1298 1300 1357 1358 1359 1360 
7 
123 1297 1298 1299 1357 1360 1559 
4 
890 1302 1303 1304 
3 
1301 1303 1304 
3 
1301 1302 1304 
6 
690 890 891 1301 1302 1303 
4 
579 1306 1307 1308 
4 
353 1305 1307 1308 
5 
353 356 1305 1306 1308 
3 
1305 1306 1307 
4 
1008 1310 1311 1312 
5 
1007 1008 1309 1311 1312 
3 
1309 1310 1312 
3 
1309 1310 1311 
5 
1314 1315 1316 1909 1910 
6 
1029 1032 1313 1315 1316 1910 
8 
1032 1313 1314 1316 1321 1322 1910 1911 
8 
1313 1314 1315 1321 1909 1910 1911 1912 
9 
245 246 955 956 1318 1319 1320 1413 1414 
6 
246 955 1317 1319 1320 1414 
7 
246 247 1317 1318 1320 1414 1415 
11 
245 246 247 248 1317 1318 1319 1413 1414 1415 1416 
7 
1315 1316 1322 1323 1324 1910 1911 
4 
1315 1321 1323 1324 
4 
181 1321 1322 1324 
4 
1321 1322 1323 1911 
9 
601 602 603 604 1326 1327 1328 1345 1346 
8 
602 603 1325 1327 1328 1346 1577 1580 
9 
165 166 603 1325 1326 1328 1346 1347 1580 
10 
165 603 604 1325 1326 1327 1345 1346 1347 1348 
4 
981 1330 1331 1332 
5 
981 982 1329 1331 1332 
7 
981 982 983 984 1329 1330 1332 
5 
981 984 1329 1330 1331 
4 
320 1334 1335 1336 
5 
319 320 1333 1335 1336 
4 
182 1333 1334 1336 
5 
181 182 1333 1334 1335 
6 
50 66 295 1338 1339 1340 
5 
1337 1339 1340 1493 1496 
5 
817 1337 1338 1340 1496 
7 
50 51 66 67 1337 1338 1339 
5 
1054 1342 1343 1344 1753 
5 
1341 1343 1344 1753 1754 
7 
1341 1342 1344 1753 1754 1755 1756 
7 
1054 1055 1341 1342 1343 1753 1756 
7 
601 604 1325 1328 1346 1347 1348 
11 
601 602 603 604 1325 1326 1327 1328 1345 1347 1348 
10 
165 166 253 603 604 1327 1328 1345 1346 1348 
6 
165 604 1328 1345 1346 1347 
5 
1350 1351 1352 1489 1490 
4 
1349 1351 1352 1490 
5 
1349 1350 1352 1490 1491 
7 
1349 1350 1351 1489 1490 1491 1492 
3 
1354 1355 1356 
3 
1353 1355 1356 
3 
1353 1354 1356 
3 
1353 1354 1355 
10 
307 1297 1298 1299 1300 1358 1359 1360 1558 1559 
5 
1298 1299 1357 1359 1360 
5 
421 1299 1357 1358 1360 
6 
1299 1300 1357 1358 1359 1559 
3 
1362 1363 1364 
3 
1361 1363 1364 
3 
1361 1362 1364 
3 
1361 1362 1363 
6 
935 1366 1367 1368 1458 1459 
4 
116 1365 1367 1368 
6 
481 1166 1365 1366 1368 1690 
8 
1165 1166 1365 1366 1367 1459 1689 1690 
9 
533 534 535 536 751 752 1370 1371 1372 
6 
534 535 751 1369 1371 1372 
4 
535 1369 1370 1372 
5 
535 536 1369 1370 1371 
9 
633 634 635 636 1374 1375 1376 1462 1556 
7 
634 635 1373 1375 1376 1555 1556 
4 
635 1373 1374 1376 
8 
630 635 636 1373 1374 1375 1462 1463 
4 
114 1378 1379 1380 
5 
1377 1379 1380 1845 1848 
7 
985 986 1377 1378 1380 1801 1848 
6 
114 115 985 1377 1378 1379 
5 
399 400 1382 1383 1384 
4 
399 1381 1383 1384 
5 
1381 1382 1384 1429 1430 
4 
1381 1382 1383 1429 
3 
1386 1387 1388 
3 
1385 1387 1388 
3 
1385 1386 1388 
3 
1385 1386 1387 
8 
567 568 816 1052 1390 1391 1392 1504 
10 
567 815 816 1051 1052 1389 1391 1392 1503 1504 
3 
1389 1390 1392 
3 
1389 1390 1391 
3 
1394 1395 1396 
4 
184 1393 1395 1396 
3 
1393 1394 1396 
3 
1393 1394 1395 
5 
250 251 1398 1399 1400 
4 
1076 1397 1399 1400 
3 
1397 1398 1400 
4 
251 1397 1398 1399 
6 
119 120 242 1402 1403 1404 
5 
119 1401 1403 1404 1861 
5 
1401 1402 1404 1861 1864 
5 
242 243 1401 1402 1403 
5 
899 900 1406 1407 1408 
4 
899 1405 1407 1408 
3 
1405 1406 1408 
3 
1405 1406 1407 
3 
1410 1411 1412 
3 
1409 1411 1412 
3 
1409 1410 1412 
3 
1409 1410 1411 
12 
245 246 247 248 746 955 956 1317 1320 1414 1415 1416 
10 
246 247 955 1317 1318 1319 1320 1413 1415 1416 
6 
247 1319 1320 1413 1414 1416 
7 
247 248 747 1320 1413 1414 1415 
6 
115 116 589 1418 1419 1420 
8 
115 589 590 985 988 1417 1419 1420 
8 
589 590 591 592 988 1417 1418 1420 
6 
482 589 592 1417 1418 1419 
4 
55 1422 1423 1424 
3 
1421 1423 1424 
3 
1421 1422 1424 
3 
1421 1422 1423 
9 
653 654 655 656 1174 1175 1426 1427 1428 
5 
654 655 1425 1427 1428 
4 
655 1425 1426 1428 
6 
655 656 1175 1425 1426 1427 
5 
1383 1384 1430 1431 1432 
4 
1383 1429 1431 1432 
3 
1429 1430 1432 
4 
1294 1429 1430 1431 
3 
1434 1435 1436 
3 
1433 1435 1436 
3 
1433 1434 1436 
3 
1433 1434 1435 
7 
501 502 1438 1439 1440 1954 1955 
4 
502 1437 1439 1440 
5 
502 503 1437 1438 1440 
8 
501 502 503 504 1437 1438 1439 1955 
6 
436 1442 1443 1444 1855 1856 
7 
435 436 1441 1443 1444 1855 1968 
5 
681 682 1441 1442 1444 
4 
681 1441 1442 1443 
3 
1446 1447 1448 
3 
1445 1447 1448 
3 
1445 1446 1448 
3 
1445 1446 1447 
10 
373 374 375 376 948 1057 1058 1450 1451 1452 
9 
374 375 417 947 948 1058 1449 1451 1452 
9 
375 417 420 1058 1059 1182 1449 1450 1452 
11 
375 376 1057 1058 1059 1060 1181 1182 1449 1450 1451 
3 
1454 1455 1456 
5 
329 332 1453 1455 1456 
5 
332 1453 1454 1456 1834 
5 
1453 1454 1455 1833 1834 
8 
491 492 915 935 936 1458 1459 1460 
6 
491 935 1365 1457 1459 1460 
9 
1165 1166 1365 1368 1457 1458 1460 1689 1690 
5 
1165 1457 1458 1459 1689 
5 
629 630 1462 1463 1464 
7 
630 636 1373 1376 1461 1463 1464 
6 
630 631 1376 1461 1462 1464 
8 
629 630 631 632 1461 1462 1463 1822 
3 
1466 1467 1468 
3 
1465 1467 1468 
3 
1465 1466 1468 
3 
1465 1466 1467 
4 
1470 1471 1472 1716 
5 
1469 1471 1472 1715 1716 
3 
1469 1470 1472 
4 
414 1469 1470 1471 
4 
393 1474 1475 1476 
5 
393 394 1473 1475 1476 
7 
393 394 395 396 1473 1474 1476 
5 
393 396 1473 1474 1475 
9 
793 794 795 796 1095 1096 1478 1479 1480 
7 
500 794 795 1095 1477 1479 1480 
4 
795 1477 1478 1480 
5 
795 796 1477 1478 1479 
5 
419 420 1482 1483 1484 
4 
419 1481 1483 1484 
4 
1481 1482 1484 1662 
5 
1481 1482 1483 1661 1662 
3 
1486 1487 1488 
3 
1485 1487 1488 
7 
122 306 1485 1486 1488 1557 1558 
8 
121 122 305 306 1485 1486 1487 1557 
5 
1349 1352 1490 1491 1492 
7 
1349 1350 1351 1352 1489 1491 1492 
5 
1351 1352 1489 1490 1492 
4 
1352 1489 1490 1491 
4 
1338 1494 1495 1496 
4 
828 1493 1495 1496 
5 
817 818 1493 1494 1496 
6 
817 1338 1339 1493 1494 1495 
7 
809 810 1498 1499 1500 1603 1604 
5 
810 1497 1499 1500 1603 
7 
810 811 1061 1062 1497 1498 1500 
8 
809 810 811 812 1061 1497 1498 1499 
11 
565 566 598 599 813 814 1049 1050 1502 1503 1504 
6 
566 814 1050 1501 1503 1504 
10 
566 567 814 815 1050 1051 1390 1501 1502 1504 
18 
565 566 567 568 599 813 814 815 816 1049 1050 1051 1052 1389 1390 1501 1502 1503 
9 
43 44 693 694 695 696 1506 1507 1508 
6 
43 694 695 1505 1507 1508 
5 
206 695 1505 1506 1508 
6 
205 695 696 1505 1506 1507 
4 
557 1510 1511 1512 
5 
557 558 1509 1511 1512 
5 
559 560 1509 1510 1512 
4 
560 1509 1510 1511 
9 
29 30 31 32 1147 1274 1514 1515 1516 
5 
30 31 1513 1515 1516 
4 
31 1513 1514 1516 
7 
31 32 1274 1275 1513 1514 1515 
4 
928 1518 1519 1520 
6 
927 928 1517 1519 1520 1853 
5 
1517 1518 1520 1853 1856 
3 
1517 1518 1519 
7 
1522 1523 1524 1857 1858 1859 1860 
5 
1521 1523 1524 1858 1859 
4 
1521 1522 1524 1859 
6 
130 1521 1522 1523 1859 1860 
3 
1526 1527 1528 
3 
1525 1527 1528 
3 
1525 1526 1528 
3 
1525 1526 1527 
15 
193 194 313 314 315 316 1066 1067 1530 1531 1532 1757 1758 1759 1760 
8 
194 314 315 1529 1531 1532 1758 1759 
8 
194 195 315 1529 1530 1532 1759 1998 
14 
193 194 195 196 315 316 1067 1529 1530 1531 1759 1760 1997 1998 
5 
717 718 1534 1535 1536 
4 
718 1533 1535 1536 
5 
718 719 1533 1534 1536 
7 
717 718 719 720 1533 1534 1535 
13 
177 299 300 517 518 519 520 550 551 1538 1539 1540 1572 
10 
177 178 299 518 519 1537 1539 1540 1571 1572 
10 
177 178 179 180 519 1278 1293 1537 1538 1540 
11 
177 180 519 520 551 742 1277 1278 1537 1538 1539 
3 
1542 1543 1544 
3 
1541 1543 1544 
5 
1541 1542 1544 1761 1762 
4 
1541 1542 1543 1761 
3 
1546 1547 1548 
3 
1545 1547 1548 
3 
1545 1546 1548 
3 
1545 1546 1547 
5 
1258 1259 1550 1551 1552 
3 
1549 1551 1552 
4 
358 1549 1550 1552 
6 
357 358 1259 1549 1550 1551 
7 
467 634 1281 1284 1554 1555 1556 
7 
1281 1282 1283 1284 1553 1555 1556 
7 
1283 1284 1374 1553 1554 1556 1805 
8 
634 635 1284 1373 1374 1553 1554 1555 
11 
121 122 305 306 307 308 1487 1488 1558 1559 1560 
9 
122 306 307 1297 1357 1487 1557 1559 1560 
9 
123 307 1297 1300 1357 1360 1557 1558 1560 
7 
123 124 307 308 1557 1558 1559 
5 
361 364 1562 1563 1564 
7 
361 362 363 364 1561 1563 1564 
6 
363 364 398 1561 1562 1564 
6 
364 397 398 1561 1562 1563 
4 
1566 1567 1568 1816 
6 
573 1565 1567 1568 1815 1816 
4 
576 1565 1566 1568 
3 
1565 1566 1567 
8 
297 298 517 518 550 1570 1571 1572 
5 
298 518 1569 1571 1572 
9 
178 298 299 518 519 1538 1569 1570 1572 
17 
177 178 297 298 299 300 517 518 519 520 550 551 1537 1538 1569 1570 1571 
3 
1574 1575 1576 
3 
1573 1575 1576 
3 
1573 1574 1576 
3 
1573 1574 1575 
4 
1326 1578 1579 1580 
6 
729 732 1261 1577 1579 1580 
8 
61 62 732 1261 1264 1577 1578 1580 
7 
61 166 1326 1327 1577 1578 1579 
4 
1582 1583 1584 1621 
5 
1581 1583 1584 1621 1622 
7 
1581 1582 1584 1621 1622 1623 1624 
5 
1581 1582 1583 1621 1624 
5 
1213 1214 1586 1587 1588 
4 
1214 1585 1587 1588 
5 
1214 1215 1585 1586 1588 
7 
1213 1214 1215 1216 1585 1586 1587 
7 
1590 1591 1592 1889 1890 1891 1892 
5 
1589 1591 1592 1890 1891 
4 
1589 1590 1592 1891 
5 
1589 1590 1591 1891 1892 
4 
1121 1594 1595 1596 
6 
24 1121 1122 1593 1595 1596 
7 
1121 1122 1123 1124 1593 1594 1596 
5 
1121 1124 1593 1594 1595 
8 
546 547 1598 1599 1600 1828 1993 1994 
5 
1597 1599 1600 1827 1994 
5 
1597 1598 1600 1994 1995 
9 
547 1286 1597 1598 1599 1993 1994 1995 1996 
9 
697 698 699 700 1602 1603 1604 1710 1711 
7 
561 564 698 699 1601 1603 1604 
7 
564 699 1497 1498 1601 1602 1604 
7 
699 700 1497 1601 1602 1603 1711 
5 
1606 1607 1608 1685 1688 
7 
1605 1607 1608 1685 1686 1687 1688 
5 
1605 1606 1608 1687 1688 
5 
866 1605 1606 1607 1688 
3 
1610 1611 1612 
4 
1156 1609 1611 1612 
3 
1609 1610 1612 
4 
310 1609 1610 1611 
4 
959 1614 1615 1616 
4 
972 1613 1615 1616 
3 
1613 1614 1616 
3 
1613 1614 1615 
10 
226 893 894 1017 1018 1185 1186 1618 1619 1620 
6 
894 1018 1186 1617 1619 1620 
10 
782 894 895 1018 1019 1186 1187 1617 1618 1620 
19 
226 227 781 782 893 894 895 896 1017 1018 1019 1020 1185 1186 1187 1188 1617 1618 1619 
7 
1581 1582 1583 1584 1622 1623 1624 
5 
1582 1583 1621 1623 1624 
4 
1583 1621 1622 1624 
5 
1583 1584 1621 1622 1623 
5 
254 255 1626 1627 1628 
3 
1625 1627 1628 
3 
1625 1626 1628 
4 
255 1625 1626 1627 
3 
1630 1631 1632 
3 
1629 1631 1632 
3 
1629 1630 1632 
3 
1629 1630 1631 
3 
1634 1635 1636 
4 
256 1633 1635 1636 
3 
1633 1634 1636 
3 
1633 1634 1635 
7 
457 458 459 460 1638 1639 1640 
5 
458 459 1637 1639 1640 
4 
459 1637 1638 1640 
5 
459 460 1637 1638 1639 
5 
406 407 1642 1643 1644 
3 
1641 1643 1644 
3 
1641 1642 1644 
4 
407 1641 1642 1643 
5 
1129 1132 1646 1647 1648 
9 
1129 1130 1131 1132 1645 1647 1648 1945 1948 
7 
774 1131 1132 1645 1646 1648 1948 
6 
773 774 1132 1645 1646 1647 
6 
753 990 991 1650 1651 1652 
7 
753 754 1040 1649 1651 1652 1989 
10 
753 754 755 756 1649 1650 1652 1865 1989 1992 
6 
753 756 991 1649 1650 1651 
4 
269 1654 1655 1656 
5 
269 270 1653 1655 1656 
8 
269 270 271 272 1653 1654 1656 1906 
7 
269 272 1653 1654 1655 1905 1906 
5 
237 238 1658 1659 1660 
4 
238 1657 1659 1660 
6 
238 239 1657 1658 1660 1921 
7 
237 238 239 240 1657 1658 1659 
5 
838 1484 1662 1663 1664 
5 
1483 1484 1661 1663 1664 
3 
1661 1662 1664 
6 
838 839 1661 1662 1663 1942 
4 
946 1666 1667 1668 
6 
525 528 964 1665 1667 1668 
4 
528 1665 1666 1668 
5 
946 947 1665 1666 1667 
3 
1670 1671 1672 
5 
1669 1671 1672 1857 1860 
6 
129 130 1669 1670 1672 1860 
4 
129 1669 1670 1671 
5 
1674 1675 1676 1934 1935 
3 
1673 1675 1676 
3 
1673 1674 1676 
4 
1673 1674 1675 1935 
9 
158 159 437 438 439 440 1678 1679 1680 
5 
438 439 1677 1679 1680 
4 
439 1677 1678 1680 
6 
159 439 440 1677 1678 1679 
3 
1682 1683 1684 
3 
1681 1683 1684 
4 
1681 1682 1684 1782 
5 
1681 1682 1683 1781 1782 
5 
1605 1606 1686 1687 1688 
4 
1606 1685 1687 1688 
5 
1606 1607 1685 1686 1688 
7 
1605 1606 1607 1608 1685 1686 1687 
8 
1165 1168 1368 1459 1460 1690 1691 1692 
12 
481 484 1165 1166 1167 1168 1367 1368 1459 1689 1691 1692 
6 
484 1167 1168 1689 1690 1692 
4 
1168 1689 1690 1691 
3 
1694 1695 1696 
3 
1693 1695 1696 
3 
1693 1694 1696 
3 
1693 1694 1695 
6 
482 483 592 1698 1699 1700 
6 
157 591 592 1697 1699 1700 
5 
157 160 1697 1698 1700 
4 
483 1697 1698 1699 
4 
1133 1702 1703 1704 
5 
1133 1134 1701 1703 1704 
7 
1133 1134 1135 1136 1701 1702 1704 
5 
1133 1136 1701 1702 1703 
5 
690 691 1706 1707 1708 
4 
1705 1707 1708 1893 
5 
1705 1706 1708 1893 1896 
4 
691 1705 1706 1707 
8 
1006 1710 1711 1712 1985 1986 1987 1988 
7 
697 1601 1709 1711 1712 1986 1987 
8 
697 700 1601 1604 1709 1710 1712 1987 
7 
1006 1007 1709 1710 1711 1987 1988 
3 
1714 1715 1716 
3 
1713 1715 1716 
4 
1470 1713 1714 1716 
5 
1469 1470 1713 1714 1715 
3 
1718 1719 1720 
5 
1116 1717 1719 1720 1876 
3 
1717 1718 1720 
3 
1717 1718 1719 
5 
134 372 1722 1723 1724 
5 
371 372 1721 1723 1724 
3 
1721 1722 1724 
5 
134 135 1721 1722 1723 
3 
1726 1727 1728 
3 
1725 1727 1728 
3 
1725 1726 1728 
3 
1725 1726 1727 
3 
1730 1731 1732 
3 
1729 1731 1732 
3 
1729 1730 1732 
3 
1729 1730 1731 
5 
4 1734 1735 1736 1846 
5 
3 4 1733 1735 1736 
3 
1733 1734 1736 
5 
1733 1734 1735 1846 1847 
4 
1738 1739 1740 1799 
3 
1737 1739 1740 
6 
685 1281 1282 1737 1738 1740 
5 
466 1281 1737 1738 1739 
6 
45 46 263 1742 1743 1744 
4 
46 1741 1743 1744 
5 
46 47 1741 1742 1744 
7 
45 46 47 48 1741 1742 1743 
3 
1746 1747 1748 
3 
1745 1747 1748 
4 
322 1745 1746 1748 
5 
321 322 1745 1746 1747 
3 
1750 1751 1752 
3 
1749 1751 1752 
5 
41 42 1749 1750 1752 
4 
41 1749 1750 1751 
7 
1341 1342 1343 1344 1754 1755 1756 
7 
201 204 1342 1343 1753 1755 1756 
5 
204 1343 1753 1754 1756 
5 
1343 1344 1753 1754 1755 
10 
193 194 313 314 1065 1066 1529 1758 1759 1760 
8 
194 314 1066 1529 1530 1757 1759 1760 
13 
194 195 315 1066 1067 1529 1530 1531 1532 1757 1758 1760 1998 
17 
193 194 195 196 315 316 1065 1066 1067 1068 1529 1532 1757 1758 1759 1997 1998 
5 
1543 1544 1762 1763 1764 
5 
109 1543 1761 1763 1764 
5 
109 112 1761 1762 1764 
3 
1761 1762 1763 
4 
1766 1767 1768 1923 
3 
1765 1767 1768 
4 
337 1765 1766 1768 
3 
1765 1766 1767 
5 
345 348 1770 1771 1772 
7 
345 346 347 348 1769 1771 1772 
5 
347 348 1769 1770 1772 
4 
348 1769 1770 1771 
9 
7 8 513 516 973 976 1774 1775 1776 
14 
7 513 514 515 516 973 974 975 976 1773 1775 1776 1897 1900 
9 
515 516 770 975 976 1773 1774 1776 1900 
6 
516 769 976 1773 1774 1775 
3 
1778 1779 1780 
3 
1777 1779 1780 
3 
1777 1778 1780 
3 
1777 1778 1779 
4 
1684 1782 1783 1784 
5 
1683 1684 1781 1783 1784 
6 
1001 1002 1198 1781 1782 1784 
6 
1001 1197 1198 1781 1782 1783 
3 
1786 1787 1788 
3 
1785 1787 1788 
3 
1785 1786 1788 
3 
1785 1786 1787 
3 
1790 1791 1792 
4 
536 1789 1791 1792 
3 
1789 1790 1792 
3 
1789 1790 1791 
5 
1794 1795 1796 1929 1932 
7 
1793 1795 1796 1929 1930 1931 1932 
5 
1793 1794 1796 1931 1932 
4 
1793 1794 1795 1932 
6 
279 280 652 1798 1799 1800 
6 
279 651 652 1797 1799 1800 
4 
1737 1797 1798 1800 
3 
1797 1798 1799 
6 
986 1379 1802 1803 1804 1848 
6 
721 1801 1803 1804 1847 1848 
6 
125 721 724 1801 1802 1804 
5 
986 987 1801 1802 1803 
4 
1555 1806 1807 1808 
5 
552 741 1805 1807 1808 
5 
741 744 1805 1806 1808 
3 
1805 1806 1807 
4 
671 1810 1811 1812 
5 
1189 1192 1809 1811 1812 
4 
1192 1809 1810 1812 
3 
1809 1810 1811 
4 
1814 1815 1816 1887 
3 
1813 1815 1816 
5 
573 1566 1813 1814 1816 
5 
1565 1566 1813 1814 1815 
4 
1102 1818 1819 1820 
3 
1817 1819 1820 
3 
1817 1818 1820 
6 
1082 1102 1103 1817 1818 1819 
5 
632 857 1822 1823 1824 
8 
631 632 857 858 1464 1821 1823 1824 
8 
857 858 859 860 877 1821 1822 1824 
5 
857 860 1821 1822 1823 
3 
1826 1827 1828 
5 
709 712 1825 1827 1828 
5 
712 1598 1825 1826 1828 
5 
546 1597 1825 1826 1827 
5 
785 786 1830 1831 1832 
6 
49 65 786 1829 1831 1832 
8 
52 65 68 786 787 1829 1830 1832 
7 
785 786 787 788 1829 1830 1831 
4 
1456 1834 1835 1836 
5 
1455 1456 1833 1835 1836 
5 
673 674 1833 1834 1836 
4 
673 1833 1834 1835 
5 
303 905 1838 1839 1840 
5 
905 906 1837 1839 1840 
7 
905 906 907 908 1837 1838 1840 
5 
905 908 1837 1838 1839 
5 
47 48 1842 1843 1844 
5 
47 1060 1841 1843 1844 
3 
1841 1842 1844 
4 
6 1841 1842 1843 
4 
1378 1846 1847 1848 
5 
1733 1736 1845 1847 1848 
5 
1736 1802 1845 1846 1848 
7 
1378 1379 1801 1802 1845 1846 1847 
7 
841 842 843 844 1850 1851 1852 
5 
842 843 1849 1851 1852 
5 
302 843 1849 1850 1852 
7 
301 302 843 844 1849 1850 1851 
8 
433 436 927 1518 1519 1854 1855 1856 
9 
433 434 435 436 1853 1855 1856 1965 1968 
8 
435 436 1441 1442 1853 1854 1856 1968 
6 
436 1441 1519 1853 1854 1855 
5 
1521 1670 1858 1859 1860 
5 
1521 1522 1857 1859 1860 
8 
130 1521 1522 1523 1524 1857 1858 1860 
9 
129 130 1521 1524 1670 1671 1857 1858 1859 
6 
119 1402 1403 1862 1863 1864 
3 
1861 1863 1864 
6 
133 134 442 1861 1862 1864 
7 
133 441 442 1403 1861 1862 1863 
8 
754 755 1651 1866 1867 1868 1989 1992 
5 
1865 1867 1868 1990 1991 
4 
1865 1866 1868 1991 
5 
755 1865 1866 1867 1992 
3 
1870 1871 1872 
3 
1869 1871 1872 
5 
1169 1170 1869 1870 1872 
4 
1169 1869 1870 1871 
8 
284 1113 1114 1115 1116 1874 1875 1876 
9 
33 36 283 284 1114 1115 1873 1875 1876 
5 
36 1115 1873 1874 1876 
6 
1115 1116 1718 1873 1874 1875 
4 
318 1878 1879 1880 
3 
1877 1879 1880 
3 
1877 1878 1880 
5 
318 319 1877 1878 1879 
4 
95 1882 1883 1884 
5 
737 740 1881 1883 1884 
4 
740 1881 1882 1884 
3 
1881 1882 1883 
3 
1886 1887 1888 
4 
1885 1887 1888 1908 
4 
1813 1885 1886 1888 
3 
1885 1886 1887 
7 
71 327 328 1589 1890 1891 1892 
6 
327 1589 1590 1889 1891 1892 
7 
1589 1590 1591 1592 1889 1890 1892 
5 
1589 1592 1889 1890 1891 
5 
1706 1707 1894 1895 1896 
6 
673 676 869 1893 1895 1896 
5 
676 872 1893 1894 1896 
5 
910 1707 1893 1894 1895 
8 
513 514 973 974 1774 1898 1899 1900 
5 
514 974 1897 1899 1900 
6 
515 974 975 1897 1898 1900 
11 
515 516 973 974 975 976 1774 1775 1897 1898 1899 
6 
637 827 828 1902 1903 1904 
6 
637 638 827 1901 1903 1904 
9 
637 638 639 640 1245 1246 1901 1902 1904 
6 
637 640 1245 1901 1902 1903 
4 
1656 1906 1907 1908 
7 
269 272 1655 1656 1905 1907 1908 
4 
272 1905 1906 1908 
4 
1886 1905 1906 1907 
6 
338 1313 1316 1910 1911 1912 
8 
1313 1314 1315 1316 1321 1909 1911 1912 
7 
1315 1316 1321 1324 1909 1910 1912 
6 
338 339 1316 1909 1910 1911 
14 
401 402 451 452 453 454 455 456 763 1161 1162 1914 1915 1916 
8 
402 451 454 455 1162 1913 1915 1916 
8 
402 403 455 1162 1163 1913 1914 1916 
13 
401 402 403 404 455 456 1161 1162 1163 1164 1913 1914 1915 
3 
1918 1919 1920 
3 
1917 1919 1920 
3 
1917 1918 1920 
3 
1917 1918 1919 
5 
239 1659 1922 1923 1924 
3 
1921 1923 1924 
4 
1765 1921 1922 1924 
3 
1921 1922 1923 
3 
1926 1927 1928 
3 
1925 1927 1928 
3 
1925 1926 1928 
3 
1925 1926 1927 
5 
1793 1794 1930 1931 1932 
4 
1794 1929 1931 1932 
5 
1794 1795 1929 1930 1932 
7 
1793 1794 1795 1796 1929 1930 1931 
4 
1934 1935 1936 1940 
6 
1673 1933 1935 1936 1939 1940 
5 
1673 1676 1933 1934 1936 
3 
1933 1934 1935 
3 
1938 1939 1940 
3 
1937 1939 1940 
4 
1934 1937 1938 1940 
5 
1933 1934 1937 1938 1939 
5 
837 840 1942 1943 1944 
8 
837 838 839 840 1664 1941 1943 1944 
6 
839 840 849 1941 1942 1944 
4 
840 1941 1942 1943 
8 
1129 1130 1131 1132 1646 1946 1947 1948 
5 
1130 1131 1945 1947 1948 
4 
1131 1945 1946 1948 
8 
774 1131 1132 1646 1647 1945 1946 1947 
7 
645 646 647 648 1950 1951 1952 
5 
646 647 1949 1951 1952 
4 
647 1949 1950 1952 
6 
647 648 1190 1949 1950 1951 
3 
1954 1955 1956 
4 
1437 1953 1955 1956 
6 
501 1437 1440 1953 1954 1956 
3 
1953 1954 1955 
3 
1958 1959 1960 
4 
829 1957 1959 1960 
5 
832 1145 1957 1958 1960 
3 
1957 1958 1959 
3 
1962 1963 1964 
3 
1961 1963 1964 
3 
1961 1962 1964 
3 
1961 1962 1963 
6 
433 434 1854 1966 1967 1968 
4 
434 1965 1967 1968 
6 
434 435 1141 1965 1966 1968 
10 
433 434 435 436 1442 1854 1855 1965 1966 1967 
3 
1970 1971 1972 
3 
1969 1971 1972 
3 
1969 1970 1972 
3 
1969 1970 1971 
3 
1974 1975 1976 
3 
1973 1975 1976 
3 
1973 1974 1976 
3 
1973 1974 1975 
3 
1978 1979 1980 
3 
1977 1979 1980 
3 
1977 1978 1980 
3 
1977 1978 1979 
5 
505 508 1982 1983 1984 
7 
505 506 507 508 1981 1983 1984 
5 
507 508 1981 1982 1984 
5 
262 508 1981 1982 1983 
5 
615 1709 1986 1987 1988 
5 
1709 1710 1985 1987 1988 
8 
1006 1709 1710 1711 1712 1985 1986 1988 
7 
1005 1006 1709 1712 1985 1986 1987 
7 
754 1650 1651 1865 1990 1991 1992 
4 
1866 1989 1991 1992 
5 
1866 1867 1989 1990 1992 
8 
754 755 1651 1865 1868 1989 1990 1991 
9 
547 548 1285 1286 1597 1600 1994 1995 1996 
9 
547 1286 1597 1598 1599 1600 1993 1995 1996 
7 
1286 1287 1599 1600 1993 1994 1996 
8 
1285 1286 1287 1288 1600 1993 1994 1995 
9 
196 316 1067 1068 1532 1760 1998 1999 2000 
13 
195 196 293 315 316 1067 1531 1532 1759 1760 1997 1999 2000 
5 
293 296 1997 1998 2000 
3 
1997 1998 1999 