
500 
4 
5 
2 3 4 1805 1806 
6 
1 3 4 1721 1724 1806 
6 
1 2 4 1724 1806 1807 
7 
1 2 3 1805 1806 1807 1808 
6 
6 7 8 125 1888 1985 
9 
5 7 8 125 126 1887 1888 1985 1986 
8 
5 6 8 127 128 914 1987 1988 
9 
5 6 7 128 554 913 914 1962 1988 
7 
10 11 12 965 968 1209 1212 
11 
9 11 12 965 966 967 968 1209 1210 1211 1212 
8 
9 10 12 534 967 968 1211 1212 
7 
9 10 11 533 534 968 1212 
5 
14 15 16 1750 1751 
5 
13 15 16 728 1204 
3 
13 14 16 
4 
13 14 15 1751 
5 
18 19 20 1275 1276 
4 
17 19 20 1275 
3 
17 18 20 
3 
17 18 19 
4 
22 23 24 1068 
7 
21 23 24 513 516 1067 1068 
6 
21 22 24 66 516 1049 
5 
21 22 23 65 66 
7 
26 27 28 215 216 955 956 
5 
25 27 28 215 955 
3 
25 26 28 
3 
25 26 27 
3 
30 31 32 
3 
29 31 32 
3 
29 30 32 
3 
29 30 31 
4 
34 35 36 670 
4 
33 35 36 1152 
3 
33 34 36 
4 
33 34 35 671 
4 
38 39 40 975 
4 
37 39 40 1564 
3 
37 38 40 
3 
37 38 39 
5 
42 43 44 241 244 
8 
41 43 44 241 242 243 244 1908 
5 
41 42 44 243 244 
4 
41 42 43 244 
4 
46 47 48 905 
5 
45 47 48 905 906 
9 
45 46 48 905 906 907 908 1945 1946 
6 
45 46 47 905 908 1945 
11 
50 51 52 237 238 239 240 525 1001 1004 1412 
13 
49 51 52 238 239 525 526 1001 1002 1003 1004 1411 1412 
12 
49 50 52 239 525 526 527 528 1003 1004 1305 1306 
9 
49 50 51 239 240 525 528 1004 1305 
5 
54 55 56 1451 1452 
5 
53 55 56 1364 1451 
6 
53 54 56 877 878 1629 
4 
53 54 55 877 
5 
58 59 60 1973 1976 
7 
57 59 60 1973 1974 1975 1976 
6 
57 58 60 1258 1975 1976 
6 
57 58 59 1257 1258 1976 
7 
62 63 64 548 731 732 1982 
6 
61 63 64 547 548 731 
3 
61 62 64 
5 
61 62 63 1982 1983 
4 
24 66 67 68 
7 
23 24 65 67 68 516 1049 
6 
65 66 68 1052 1737 1738 
4 
65 66 67 1737 
3 
70 71 72 
4 
69 71 72 180 
5 
69 70 72 461 1385 
3 
69 70 71 
4 
74 75 76 253 
5 
73 75 76 253 254 
8 
73 74 76 253 254 255 256 1793 
6 
73 74 75 253 256 1102 
5 
78 79 80 1493 1496 
7 
77 79 80 1493 1494 1495 1496 
5 
77 78 80 1495 1496 
4 
77 78 79 1496 
8 
82 83 84 909 910 1382 1383 1577 
7 
81 83 84 233 910 1577 1578 
9 
81 82 84 236 709 910 911 1579 1580 
9 
81 82 83 909 910 911 912 1383 1580 
5 
86 87 88 267 268 
5 
85 87 88 267 1764 
3 
85 86 88 
3 
85 86 87 
4 
90 91 92 906 
5 
89 91 92 1301 1993 
7 
89 90 92 1301 1304 1993 1996 
6 
89 90 91 906 907 1946 
7 
94 95 96 542 543 1333 1334 
6 
93 95 96 740 1334 1437 
8 
93 94 96 1334 1335 1374 1437 1440 
10 
93 94 95 543 1333 1334 1335 1336 1373 1374 
8 
98 99 100 298 1069 1162 1163 1816 
8 
97 99 100 625 1069 1070 1815 1816 
9 
97 98 100 625 628 1069 1070 1071 1072 
8 
97 98 99 298 299 1069 1072 1163 
7 
102 103 104 689 692 702 703 
7 
101 103 104 689 690 691 692 
5 
101 102 104 691 692 
5 
101 102 103 692 703 
7 
106 107 108 1694 1695 1845 1846 
4 
105 107 108 1846 
6 
105 106 108 333 1846 1847 
8 
105 106 107 1695 1845 1846 1847 1848 
9 
110 111 112 158 159 1259 1350 1898 1899 
5 
109 111 112 940 1989 
5 
109 110 112 1989 1992 
8 
109 110 111 159 1350 1351 1726 1899 
9 
114 115 116 272 605 606 607 608 1770 
7 
113 115 116 271 272 606 607 
6 
113 114 116 607 665 666 
8 
113 114 115 607 608 665 1770 1771 
7 
118 119 120 1482 1526 1853 1854 
4 
117 119 120 1854 
11 
117 118 120 313 314 845 846 1346 1854 1855 1966 
16 
117 118 119 313 845 1345 1346 1482 1483 1527 1853 1854 1855 1856 1965 1966 
5 
122 123 124 1363 1364 
5 
121 123 124 893 1363 
5 
121 122 124 896 1453 
4 
121 122 123 1630 
8 
5 6 126 127 128 1888 1985 1986 
7 
6 125 127 128 1887 1888 1986 
6 
7 125 126 128 1677 1987 
8 
7 8 125 126 127 914 1987 1988 
4 
130 131 132 643 
3 
129 131 132 
3 
129 130 132 
3 
129 130 131 
3 
134 135 136 
4 
133 135 136 1529 
7 
133 134 136 661 662 1529 1532 
5 
133 134 135 661 1366 
5 
138 139 140 1621 1624 
7 
137 139 140 1621 1622 1623 1624 
7 
137 138 140 1109 1110 1623 1624 
5 
137 138 139 1109 1624 
8 
142 143 144 657 660 1145 1645 1648 
16 
141 143 144 149 152 657 658 659 660 1100 1145 1146 1645 1646 1647 1648 
12 
141 142 144 152 659 660 1145 1146 1147 1148 1647 1648 
8 
141 142 143 270 660 1145 1148 1648 
10 
146 147 148 450 451 1405 1406 1407 1408 1490 
7 
145 147 148 1406 1407 1765 1768 
5 
145 146 148 1407 1768 
8 
145 146 147 451 1407 1408 1490 1491 
10 
142 150 151 152 658 1099 1100 1645 1646 1697 
9 
149 151 152 448 656 1099 1646 1697 1698 
9 
149 150 152 1146 1647 1697 1698 1699 1700 
12 
142 143 149 150 151 659 1145 1146 1647 1648 1697 1700 
3 
154 155 156 
3 
153 155 156 
3 
153 154 156 
3 
153 154 155 
9 
158 159 160 1259 1260 1897 1898 1899 1900 
7 
109 157 159 160 1259 1898 1899 
7 
109 112 157 158 160 1350 1899 
7 
157 158 159 1349 1350 1899 1900 
6 
162 163 164 889 890 1104 
7 
161 163 164 477 890 1103 1104 
11 
161 162 164 477 480 890 891 1141 1142 1801 1802 
11 
161 162 163 378 889 890 891 892 1141 1286 1801 
7 
166 167 168 1913 1914 1915 1916 
5 
165 167 168 1914 1915 
5 
165 166 168 858 1915 
8 
165 166 167 210 857 858 1915 1916 
3 
170 171 172 
4 
169 171 172 1901 
8 
169 170 172 674 1093 1094 1901 1904 
6 
169 170 171 673 674 1093 
3 
174 175 176 
5 
173 175 176 1413 1416 
4 
173 174 176 1416 
3 
173 174 175 
5 
178 179 180 1593 1596 
7 
177 179 180 1593 1594 1595 1596 
5 
177 178 180 1595 1596 
5 
70 177 178 179 1596 
6 
182 183 184 1266 1267 1932 
5 
181 183 184 1931 1932 
3 
181 182 184 
4 
181 182 183 1267 
3 
186 187 188 
3 
185 187 188 
3 
185 186 188 
3 
185 186 187 
3 
190 191 192 
4 
189 191 192 472 
3 
189 190 192 
3 
189 190 191 
5 
194 195 196 395 396 
4 
193 195 196 395 
4 
193 194 196 501 
3 
193 194 195 
8 
198 199 200 309 310 1226 1227 1431 
4 
197 199 200 310 
5 
197 198 200 310 311 
8 
197 198 199 309 310 311 312 1227 
4 
202 203 204 865 
5 
201 203 204 865 866 
7 
201 202 204 865 866 867 868 
5 
201 202 203 865 868 
4 
206 207 208 1682 
3 
205 207 208 
3 
205 206 208 
5 
205 206 207 1682 1683 
7 
210 211 212 434 797 857 1916 
10 
168 209 211 212 797 798 857 858 1915 1916 
12 
209 210 212 290 797 798 799 800 857 858 859 860 
11 
209 210 211 289 290 434 435 797 800 857 860 
5 
214 215 216 953 956 
7 
213 215 216 953 954 955 956 
7 
25 26 213 214 216 955 956 
5 
25 213 214 215 956 
5 
218 219 220 615 616 
4 
217 219 220 615 
3 
217 218 220 
3 
217 218 219 
9 
222 223 224 465 625 626 627 628 1071 
9 
221 223 224 465 466 561 564 626 627 
9 
221 222 224 465 466 467 468 564 627 
7 
221 222 223 465 468 627 628 
11 
226 227 228 553 556 1338 1339 1557 1558 1961 1964 
14 
225 227 228 553 554 555 556 913 916 1558 1961 1962 1963 1964 
10 
225 226 228 555 556 916 1558 1559 1963 1964 
11 
225 226 227 556 686 1339 1557 1558 1559 1560 1964 
4 
230 231 232 921 
6 
229 231 232 921 922 1716 
7 
229 230 232 921 922 923 924 
5 
229 230 231 921 924 
7 
82 234 235 236 910 1577 1578 
4 
233 235 236 1578 
6 
233 234 236 709 710 1579 
9 
83 233 234 235 709 910 911 1579 1580 
10 
49 238 239 240 1001 1240 1412 1455 1456 1664 
14 
49 50 237 239 240 1001 1002 1239 1240 1411 1412 1455 1663 1664 
15 
49 50 51 52 237 238 240 525 526 1001 1002 1003 1004 1305 1306 
9 
49 52 237 238 239 525 1001 1004 1305 
5 
41 42 242 243 244 
5 
42 241 243 244 1908 
5 
42 43 241 242 244 
7 
41 42 43 44 241 242 243 
3 
246 247 248 
3 
245 247 248 
3 
245 246 248 
3 
245 246 247 
8 
250 251 252 633 634 1691 1692 1892 
6 
249 251 252 634 1691 1891 
5 
249 250 252 634 635 
8 
249 250 251 598 633 634 635 636 
7 
73 74 75 76 254 255 256 
5 
74 75 253 255 256 
6 
75 253 254 256 1793 1794 
7 
75 76 253 254 255 1102 1793 
3 
258 259 260 
3 
257 259 260 
4 
257 258 260 1194 
5 
257 258 259 1193 1194 
3 
262 263 264 
3 
261 263 264 
3 
261 262 264 
3 
261 262 263 
3 
266 267 268 
5 
265 267 268 1761 1764 
6 
85 86 265 266 268 1764 
4 
85 265 266 267 
4 
270 271 272 875 
7 
144 269 271 272 660 1145 1148 
6 
114 269 270 272 606 1148 
7 
113 114 269 270 271 605 606 
3 
274 275 276 
3 
273 275 276 
3 
273 274 276 
3 
273 274 275 
7 
278 279 280 478 479 1802 1803 
3 
277 279 280 
3 
277 278 280 
6 
277 278 279 479 870 1803 
6 
282 283 284 1022 1505 1573 
7 
281 283 284 1505 1506 1573 1574 
13 
281 282 284 957 958 1505 1506 1507 1508 1573 1574 1575 1576 
10 
281 282 283 957 1022 1023 1505 1508 1573 1576 
5 
286 287 288 570 571 
3 
285 287 288 
3 
285 286 288 
4 
285 286 287 571 
8 
212 290 291 292 435 436 797 800 
12 
211 212 289 291 292 435 797 798 799 800 860 1013 
10 
289 290 292 342 425 426 799 800 1013 1016 
7 
289 290 291 341 342 425 800 
11 
294 295 296 1045 1046 1047 1048 1989 1990 1991 1992 
7 
293 295 296 1046 1047 1990 1991 
5 
293 294 296 1047 1991 
8 
293 294 295 1047 1048 1434 1991 1992 
4 
298 299 300 1164 
8 
97 100 297 299 300 1163 1164 1816 
4 
100 297 298 300 
3 
297 298 299 
4 
302 303 304 1604 
5 
301 303 304 1603 1604 
4 
301 302 304 1841 
4 
301 302 303 1546 
3 
306 307 308 
3 
305 307 308 
5 
305 306 308 1625 1626 
4 
305 306 307 1625 
6 
197 200 310 311 312 1227 
7 
197 198 199 200 309 311 312 
10 
199 200 309 310 312 1237 1238 1661 1662 1758 
9 
200 309 310 311 894 1237 1661 1757 1758 
22 
119 120 314 315 316 845 846 847 848 1345 1346 1347 1348 1482 1483 1527 1855 1856 1965 1966 1967 1968 
11 
119 313 315 316 846 847 1346 1347 1855 1966 1967 
6 
313 314 316 847 1347 1967 
10 
313 314 315 847 848 1347 1348 1483 1967 1968 
5 
318 319 320 1073 1074 
4 
317 319 320 1074 
5 
317 318 320 1074 1075 
7 
317 318 319 1073 1074 1075 1076 
5 
322 323 324 855 1812 
5 
321 323 324 1811 1812 
3 
321 322 324 
3 
321 322 323 
3 
326 327 328 
4 
325 327 328 668 
3 
325 326 328 
3 
325 326 327 
6 
330 331 332 677 1120 1470 
7 
329 331 332 677 678 1119 1120 
7 
329 330 332 677 678 679 680 
6 
329 330 331 677 680 1471 
5 
107 334 335 336 1847 
6 
333 335 336 508 1953 1956 
4 
333 334 336 1956 
3 
333 334 335 
5 
338 339 340 1774 1775 
4 
337 339 340 1169 
5 
337 338 340 1169 1172 
4 
337 338 339 1775 
4 
292 342 343 344 
9 
291 292 341 343 344 425 428 1013 1016 
5 
341 342 344 428 1016 
3 
341 342 343 
4 
346 347 348 1356 
6 
345 347 348 789 1355 1356 
4 
345 346 348 792 
3 
345 346 347 
7 
350 351 352 1701 1702 1703 1704 
5 
349 351 352 1702 1703 
5 
349 350 352 498 1703 
7 
349 350 351 497 498 1703 1704 
7 
354 355 356 361 362 363 364 
5 
353 355 356 362 363 
4 
353 354 356 363 
5 
353 354 355 363 364 
5 
358 359 360 566 567 
6 
357 359 360 909 1381 1384 
7 
357 358 360 909 912 1384 1778 
6 
357 358 359 567 1777 1778 
4 
353 362 363 364 
5 
353 354 361 363 364 
7 
353 354 355 356 361 362 364 
5 
353 356 361 362 363 
3 
366 367 368 
5 
365 367 368 1585 1588 
4 
365 366 368 1588 
3 
365 366 367 
3 
370 371 372 
3 
369 371 372 
3 
369 370 372 
3 
369 370 371 
3 
374 375 376 
3 
373 375 376 
3 
373 374 376 
5 
373 374 375 994 1654 
5 
378 379 380 1285 1288 
10 
164 377 379 380 892 1141 1285 1286 1287 1288 
9 
377 378 380 581 1144 1287 1288 1317 1318 
5 
377 378 379 1288 1317 
4 
382 383 384 652 
7 
381 383 384 651 652 1417 1420 
4 
381 382 384 1420 
3 
381 382 383 
3 
386 387 388 
3 
385 387 388 
3 
385 386 388 
3 
385 386 387 
4 
390 391 392 1183 
3 
389 391 392 
4 
389 390 392 825 
3 
389 390 391 
3 
394 395 396 
4 
393 395 396 1292 
5 
193 194 393 394 396 
4 
193 393 394 395 
3 
398 399 400 
3 
397 399 400 
7 
397 398 400 1329 1330 1509 1510 
5 
397 398 399 1329 1509 
3 
402 403 404 
3 
401 403 404 
3 
401 402 404 
3 
401 402 403 
9 
406 407 408 1669 1670 1671 1672 1789 1792 
10 
405 407 408 1536 1670 1671 1789 1790 1791 1792 
6 
405 406 408 1671 1791 1792 
6 
405 406 407 1671 1672 1792 
3 
410 411 412 
3 
409 411 412 
4 
409 410 412 1933 
3 
409 410 411 
3 
414 415 416 
3 
413 415 416 
3 
413 414 416 
3 
413 414 415 
5 
418 419 420 641 644 
7 
417 419 420 641 642 643 644 
5 
417 418 420 643 644 
4 
417 418 419 644 
6 
422 423 424 602 603 1668 
5 
421 423 424 1667 1668 
3 
421 422 424 
4 
421 422 423 603 
8 
291 292 342 426 427 428 1013 1016 
8 
291 425 427 428 1013 1014 1015 1016 
5 
425 426 428 1015 1016 
6 
342 343 425 426 427 1016 
3 
430 431 432 
3 
429 431 432 
4 
429 430 432 1586 
5 
429 430 431 1585 1586 
3 
434 435 436 
8 
209 212 433 435 436 797 857 860 
10 
212 289 290 433 434 436 797 800 860 1013 
4 
289 433 434 435 
5 
438 439 440 1969 1970 
4 
437 439 440 1970 
6 
437 438 440 1745 1970 1971 
7 
437 438 439 1969 1970 1971 1972 
5 
442 443 444 1155 1156 
4 
441 443 444 1155 
3 
441 442 444 
3 
441 442 443 
7 
446 447 448 653 654 1098 1375 
5 
445 447 448 572 654 
7 
445 446 448 654 655 681 1698 
12 
150 445 446 447 653 654 655 656 1098 1099 1697 1698 
5 
450 451 452 1405 1408 
8 
145 449 451 452 1405 1406 1407 1408 
8 
145 148 449 450 452 1407 1408 1490 
6 
449 450 451 1408 1489 1490 
4 
454 455 456 1491 
3 
453 455 456 
3 
453 454 456 
3 
453 454 455 
3 
458 459 460 
3 
457 459 460 
3 
457 458 460 
3 
457 458 459 
6 
71 462 463 464 1385 1388 
9 
461 463 464 1385 1386 1387 1388 1641 1644 
6 
461 462 464 1387 1388 1644 
4 
461 462 463 1388 
11 
221 222 223 224 466 467 468 564 626 627 1071 
8 
222 223 465 467 468 563 564 984 
5 
223 465 466 468 1118 
8 
223 224 465 466 467 627 1117 1118 
8 
470 471 472 624 1278 1279 1999 2000 
6 
469 471 472 623 624 1999 
3 
469 470 472 
5 
190 469 470 471 1279 
5 
474 475 476 1711 1712 
4 
473 475 476 1711 
4 
473 474 476 537 
3 
473 474 475 
10 
162 163 478 479 480 890 891 1142 1801 1802 
6 
277 477 479 480 1796 1802 
7 
277 280 477 478 480 1802 1803 
11 
163 477 478 479 891 1142 1143 1801 1802 1803 1804 
5 
482 483 484 669 672 
7 
481 483 484 669 670 671 672 
6 
481 482 484 671 672 1313 
4 
481 482 483 672 
3 
486 487 488 
4 
485 487 488 1184 
3 
485 486 488 
3 
485 486 487 
4 
490 491 492 544 
5 
489 491 492 543 544 
3 
489 490 492 
4 
489 490 491 1126 
3 
494 495 496 
3 
493 495 496 
3 
493 494 496 
3 
493 494 495 
4 
352 498 499 500 
5 
351 352 497 499 500 
5 
497 498 500 1249 1250 
4 
497 498 499 1249 
4 
195 502 503 504 
4 
501 503 504 1300 
3 
501 502 504 
3 
501 502 503 
6 
506 507 508 1021 1927 1928 
6 
505 507 508 1021 1022 1927 
9 
505 506 508 1021 1022 1023 1024 1953 1954 
7 
334 505 506 507 1021 1024 1953 
3 
510 511 512 
5 
509 511 512 757 760 
4 
509 510 512 760 
3 
509 510 511 
6 
22 514 515 516 1067 1068 
4 
513 515 516 1067 
7 
513 514 516 1049 1050 1617 1618 
8 
22 23 66 513 514 515 1049 1617 
3 
518 519 520 
3 
517 519 520 
3 
517 518 520 
3 
517 518 519 
3 
522 523 524 
4 
521 523 524 741 
6 
521 522 524 741 744 1422 
6 
521 522 523 1421 1422 1634 
13 
49 50 51 52 239 240 526 527 528 1001 1004 1305 1306 
11 
50 51 239 525 527 528 1001 1002 1003 1004 1306 
8 
51 525 526 528 1003 1004 1306 1307 
10 
51 52 525 526 527 1004 1305 1306 1307 1308 
6 
530 531 532 678 679 1732 
6 
529 531 532 1173 1731 1732 
5 
529 530 532 1173 1176 
4 
529 530 531 679 
5 
12 534 535 536 1212 
7 
11 12 533 535 536 1211 1212 
4 
533 534 536 601 
3 
533 534 535 
4 
475 538 539 540 
3 
537 539 540 
3 
537 538 540 
3 
537 538 539 
3 
542 543 544 
4 
93 541 543 544 
8 
93 96 490 541 542 544 1333 1373 
5 
489 490 541 542 543 
7 
546 547 548 729 730 1619 1676 
6 
545 547 548 730 1675 1676 
6 
62 545 546 548 730 731 
9 
61 62 545 546 547 729 730 731 732 
5 
550 551 552 1106 1399 
3 
549 551 552 
3 
549 550 552 
5 
549 550 551 1106 1107 
6 
225 226 554 555 556 1961 
9 
8 226 553 555 556 913 1961 1962 1988 
10 
226 227 553 554 556 913 916 1558 1963 1964 
10 
225 226 227 228 553 554 555 1557 1558 1964 
4 
558 559 560 682 
4 
557 559 560 1393 
5 
557 558 560 1393 1396 
5 
557 558 559 682 683 
6 
222 562 563 564 626 981 
5 
561 563 564 981 982 
6 
466 561 562 564 983 984 
10 
222 223 465 466 561 562 563 626 627 984 
3 
566 567 568 
4 
357 565 567 568 
5 
357 360 565 566 568 
4 
565 566 567 1638 
4 
570 571 572 1439 
4 
285 569 571 572 
5 
285 288 569 570 572 
5 
446 569 570 571 654 
4 
574 575 576 1423 
3 
573 575 576 
3 
573 574 576 
3 
573 574 575 
3 
578 579 580 
3 
577 579 580 
3 
577 578 580 
3 
577 578 579 
10 
379 582 583 584 869 872 1317 1318 1319 1320 
9 
581 583 584 869 870 871 872 1318 1319 
7 
581 582 584 871 872 1026 1319 
8 
581 582 583 872 1025 1026 1319 1320 
3 
586 587 588 
3 
585 587 588 
3 
585 586 588 
3 
585 586 587 
9 
590 591 592 1033 1034 1035 1036 1058 1059 
5 
589 591 592 1034 1035 
5 
589 590 592 929 1035 
6 
589 590 591 1035 1036 1059 
6 
594 595 596 769 772 900 
10 
593 595 596 769 770 771 772 836 899 900 
5 
593 594 596 771 772 
4 
593 594 595 772 
3 
598 599 600 
5 
252 597 599 600 636 
3 
597 598 600 
3 
597 598 599 
4 
535 602 603 604 
5 
421 601 603 604 1668 
5 
421 424 601 602 604 
4 
601 602 603 694 
7 
113 272 606 607 608 1769 1770 
8 
113 114 271 272 605 607 608 1770 
10 
113 114 115 116 605 606 608 665 1770 1771 
9 
113 116 605 606 607 1769 1770 1771 1772 
6 
610 611 612 1241 1242 1312 
6 
609 611 612 1242 1311 1312 
5 
609 610 612 1242 1243 
7 
609 610 611 1241 1242 1243 1244 
4 
614 615 616 1842 
3 
613 615 616 
5 
217 218 613 614 616 
6 
217 613 614 615 1842 1843 
3 
618 619 620 
3 
617 619 620 
4 
617 618 620 1642 
5 
617 618 619 1641 1642 
5 
622 623 624 1997 1998 
4 
621 623 624 1998 
6 
470 621 622 624 1998 1999 
9 
469 470 621 622 623 1997 1998 1999 2000 
10 
98 99 221 626 627 628 1069 1070 1071 1072 
10 
221 222 465 561 564 625 627 628 1070 1071 
11 
221 222 223 224 465 468 564 625 626 628 1071 
8 
99 221 224 625 626 627 1071 1072 
3 
630 631 632 
3 
629 631 632 
3 
629 630 632 
3 
629 630 631 
8 
249 252 634 635 636 1691 1692 1892 
10 
249 250 251 252 633 635 636 1691 1891 1892 
5 
251 252 633 634 636 
5 
252 598 633 634 635 
5 
638 639 640 1401 1404 
7 
637 639 640 1401 1402 1403 1404 
7 
637 638 640 934 1403 1404 1517 
6 
637 638 639 933 934 1404 
5 
417 418 642 643 644 
4 
418 641 643 644 
6 
129 418 419 641 642 644 
7 
417 418 419 420 641 642 643 
10 
646 647 648 717 720 813 977 980 1613 1614 
14 
645 647 648 717 718 719 720 813 814 977 978 979 980 1614 
14 
645 646 648 719 720 813 814 815 816 979 980 1006 1614 1615 
13 
645 646 647 720 813 816 980 1005 1006 1613 1614 1615 1616 
3 
650 651 652 
3 
649 651 652 
6 
382 649 650 652 1417 1418 
6 
381 382 649 650 651 1417 
6 
445 448 654 655 656 1098 
8 
445 446 447 448 572 653 655 656 
7 
447 448 653 654 656 681 1698 
9 
150 448 653 654 655 1098 1099 1697 1698 
6 
141 142 658 659 660 1645 
8 
142 149 657 659 660 1100 1645 1646 
10 
142 143 152 657 658 660 1145 1146 1647 1648 
10 
141 142 143 144 270 657 658 659 1145 1648 
6 
135 136 662 663 664 1366 
6 
135 661 663 664 1529 1532 
5 
661 662 664 721 1532 
5 
661 662 663 1366 1367 
8 
115 116 607 666 667 668 1770 1771 
4 
115 665 667 668 
3 
665 666 668 
5 
326 665 666 667 1771 
5 
481 482 670 671 672 
5 
33 482 669 671 672 
6 
36 482 483 669 670 672 
7 
481 482 483 484 669 670 671 
4 
172 674 675 676 
6 
171 172 673 675 676 1093 
4 
673 674 676 1096 
3 
673 674 675 
11 
329 330 331 332 678 679 680 1119 1120 1470 1471 
7 
330 331 529 677 679 680 1119 
6 
331 529 532 677 678 680 
6 
331 332 677 678 679 1471 
6 
447 655 682 683 684 1698 
5 
557 560 681 683 684 
4 
560 681 682 684 
5 
681 682 683 1698 1699 
7 
686 687 688 1339 1340 1557 1560 
9 
228 685 687 688 1339 1557 1558 1559 1560 
5 
685 686 688 1559 1560 
4 
685 686 687 1560 
7 
101 102 690 691 692 702 703 
4 
102 689 691 692 
5 
102 103 689 690 692 
8 
101 102 103 104 689 690 691 703 
3 
694 695 696 
4 
604 693 695 696 
5 
693 694 696 941 942 
4 
693 694 695 941 
4 
698 699 700 746 
3 
697 699 700 
4 
697 698 700 793 
5 
697 698 699 746 747 
5 
702 703 704 1134 1135 
5 
101 689 701 703 704 
7 
101 104 689 692 701 702 704 
5 
701 702 703 1135 1594 
3 
706 707 708 
5 
705 707 708 1313 1316 
4 
705 706 708 1316 
3 
705 706 707 
8 
83 235 236 710 711 712 1514 1579 
4 
235 709 711 712 
3 
709 710 712 
5 
709 710 711 1514 1515 
3 
714 715 716 
4 
713 715 716 1125 
5 
713 714 716 1125 1128 
3 
713 714 715 
11 
645 646 718 719 720 813 814 977 978 979 980 
9 
646 717 719 720 814 978 979 989 992 
9 
646 647 717 718 720 814 815 979 992 
15 
645 646 647 648 717 718 719 813 814 815 816 979 980 1006 1614 
8 
663 722 723 724 1321 1324 1531 1532 
8 
721 723 724 1321 1322 1323 1324 1531 
5 
721 722 724 1323 1324 
4 
721 722 723 1324 
4 
726 727 728 1201 
5 
725 727 728 1201 1202 
5 
725 726 728 1203 1204 
5 
14 725 726 727 1204 
9 
545 548 730 731 732 1050 1051 1619 1620 
9 
545 546 547 548 729 731 732 1619 1676 
7 
61 62 547 548 729 730 732 
6 
61 548 729 730 731 1051 
3 
734 735 736 
4 
733 735 736 1969 
5 
733 734 736 1969 1972 
3 
733 734 735 
5 
738 739 740 1027 1028 
4 
737 739 740 1027 
4 
737 738 740 1438 
7 
94 737 738 739 1334 1437 1438 
5 
522 523 742 743 744 
5 
741 743 744 756 1261 
5 
741 742 744 1261 1264 
4 
523 741 742 743 
7 
746 747 748 1207 1208 1535 1536 
7 
697 700 745 747 748 1207 1535 
4 
700 745 746 748 
3 
745 746 747 
3 
750 751 752 
3 
749 751 752 
3 
749 750 752 
3 
749 750 751 
3 
754 755 756 
3 
753 755 756 
5 
753 754 756 1261 1262 
5 
742 753 754 755 1261 
4 
510 758 759 760 
3 
757 759 760 
3 
757 758 760 
5 
510 511 757 758 759 
4 
762 763 764 998 
3 
761 763 764 
3 
761 762 764 
5 
761 762 763 998 999 
3 
766 767 768 
3 
765 767 768 
3 
765 766 768 
3 
765 766 767 
6 
593 594 770 771 772 900 
7 
594 769 771 772 836 899 900 
5 
594 595 769 770 772 
7 
593 594 595 596 769 770 771 
3 
774 775 776 
5 
773 775 776 1389 1392 
5 
773 774 776 1009 1392 
3 
773 774 775 
3 
778 779 780 
3 
777 779 780 
3 
777 778 780 
3 
777 778 779 
3 
782 783 784 
3 
781 783 784 
4 
781 782 784 1657 
3 
781 782 783 
6 
786 787 788 1679 1680 1710 
4 
785 787 788 1679 
3 
785 786 788 
5 
785 786 787 1710 1711 
6 
346 790 791 792 1355 1356 
4 
789 791 792 1355 
3 
789 790 792 
4 
347 789 790 791 
4 
699 794 795 796 
3 
793 795 796 
3 
793 794 796 
3 
793 794 795 
13 
209 210 211 212 289 290 434 435 798 799 800 857 860 
10 
210 211 290 797 799 800 857 858 859 860 
10 
211 290 291 797 798 800 859 860 1013 1014 
12 
211 212 289 290 291 292 435 797 798 799 860 1013 
7 
802 803 804 1865 1866 1867 1868 
5 
801 803 804 1866 1867 
4 
801 802 804 1867 
5 
801 802 803 1867 1868 
5 
806 807 808 1747 1748 
4 
805 807 808 1747 
3 
805 806 808 
3 
805 806 807 
3 
810 811 812 
3 
809 811 812 
3 
809 810 812 
3 
809 810 811 
14 
645 646 647 648 717 720 814 815 816 980 1005 1006 1613 1614 
13 
646 647 717 718 719 720 813 815 816 979 980 1006 1614 
10 
647 719 720 813 814 816 1006 1007 1614 1615 
14 
647 648 720 813 814 815 1005 1006 1007 1008 1613 1614 1615 1616 
5 
818 819 820 1894 1895 
3 
817 819 820 
3 
817 818 820 
4 
817 818 819 1895 
6 
822 823 824 963 964 1447 
6 
821 823 824 917 963 988 
5 
821 822 824 917 920 
3 
821 822 823 
4 
391 826 827 828 
3 
825 827 828 
4 
825 826 828 1218 
5 
825 826 827 1217 1218 
3 
830 831 832 
3 
829 831 832 
3 
829 830 832 
3 
829 830 831 
7 
834 835 836 897 898 899 900 
5 
833 835 836 898 899 
4 
833 834 836 899 
7 
594 770 833 834 835 899 900 
3 
838 839 840 
5 
837 839 840 1817 1820 
4 
837 838 840 1820 
3 
837 838 839 
7 
842 843 844 1949 1950 1951 1952 
5 
841 843 844 1950 1951 
4 
841 842 844 1951 
5 
841 842 843 1951 1952 
17 
119 120 313 846 847 848 1345 1346 1482 1483 1527 1853 1854 1855 1856 1965 1966 
10 
119 313 314 845 847 848 1346 1854 1855 1966 
11 
313 314 315 316 845 846 848 1347 1855 1966 1967 
14 
313 316 845 846 847 1347 1348 1483 1855 1856 1965 1966 1967 1968 
4 
850 851 852 1044 
5 
849 851 852 1043 1044 
3 
849 850 852 
3 
849 850 851 
4 
854 855 856 954 
4 
853 855 856 1809 
5 
321 853 854 856 1812 
5 
853 854 855 954 955 
11 
168 209 210 211 212 434 797 798 858 859 860 
8 
167 168 210 211 798 857 859 860 
7 
211 798 799 857 858 860 1014 
13 
211 212 290 434 435 797 798 799 800 857 858 859 1013 
3 
862 863 864 
4 
861 863 864 1057 
5 
861 862 864 1057 1060 
3 
861 862 863 
7 
201 202 203 204 866 867 868 
5 
202 203 865 867 868 
5 
203 865 866 868 1694 
7 
203 204 865 866 867 1693 1694 
9 
581 582 870 871 872 1143 1144 1318 1804 
8 
280 582 869 871 872 1143 1803 1804 
5 
582 583 869 870 872 
9 
581 582 583 584 869 870 871 1318 1319 
3 
874 875 876 
3 
873 875 876 
4 
269 873 874 876 
3 
873 874 875 
5 
55 56 878 879 880 
6 
55 877 879 880 1629 1632 
4 
877 878 880 1632 
3 
877 878 879 
6 
882 883 884 1223 1224 1681 
6 
881 883 884 1223 1681 1682 
7 
881 882 884 1681 1682 1683 1684 
5 
881 882 883 1681 1684 
3 
886 887 888 
5 
885 887 888 969 972 
4 
885 886 888 972 
3 
885 886 887 
6 
161 164 890 891 892 1104 
10 
161 162 163 164 477 889 891 892 1103 1104 
11 
163 164 477 480 889 890 892 1141 1142 1286 1801 
8 
164 378 889 890 891 1141 1285 1286 
5 
122 894 895 896 1363 
7 
312 893 895 896 1237 1661 1757 
12 
893 894 896 1237 1240 1409 1453 1454 1661 1664 1757 1760 
5 
123 893 894 895 1453 
4 
833 898 899 900 
5 
833 834 897 899 900 
9 
594 770 833 834 835 836 897 898 900 
9 
593 594 769 770 833 836 897 898 899 
5 
902 903 904 919 920 
4 
901 903 904 919 
3 
901 902 904 
3 
901 902 903 
7 
45 46 47 48 906 907 908 
7 
46 47 89 92 905 907 908 
7 
47 92 905 906 908 1945 1946 
7 
47 48 905 906 907 1478 1945 
11 
81 84 358 359 910 911 912 1383 1384 1577 1580 
14 
81 82 83 84 233 236 909 911 912 1383 1577 1578 1579 1580 
10 
83 84 236 909 910 912 1513 1514 1579 1580 
7 
84 359 909 910 911 1513 1580 
12 
8 226 554 555 914 915 916 1961 1962 1963 1964 1988 
10 
7 8 128 913 915 916 1962 1963 1987 1988 
4 
913 914 916 1963 
9 
226 227 555 913 914 915 1558 1963 1964 
7 
822 823 918 919 920 987 988 
4 
917 919 920 987 
5 
901 902 917 918 920 
5 
823 901 917 918 919 
7 
229 230 231 232 922 923 924 
5 
230 231 921 923 924 
4 
231 921 922 924 
5 
231 232 921 922 923 
3 
926 927 928 
3 
925 927 928 
3 
925 926 928 
3 
925 926 927 
4 
591 930 931 932 
3 
929 931 932 
3 
929 930 932 
4 
929 930 931 1310 
5 
640 934 935 936 1404 
8 
639 640 933 935 936 1403 1404 1517 
5 
933 934 936 1517 1520 
3 
933 934 935 
3 
938 939 940 
3 
937 939 940 
3 
937 938 940 
4 
110 937 938 939 
5 
695 696 942 943 944 
4 
695 941 943 944 
4 
941 942 944 1538 
4 
941 942 943 1537 
7 
946 947 948 1293 1294 1295 1296 
5 
945 947 948 1294 1295 
4 
945 946 948 1295 
5 
945 946 947 1295 1296 
5 
950 951 952 1937 1938 
5 
949 951 952 1653 1938 
7 
949 950 952 1653 1656 1938 1939 
7 
949 950 951 1937 1938 1939 1940 
5 
213 214 954 955 956 
6 
214 853 856 953 955 956 
8 
25 26 214 215 856 953 954 956 
8 
25 213 214 215 216 953 954 955 
9 
283 284 958 959 960 1023 1505 1508 1576 
10 
283 957 959 960 1505 1506 1507 1508 1575 1576 
5 
957 958 960 1507 1508 
4 
957 958 959 1508 
5 
962 963 964 1196 1446 
6 
961 963 964 985 1195 1196 
7 
821 822 961 962 964 985 988 
6 
821 961 962 963 1446 1447 
7 
9 10 966 967 968 1209 1210 
5 
10 965 967 968 1210 
7 
10 11 965 966 968 1210 1211 
11 
9 10 11 12 965 966 967 1209 1210 1211 1212 
4 
886 970 971 972 
3 
969 971 972 
3 
969 970 972 
5 
886 887 969 970 971 
4 
974 975 976 1944 
5 
973 975 976 1943 1944 
4 
37 973 974 976 
4 
973 974 975 1442 
6 
645 646 717 978 979 980 
8 
646 717 718 977 979 980 989 992 
12 
646 647 717 718 719 720 814 977 978 980 992 1006 
14 
645 646 647 648 717 720 813 814 977 978 979 1005 1006 1614 
5 
561 562 982 983 984 
4 
562 981 983 984 
4 
563 981 982 984 
6 
466 563 564 981 982 983 
5 
962 963 986 987 988 
3 
985 987 988 
5 
917 918 985 986 988 
6 
822 917 963 985 986 987 
5 
718 978 990 991 992 
3 
989 991 992 
3 
989 990 992 
7 
718 719 978 979 989 990 991 
5 
994 995 996 1653 1654 
5 
376 993 995 996 1654 
5 
993 994 996 1654 1655 
7 
993 994 995 1653 1654 1655 1656 
3 
998 999 1000 
5 
761 764 997 999 1000 
4 
764 997 998 1000 
3 
997 998 999 
13 
49 50 237 238 239 240 525 526 1002 1003 1004 1411 1412 
8 
50 238 239 526 1001 1003 1004 1411 
9 
50 51 239 526 527 1001 1002 1004 1306 
15 
49 50 51 52 239 240 525 526 527 528 1001 1002 1003 1305 1306 
11 
648 813 816 980 1006 1007 1008 1613 1614 1615 1616 
14 
647 648 720 813 814 815 816 979 980 1005 1007 1008 1614 1615 
6 
815 816 1005 1006 1008 1615 
6 
816 1005 1006 1007 1615 1616 
6 
775 1010 1011 1012 1391 1392 
4 
1009 1011 1012 1391 
3 
1009 1010 1012 
3 
1009 1010 1011 
12 
290 291 342 425 426 435 799 800 860 1014 1015 1016 
6 
426 799 859 1013 1015 1016 
5 
426 427 1013 1014 1016 
10 
291 342 343 425 426 427 428 1013 1014 1015 
3 
1018 1019 1020 
3 
1017 1019 1020 
3 
1017 1018 1020 
3 
1017 1018 1019 
9 
505 506 507 508 1022 1023 1024 1953 1954 
10 
281 284 506 507 1021 1023 1024 1573 1576 1954 
9 
284 507 957 1021 1022 1024 1576 1954 1955 
9 
507 508 1021 1022 1023 1953 1954 1955 1956 
4 
584 1026 1027 1028 
5 
583 584 1025 1027 1028 
5 
737 738 1025 1026 1028 
4 
737 1025 1026 1027 
3 
1030 1031 1032 
3 
1029 1031 1032 
3 
1029 1030 1032 
3 
1029 1030 1031 
6 
589 1034 1035 1036 1057 1058 
6 
589 590 1033 1035 1036 1058 
9 
589 590 591 592 1033 1034 1036 1058 1059 
9 
589 592 1033 1034 1035 1057 1058 1059 1060 
7 
1038 1039 1040 1137 1138 1139 1140 
5 
1037 1039 1040 1138 1139 
4 
1037 1038 1040 1139 
5 
1037 1038 1039 1139 1140 
5 
1042 1043 1044 1959 1960 
4 
1041 1043 1044 1959 
4 
850 1041 1042 1044 
5 
849 850 1041 1042 1043 
6 
293 1046 1047 1048 1989 1990 
6 
293 294 1045 1047 1048 1990 
8 
293 294 295 296 1045 1046 1048 1991 
7 
293 296 1045 1046 1047 1991 1992 
9 
23 66 515 516 1050 1051 1052 1617 1620 
9 
515 729 1049 1051 1052 1617 1618 1619 1620 
7 
729 732 1049 1050 1052 1619 1620 
6 
67 1049 1050 1051 1620 1738 
3 
1054 1055 1056 
3 
1053 1055 1056 
3 
1053 1054 1056 
3 
1053 1054 1055 
7 
862 863 1033 1036 1058 1059 1060 
8 
589 1033 1034 1035 1036 1057 1059 1060 
7 
589 592 1035 1036 1057 1058 1060 
5 
863 1036 1057 1058 1059 
4 
1062 1063 1064 1840 
6 
1061 1063 1064 1839 1840 1920 
3 
1061 1062 1064 
3 
1061 1062 1063 
3 
1066 1067 1068 
3 
1065 1067 1068 
6 
22 513 514 1065 1066 1068 
6 
21 22 513 1065 1066 1067 
10 
97 98 99 100 625 1070 1071 1072 1815 1816 
8 
98 99 625 626 1069 1071 1072 1815 
10 
99 221 465 625 626 627 628 1069 1070 1072 
7 
99 100 625 628 1069 1070 1071 
5 
317 320 1074 1075 1076 
7 
317 318 319 320 1073 1075 1076 
5 
319 320 1073 1074 1076 
4 
320 1073 1074 1075 
3 
1078 1079 1080 
4 
1077 1079 1080 1660 
3 
1077 1078 1080 
3 
1077 1078 1079 
3 
1082 1083 1084 
3 
1081 1083 1084 
3 
1081 1082 1084 
3 
1081 1082 1083 
3 
1086 1087 1088 
3 
1085 1087 1088 
4 
1085 1086 1088 1926 
5 
1085 1086 1087 1925 1926 
3 
1090 1091 1092 
3 
1089 1091 1092 
3 
1089 1090 1092 
3 
1089 1090 1091 
7 
171 172 674 1094 1095 1096 1904 
6 
171 1093 1095 1096 1903 1904 
3 
1093 1094 1096 
4 
675 1093 1094 1095 
3 
1098 1099 1100 
7 
445 448 653 656 1097 1099 1100 
10 
149 150 448 656 1097 1098 1100 1646 1697 1698 
9 
142 149 658 1097 1098 1099 1645 1646 1697 
3 
1102 1103 1104 
5 
76 256 1101 1103 1104 
5 
162 890 1101 1102 1104 
7 
161 162 889 890 1101 1102 1103 
7 
1106 1107 1108 1400 1494 1590 1591 
7 
549 552 1105 1107 1108 1399 1400 
4 
552 1105 1106 1108 
6 
1105 1106 1107 1494 1495 1591 
5 
139 140 1110 1111 1112 
4 
139 1109 1111 1112 
3 
1109 1110 1112 
3 
1109 1110 1111 
3 
1114 1115 1116 
3 
1113 1115 1116 
3 
1113 1114 1116 
4 
1113 1114 1115 1930 
4 
468 1118 1119 1120 
5 
467 468 1117 1119 1120 
6 
330 677 678 1117 1118 1120 
7 
329 330 677 1117 1118 1119 1470 
3 
1122 1123 1124 
3 
1121 1123 1124 
3 
1121 1122 1124 
3 
1121 1122 1123 
5 
714 715 1126 1127 1128 
4 
492 1125 1127 1128 
3 
1125 1126 1128 
4 
715 1125 1126 1127 
3 
1130 1131 1132 
4 
1129 1131 1132 1185 
5 
1129 1130 1132 1185 1188 
3 
1129 1130 1131 
3 
1134 1135 1136 
4 
701 1133 1135 1136 
5 
701 704 1133 1134 1136 
3 
1133 1134 1135 
4 
1037 1138 1139 1140 
5 
1037 1038 1137 1139 1140 
7 
1037 1038 1039 1040 1137 1138 1140 
5 
1037 1040 1137 1138 1139 
11 
163 164 378 891 892 1142 1143 1144 1286 1287 1801 
9 
163 477 480 891 1141 1143 1144 1801 1802 
8 
480 869 870 1141 1142 1144 1803 1804 
8 
379 869 1141 1142 1143 1287 1318 1804 
12 
141 142 143 144 152 270 659 660 1146 1147 1148 1648 
11 
142 143 151 152 659 1145 1147 1148 1647 1648 1700 
4 
143 1145 1146 1148 
7 
143 144 270 271 1145 1146 1147 
3 
1150 1151 1152 
3 
1149 1151 1152 
3 
1149 1150 1152 
4 
34 1149 1150 1151 
5 
1154 1155 1156 1571 1572 
4 
1153 1155 1156 1571 
5 
441 442 1153 1154 1156 
4 
441 1153 1154 1155 
3 
1158 1159 1160 
3 
1157 1159 1160 
3 
1157 1158 1160 
3 
1157 1158 1159 
3 
1162 1163 1164 
6 
97 1161 1163 1164 1813 1816 
7 
97 100 298 1161 1162 1164 1816 
5 
297 298 1161 1162 1163 
4 
1166 1167 1168 1877 
5 
1165 1167 1168 1877 1878 
5 
1165 1166 1168 1879 1880 
4 
1165 1166 1167 1880 
5 
338 339 1170 1171 1172 
3 
1169 1171 1172 
3 
1169 1170 1172 
4 
339 1169 1170 1171 
7 
530 531 1174 1175 1176 1731 1732 
4 
1173 1175 1176 1731 
3 
1173 1174 1176 
4 
531 1173 1174 1175 
5 
1178 1179 1180 1359 1360 
4 
1177 1179 1180 1359 
3 
1177 1178 1180 
3 
1177 1178 1179 
3 
1182 1183 1184 
3 
1181 1183 1184 
4 
389 1181 1182 1184 
4 
486 1181 1182 1183 
5 
1130 1131 1186 1187 1188 
3 
1185 1187 1188 
3 
1185 1186 1188 
4 
1131 1185 1186 1187 
4 
1190 1191 1192 1780 
5 
1189 1191 1192 1779 1780 
3 
1189 1190 1192 
3 
1189 1190 1191 
4 
260 1194 1195 1196 
5 
259 260 1193 1195 1196 
4 
962 1193 1194 1196 
5 
961 962 1193 1194 1195 
7 
1198 1199 1200 1377 1378 1379 1380 
6 
1197 1199 1200 1378 1379 1837 
6 
1197 1198 1200 1379 1837 1840 
6 
1197 1198 1199 1379 1380 1890 
5 
725 726 1202 1203 1204 
4 
726 1201 1203 1204 
4 
727 1201 1202 1204 
6 
14 727 728 1201 1202 1203 
9 
1206 1207 1208 1533 1534 1535 1536 1790 1832 
7 
1205 1207 1208 1534 1535 1831 1832 
6 
745 746 1205 1206 1208 1535 
8 
745 1205 1206 1207 1535 1536 1790 1791 
7 
9 10 965 968 1210 1211 1212 
8 
10 965 966 967 968 1209 1211 1212 
8 
10 11 534 967 968 1209 1210 1212 
10 
9 10 11 12 533 534 968 1209 1210 1211 
3 
1214 1215 1216 
3 
1213 1215 1216 
3 
1213 1214 1216 
3 
1213 1214 1215 
4 
828 1218 1219 1220 
5 
827 828 1217 1219 1220 
3 
1217 1218 1220 
3 
1217 1218 1219 
4 
1222 1223 1224 1756 
5 
1221 1223 1224 1755 1756 
6 
881 882 1221 1222 1224 1681 
4 
881 1221 1222 1223 
4 
1226 1227 1228 1432 
6 
197 1225 1227 1228 1431 1432 
6 
197 200 309 1225 1226 1228 
3 
1225 1226 1227 
3 
1230 1231 1232 
5 
1229 1231 1232 1781 1784 
4 
1229 1230 1232 1784 
3 
1229 1230 1231 
3 
1234 1235 1236 
3 
1233 1235 1236 
3 
1233 1234 1236 
3 
1233 1234 1235 
14 
311 312 894 895 1238 1239 1240 1409 1454 1661 1757 1758 1759 1760 
10 
311 1237 1239 1240 1409 1410 1661 1662 1758 1759 
13 
238 1237 1238 1240 1409 1410 1411 1412 1661 1662 1663 1664 1759 
14 
237 238 895 1237 1238 1239 1409 1412 1454 1455 1661 1664 1759 1760 
5 
609 612 1242 1243 1244 
7 
609 610 611 612 1241 1243 1244 
5 
611 612 1241 1242 1244 
4 
612 1241 1242 1243 
5 
1246 1247 1248 1735 1736 
4 
1245 1247 1248 1735 
3 
1245 1246 1248 
3 
1245 1246 1247 
5 
499 500 1250 1251 1252 
4 
499 1249 1251 1252 
3 
1249 1250 1252 
3 
1249 1250 1251 
3 
1254 1255 1256 
3 
1253 1255 1256 
5 
1253 1254 1256 1649 1650 
4 
1253 1254 1255 1649 
5 
60 1258 1259 1260 1976 
7 
59 60 1257 1259 1260 1975 1976 
7 
109 157 158 1257 1258 1260 1898 
6 
157 1257 1258 1259 1897 1898 
7 
742 743 755 756 1262 1263 1264 
4 
755 1261 1263 1264 
3 
1261 1262 1264 
4 
743 1261 1262 1263 
3 
1266 1267 1268 
6 
181 1265 1267 1268 1929 1932 
6 
181 184 1265 1266 1268 1932 
3 
1265 1266 1267 
5 
1270 1271 1272 1568 1602 
5 
1269 1271 1272 1567 1568 
3 
1269 1270 1272 
5 
1269 1270 1271 1602 1603 
3 
1274 1275 1276 
3 
1273 1275 1276 
5 
17 18 1273 1274 1276 
4 
17 1273 1274 1275 
3 
1278 1279 1280 
6 
469 1277 1279 1280 1997 2000 
6 
469 472 1277 1278 1280 2000 
3 
1277 1278 1279 
3 
1282 1283 1284 
3 
1281 1283 1284 
3 
1281 1282 1284 
3 
1281 1282 1283 
6 
377 378 892 1286 1287 1288 
8 
164 378 891 892 1141 1285 1287 1288 
7 
378 379 1141 1144 1285 1286 1288 
7 
377 378 379 380 1285 1286 1287 
3 
1290 1291 1292 
3 
1289 1291 1292 
3 
1289 1290 1292 
4 
394 1289 1290 1291 
4 
945 1294 1295 1296 
5 
945 946 1293 1295 1296 
7 
945 946 947 948 1293 1294 1296 
5 
945 948 1293 1294 1295 
3 
1298 1299 1300 
3 
1297 1299 1300 
3 
1297 1298 1300 
4 
502 1297 1298 1299 
8 
90 91 1302 1303 1304 1465 1993 1994 
6 
1301 1303 1304 1465 1466 1994 
8 
1301 1302 1304 1465 1466 1467 1468 1995 
8 
91 1301 1302 1303 1465 1468 1995 1996 
10 
51 52 239 240 525 528 1004 1306 1307 1308 
11 
51 239 525 526 527 528 1003 1004 1305 1307 1308 
5 
527 528 1305 1306 1308 
4 
528 1305 1306 1307 
3 
1310 1311 1312 
4 
932 1309 1311 1312 
4 
610 1309 1310 1312 
5 
609 610 1309 1310 1311 
5 
483 706 1314 1315 1316 
3 
1313 1315 1316 
3 
1313 1314 1316 
5 
706 707 1313 1314 1315 
6 
379 380 581 1318 1319 1320 
10 
379 581 582 869 872 1144 1317 1319 1320 1804 
8 
581 582 583 584 872 1317 1318 1320 
5 
581 584 1317 1318 1319 
7 
721 722 1322 1323 1324 1531 1532 
6 
722 1321 1323 1324 1531 1868 
5 
722 723 1321 1322 1324 
7 
721 722 723 724 1321 1322 1323 
3 
1326 1327 1328 
3 
1325 1327 1328 
3 
1325 1326 1328 
3 
1325 1326 1327 
6 
399 400 1330 1331 1332 1509 
6 
399 1329 1331 1332 1509 1510 
7 
1329 1330 1332 1509 1510 1511 1512 
6 
1329 1330 1331 1509 1512 1882 
8 
93 96 543 1334 1335 1336 1373 1374 
11 
93 94 95 96 740 1333 1335 1336 1374 1437 1440 
8 
95 96 1333 1334 1336 1374 1375 1440 
8 
96 1333 1334 1335 1373 1374 1375 1376 
3 
1338 1339 1340 
4 
225 1337 1339 1340 
8 
225 228 685 686 1337 1338 1340 1557 
4 
685 1337 1338 1339 
3 
1342 1343 1344 
3 
1341 1343 1344 
3 
1341 1342 1344 
3 
1341 1342 1343 
15 
120 313 845 1346 1347 1348 1481 1482 1483 1484 1527 1853 1856 1965 1966 
16 
119 120 313 314 845 846 1345 1347 1348 1482 1483 1853 1854 1855 1856 1966 
14 
313 314 315 316 847 848 1345 1346 1348 1483 1855 1856 1966 1967 
13 
313 316 848 1345 1346 1347 1483 1484 1856 1965 1966 1967 1968 
6 
160 1350 1351 1352 1899 1900 
8 
109 112 159 160 1349 1351 1352 1899 
5 
112 1349 1350 1352 1726 
5 
1349 1350 1351 1725 1726 
4 
1354 1355 1356 1463 
3 
1353 1355 1356 
6 
346 789 790 1353 1354 1356 
6 
345 346 789 1353 1354 1355 
3 
1358 1359 1360 
3 
1357 1359 1360 
5 
1177 1178 1357 1358 1360 
4 
1177 1357 1358 1359 
3 
1362 1363 1364 
3 
1361 1363 1364 
6 
121 122 893 1361 1362 1364 
5 
54 121 1361 1362 1363 
3 
1366 1367 1368 
6 
136 661 664 1365 1367 1368 
5 
664 1365 1366 1368 1462 
5 
1365 1366 1367 1461 1462 
3 
1370 1371 1372 
3 
1369 1371 1372 
3 
1369 1370 1372 
3 
1369 1370 1371 
7 
96 543 1333 1336 1374 1375 1376 
11 
95 96 1333 1334 1335 1336 1373 1375 1376 1437 1440 
7 
445 1335 1336 1373 1374 1376 1440 
4 
1336 1373 1374 1375 
4 
1197 1378 1379 1380 
5 
1197 1198 1377 1379 1380 
7 
1197 1198 1199 1200 1377 1378 1380 
5 
1197 1200 1377 1378 1379 
4 
358 1382 1383 1384 
6 
81 1381 1383 1384 1577 1852 
9 
81 84 909 910 1381 1382 1384 1577 1580 
6 
358 359 909 1381 1382 1383 
8 
71 461 462 1386 1387 1388 1641 1644 
8 
462 1385 1387 1388 1641 1642 1643 1644 
7 
462 463 1385 1386 1388 1643 1644 
8 
461 462 463 464 1385 1386 1387 1644 
4 
774 1390 1391 1392 
3 
1389 1391 1392 
5 
1009 1010 1389 1390 1392 
6 
774 775 1009 1389 1390 1391 
6 
558 559 1394 1395 1396 1776 
5 
1393 1395 1396 1775 1776 
3 
1393 1394 1396 
4 
559 1393 1394 1395 
4 
1398 1399 1400 1590 
3 
1397 1399 1400 
5 
549 1106 1397 1398 1400 
7 
1105 1106 1397 1398 1399 1590 1591 
5 
637 638 1402 1403 1404 
4 
638 1401 1403 1404 
6 
638 639 934 1401 1402 1404 
9 
637 638 639 640 933 934 1401 1402 1403 
6 
145 449 450 1406 1407 1408 
7 
145 146 450 1405 1407 1408 1765 
11 
145 146 147 148 450 451 1405 1406 1408 1765 1768 
10 
145 148 449 450 451 452 1405 1406 1407 1490 
14 
895 1237 1238 1239 1240 1410 1411 1412 1454 1455 1661 1664 1759 1760 
10 
1238 1239 1409 1411 1412 1661 1662 1663 1664 1759 
10 
50 238 1001 1002 1239 1409 1410 1412 1663 1664 
12 
49 50 237 238 1001 1239 1240 1409 1410 1411 1455 1664 
4 
174 1414 1415 1416 
3 
1413 1415 1416 
3 
1413 1414 1416 
5 
174 175 1413 1414 1415 
6 
382 651 652 1418 1419 1420 
4 
651 1417 1419 1420 
3 
1417 1418 1420 
5 
382 383 1417 1418 1419 
8 
524 1422 1423 1424 1633 1634 1635 1636 
7 
523 524 1421 1423 1424 1634 1635 
5 
573 1421 1422 1424 1635 
5 
1421 1422 1423 1635 1636 
3 
1426 1427 1428 
3 
1425 1427 1428 
3 
1425 1426 1428 
3 
1425 1426 1427 
3 
1430 1431 1432 
3 
1429 1431 1432 
5 
197 1226 1429 1430 1432 
5 
1225 1226 1429 1430 1431 
5 
1434 1435 1436 1599 1600 
5 
296 1433 1435 1436 1599 
3 
1433 1434 1436 
3 
1433 1434 1435 
8 
94 95 740 1334 1374 1438 1439 1440 
5 
739 740 1437 1439 1440 
4 
569 1437 1438 1440 
8 
95 1334 1335 1374 1375 1437 1438 1439 
3 
1442 1443 1444 
4 
976 1441 1443 1444 
3 
1441 1442 1444 
3 
1441 1442 1443 
3 
1446 1447 1448 
5 
961 964 1445 1447 1448 
5 
821 964 1445 1446 1448 
3 
1445 1446 1447 
9 
1450 1451 1452 1485 1486 1487 1488 1686 1687 
5 
1449 1451 1452 1486 1487 
6 
53 54 1449 1450 1452 1487 
7 
53 1449 1450 1451 1487 1488 1687 
7 
123 895 896 1454 1455 1456 1760 
11 
895 1237 1240 1409 1453 1455 1456 1661 1664 1759 1760 
9 
237 238 1240 1409 1412 1453 1454 1456 1664 
4 
237 1453 1454 1455 
4 
1458 1459 1460 1733 
5 
1457 1459 1460 1733 1734 
7 
1457 1458 1460 1733 1734 1735 1736 
5 
1457 1458 1459 1733 1736 
4 
1368 1462 1463 1464 
5 
1367 1368 1461 1463 1464 
4 
1353 1461 1462 1464 
4 
1461 1462 1463 1554 
11 
1301 1302 1303 1304 1466 1467 1468 1993 1994 1995 1996 
7 
1302 1303 1465 1467 1468 1994 1995 
5 
1303 1465 1466 1468 1995 
7 
1303 1304 1465 1466 1467 1995 1996 
4 
1470 1471 1472 1783 
6 
329 677 1120 1469 1471 1472 
6 
332 677 680 1469 1470 1472 
3 
1469 1470 1471 
3 
1474 1475 1476 
3 
1473 1475 1476 
4 
1473 1474 1476 1609 
3 
1473 1474 1475 
3 
1478 1479 1480 
4 
908 1477 1479 1480 
3 
1477 1478 1480 
3 
1477 1478 1479 
9 
1345 1482 1483 1484 1527 1528 1853 1856 1965 
16 
117 120 313 845 1345 1346 1481 1483 1484 1527 1853 1854 1855 1856 1965 1966 
18 
120 313 316 845 848 1345 1346 1347 1348 1481 1482 1484 1855 1856 1965 1966 1967 1968 
8 
1345 1348 1481 1482 1483 1856 1965 1968 
5 
1449 1486 1487 1488 1686 
5 
1449 1450 1485 1487 1488 
7 
1449 1450 1451 1452 1485 1486 1488 
6 
1449 1452 1485 1486 1487 1687 
5 
452 1490 1491 1492 1871 
8 
145 148 451 452 1408 1489 1491 1492 
5 
148 453 1489 1490 1492 
3 
1489 1490 1491 
6 
77 78 1494 1495 1496 1592 
8 
78 1105 1108 1493 1495 1496 1591 1592 
6 
78 79 1108 1493 1494 1496 
7 
77 78 79 80 1493 1494 1495 
3 
1498 1499 1500 
3 
1497 1499 1500 
4 
1497 1498 1500 1742 
5 
1497 1498 1499 1741 1742 
3 
1502 1503 1504 
3 
1501 1503 1504 
3 
1501 1502 1504 
3 
1501 1502 1503 
13 
281 282 283 284 957 958 1506 1507 1508 1573 1574 1575 1576 
8 
282 283 958 1505 1507 1508 1574 1575 
7 
283 958 959 1505 1506 1508 1575 
11 
283 284 957 958 959 960 1505 1506 1507 1575 1576 
9 
399 400 1329 1330 1331 1332 1510 1511 1512 
6 
399 1330 1331 1509 1511 1512 
4 
1331 1509 1510 1512 
5 
1331 1332 1509 1510 1511 
5 
911 912 1514 1515 1516 
6 
709 712 911 1513 1515 1516 
4 
712 1513 1514 1516 
3 
1513 1514 1515 
6 
639 934 935 1518 1519 1520 
3 
1517 1519 1520 
3 
1517 1518 1520 
4 
935 1517 1518 1519 
3 
1522 1523 1524 
3 
1521 1523 1524 
3 
1521 1522 1524 
3 
1521 1522 1523 
3 
1526 1527 1528 
5 
117 1525 1527 1528 1853 
13 
120 313 845 1345 1481 1482 1525 1526 1528 1853 1856 1965 1966 
5 
1481 1525 1526 1527 1965 
6 
134 135 662 1530 1531 1532 
3 
1529 1531 1532 
7 
721 722 1321 1322 1529 1530 1532 
8 
135 662 663 721 1321 1529 1530 1531 
5 
1205 1534 1535 1536 1832 
7 
1205 1206 1533 1535 1536 1831 1832 
9 
745 746 1205 1206 1207 1208 1533 1534 1536 
8 
406 745 1205 1208 1533 1534 1535 1790 
4 
944 1538 1539 1540 
4 
943 1537 1539 1540 
3 
1537 1538 1540 
3 
1537 1538 1539 
5 
1542 1543 1544 1786 1787 
3 
1541 1543 1544 
3 
1541 1542 1544 
4 
1541 1542 1543 1787 
7 
1546 1547 1548 1561 1562 1563 1564 
6 
304 1545 1547 1548 1562 1563 
4 
1545 1546 1548 1563 
5 
1545 1546 1547 1563 1564 
3 
1550 1551 1552 
3 
1549 1551 1552 
3 
1549 1550 1552 
3 
1549 1550 1551 
3 
1554 1555 1556 
4 
1464 1553 1555 1556 
3 
1553 1554 1556 
3 
1553 1554 1555 
10 
225 228 556 685 686 1339 1558 1559 1560 1964 
13 
225 226 227 228 555 556 686 916 1557 1559 1560 1963 1964 
7 
227 228 686 687 1557 1558 1560 
8 
228 685 686 687 688 1557 1558 1559 
4 
1545 1562 1563 1564 
5 
1545 1546 1561 1563 1564 
7 
1545 1546 1547 1548 1561 1562 1564 
6 
38 1545 1548 1561 1562 1563 
5 
1566 1567 1568 1947 1948 
4 
1565 1567 1568 1947 
4 
1270 1565 1566 1568 
5 
1269 1270 1565 1566 1567 
4 
1570 1571 1572 1864 
5 
1569 1571 1572 1863 1864 
5 
1153 1154 1569 1570 1572 
4 
1153 1569 1570 1571 
9 
281 282 283 284 1022 1505 1574 1575 1576 
7 
282 283 1505 1506 1573 1575 1576 
9 
283 958 1505 1506 1507 1508 1573 1574 1576 
11 
283 284 957 958 1022 1023 1505 1508 1573 1574 1575 
10 
81 82 233 909 910 1382 1383 1578 1579 1580 
7 
82 233 234 910 1577 1579 1580 
9 
83 235 236 709 910 911 1577 1578 1580 
11 
83 84 236 909 910 911 912 1383 1577 1578 1579 
7 
1582 1583 1584 1821 1822 1823 1824 
5 
1581 1583 1584 1822 1823 
4 
1581 1582 1584 1823 
5 
1581 1582 1583 1823 1824 
5 
366 432 1586 1587 1588 
5 
431 432 1585 1587 1588 
3 
1585 1586 1588 
5 
366 367 1585 1586 1587 
5 
1590 1591 1592 1859 1860 
7 
1105 1397 1400 1589 1591 1592 1859 
7 
1105 1108 1400 1494 1589 1590 1592 
5 
1493 1494 1589 1590 1591 
5 
177 178 1594 1595 1596 
5 
178 704 1593 1595 1596 
5 
178 179 1593 1594 1596 
7 
177 178 179 180 1593 1594 1595 
3 
1598 1599 1600 
4 
1597 1599 1600 1992 
5 
1433 1434 1597 1598 1600 
4 
1433 1597 1598 1599 
3 
1602 1603 1604 
5 
1269 1272 1601 1603 1604 
5 
302 1272 1601 1602 1604 
5 
301 302 1601 1602 1603 
3 
1606 1607 1608 
3 
1605 1607 1608 
3 
1605 1606 1608 
3 
1605 1606 1607 
4 
1475 1610 1611 1612 
3 
1609 1611 1612 
3 
1609 1610 1612 
3 
1609 1610 1611 
8 
645 648 813 816 1005 1614 1615 1616 
15 
645 646 647 648 720 813 814 815 816 980 1005 1006 1613 1615 1616 
11 
647 648 815 816 1005 1006 1007 1008 1613 1614 1616 
7 
648 816 1005 1008 1613 1614 1615 
7 
515 516 1049 1050 1618 1619 1620 
5 
515 1050 1617 1619 1620 
8 
545 729 730 1050 1051 1617 1618 1620 
8 
729 1049 1050 1051 1052 1617 1618 1619 
5 
137 138 1622 1623 1624 
5 
138 1621 1623 1624 1848 
5 
138 139 1621 1622 1624 
7 
137 138 139 140 1621 1622 1623 
5 
307 308 1626 1627 1628 
4 
307 1625 1627 1628 
3 
1625 1626 1628 
3 
1625 1626 1627 
5 
55 878 1630 1631 1632 
4 
124 1629 1631 1632 
3 
1629 1630 1632 
5 
878 879 1629 1630 1631 
4 
1421 1634 1635 1636 
6 
524 1421 1422 1633 1635 1636 
7 
1421 1422 1423 1424 1633 1634 1636 
5 
1421 1424 1633 1634 1635 
3 
1638 1639 1640 
4 
568 1637 1639 1640 
3 
1637 1638 1640 
3 
1637 1638 1639 
7 
462 620 1385 1386 1642 1643 1644 
6 
619 620 1386 1641 1643 1644 
5 
1386 1387 1641 1642 1644 
9 
462 463 1385 1386 1387 1388 1641 1642 1643 
9 
141 142 149 657 658 1100 1646 1647 1648 
10 
142 149 150 658 1099 1100 1645 1647 1648 1697 
11 
142 143 151 152 659 1146 1645 1646 1648 1697 1700 
12 
141 142 143 144 152 659 660 1145 1146 1645 1646 1647 
5 
1255 1256 1650 1651 1652 
4 
1255 1649 1651 1652 
3 
1649 1650 1652 
3 
1649 1650 1651 
8 
950 951 993 996 1654 1655 1656 1938 
8 
376 993 994 995 996 1653 1655 1656 
5 
995 996 1653 1654 1656 
6 
951 996 1653 1654 1655 1939 
4 
783 1658 1659 1660 
4 
1657 1659 1660 1785 
5 
1657 1658 1660 1785 1788 
4 
1078 1657 1658 1659 
18 
311 312 894 895 1237 1238 1239 1240 1409 1410 1454 1662 1663 1664 1757 1758 1759 1760 
9 
311 1238 1239 1410 1661 1663 1664 1758 1759 
8 
238 1239 1410 1411 1661 1662 1664 1759 
16 
237 238 895 1239 1240 1409 1410 1411 1412 1454 1455 1661 1662 1663 1759 1760 
3 
1666 1667 1668 
3 
1665 1667 1668 
4 
422 1665 1666 1668 
6 
421 422 602 1665 1666 1667 
4 
405 1670 1671 1672 
6 
405 406 1669 1671 1672 1789 
9 
405 406 407 408 1669 1670 1672 1789 1792 
5 
405 408 1669 1670 1671 
3 
1674 1675 1676 
3 
1673 1675 1676 
4 
546 1673 1674 1676 
6 
545 546 730 1673 1674 1675 
4 
127 1678 1679 1680 
3 
1677 1679 1680 
5 
785 786 1677 1678 1680 
4 
785 1677 1678 1679 
8 
881 882 883 884 1223 1682 1683 1684 
7 
205 208 882 883 1681 1683 1684 
5 
208 883 1681 1682 1684 
5 
883 884 1681 1682 1683 
3 
1686 1687 1688 
5 
1449 1485 1685 1687 1688 
6 
1449 1452 1488 1685 1686 1688 
3 
1685 1686 1687 
5 
1690 1691 1692 1889 1892 
7 
1689 1691 1692 1889 1890 1891 1892 
9 
249 250 633 634 1689 1690 1692 1891 1892 
6 
249 633 1689 1690 1691 1892 
4 
868 1694 1695 1696 
7 
105 867 868 1693 1695 1696 1845 
7 
105 108 1693 1694 1696 1845 1848 
3 
1693 1694 1695 
13 
149 150 151 152 448 656 1099 1100 1646 1647 1698 1699 1700 
12 
150 151 447 448 655 656 681 684 1099 1697 1699 1700 
5 
151 684 1697 1698 1700 
7 
151 152 1146 1647 1697 1698 1699 
4 
349 1702 1703 1704 
5 
349 350 1701 1703 1704 
7 
349 350 351 352 1701 1702 1704 
5 
349 352 1701 1702 1703 
3 
1706 1707 1708 
3 
1705 1707 1708 
3 
1705 1706 1708 
3 
1705 1706 1707 
3 
1710 1711 1712 
5 
785 788 1709 1711 1712 
6 
473 474 788 1709 1710 1712 
4 
473 1709 1710 1711 
3 
1714 1715 1716 
3 
1713 1715 1716 
3 
1713 1714 1716 
4 
230 1713 1714 1715 
3 
1718 1719 1720 
3 
1717 1719 1720 
3 
1717 1718 1720 
3 
1717 1718 1719 
4 
2 1722 1723 1724 
3 
1721 1723 1724 
3 
1721 1722 1724 
6 
2 3 1721 1722 1723 1806 
4 
1352 1726 1727 1728 
6 
112 1351 1352 1725 1727 1728 
3 
1725 1726 1728 
3 
1725 1726 1727 
3 
1730 1731 1732 
3 
1729 1731 1732 
6 
530 1173 1174 1729 1730 1732 
6 
529 530 1173 1729 1730 1731 
7 
1457 1458 1459 1460 1734 1735 1736 
5 
1458 1459 1733 1735 1736 
6 
1245 1246 1459 1733 1734 1736 
6 
1245 1459 1460 1733 1734 1735 
5 
67 68 1738 1739 1740 
5 
67 1052 1737 1739 1740 
3 
1737 1738 1740 
3 
1737 1738 1739 
4 
1500 1742 1743 1744 
5 
1499 1500 1741 1743 1744 
3 
1741 1742 1744 
3 
1741 1742 1743 
5 
439 1746 1747 1748 1971 
3 
1745 1747 1748 
5 
805 806 1745 1746 1748 
4 
805 1745 1746 1747 
3 
1750 1751 1752 
4 
13 1749 1751 1752 
5 
13 16 1749 1750 1752 
3 
1749 1750 1751 
3 
1754 1755 1756 
3 
1753 1755 1756 
4 
1222 1753 1754 1756 
5 
1221 1222 1753 1754 1755 
8 
312 894 895 1237 1661 1758 1759 1760 
9 
311 312 1237 1238 1661 1662 1757 1759 1760 
14 
1237 1238 1239 1240 1409 1410 1454 1661 1662 1663 1664 1757 1758 1760 
11 
895 1237 1240 1409 1453 1454 1661 1664 1757 1758 1759 
4 
266 1762 1763 1764 
3 
1761 1763 1764 
3 
1761 1762 1764 
6 
86 266 267 1761 1762 1763 
6 
146 1406 1407 1766 1767 1768 
3 
1765 1767 1768 
3 
1765 1766 1768 
6 
146 147 1407 1765 1766 1767 
5 
605 608 1770 1771 1772 
10 
113 116 605 606 607 608 665 1769 1771 1772 
8 
116 607 608 665 668 1769 1770 1772 
4 
608 1769 1770 1771 
3 
1774 1775 1776 
4 
337 1773 1775 1776 
6 
337 340 1394 1773 1774 1776 
5 
1393 1394 1773 1774 1775 
4 
360 1778 1779 1780 
5 
359 360 1777 1779 1780 
4 
1190 1777 1778 1780 
5 
1189 1190 1777 1778 1779 
4 
1230 1782 1783 1784 
3 
1781 1783 1784 
4 
1469 1781 1782 1784 
5 
1230 1231 1781 1782 1783 
5 
1658 1659 1786 1787 1788 
4 
1541 1785 1787 1788 
5 
1541 1544 1785 1786 1788 
4 
1659 1785 1786 1787 
7 
405 406 1670 1671 1790 1791 1792 
7 
406 1205 1208 1536 1789 1791 1792 
6 
406 407 1208 1789 1790 1792 
8 
405 406 407 408 1671 1789 1790 1791 
6 
75 255 256 1794 1795 1796 
4 
255 1793 1795 1796 
3 
1793 1794 1796 
4 
478 1793 1794 1795 
5 
1798 1799 1800 1827 1828 
4 
1797 1799 1800 1827 
3 
1797 1798 1800 
3 
1797 1798 1799 
10 
163 164 477 480 891 1141 1142 1802 1803 1804 
10 
163 277 477 478 479 480 1142 1801 1803 1804 
9 
277 280 479 480 870 1143 1801 1802 1804 
9 
480 869 870 1143 1144 1318 1801 1802 1803 
5 
1 4 1806 1807 1808 
8 
1 2 3 4 1724 1805 1807 1808 
5 
3 4 1805 1806 1808 
4 
4 1805 1806 1807 
4 
854 1810 1811 1812 
3 
1809 1811 1812 
4 
322 1809 1810 1812 
6 
321 322 855 1809 1810 1811 
4 
1162 1814 1815 1816 
3 
1813 1815 1816 
6 
98 1069 1070 1813 1814 1816 
9 
97 98 298 1069 1162 1163 1813 1814 1815 
4 
838 1818 1819 1820 
3 
1817 1819 1820 
3 
1817 1818 1820 
5 
838 839 1817 1818 1819 
4 
1581 1822 1823 1824 
5 
1581 1582 1821 1823 1824 
7 
1581 1582 1583 1584 1821 1822 1824 
5 
1581 1584 1821 1822 1823 
3 
1826 1827 1828 
3 
1825 1827 1828 
5 
1797 1798 1825 1826 1828 
4 
1797 1825 1826 1827 
3 
1830 1831 1832 
3 
1829 1831 1832 
5 
1206 1534 1829 1830 1832 
7 
1205 1206 1533 1534 1829 1830 1831 
3 
1834 1835 1836 
3 
1833 1835 1836 
3 
1833 1834 1836 
3 
1833 1834 1835 
5 
1198 1199 1838 1839 1840 
4 
1837 1839 1840 1917 
6 
1062 1837 1838 1840 1917 1920 
6 
1061 1062 1199 1837 1838 1839 
4 
303 1842 1843 1844 
5 
613 616 1841 1843 1844 
4 
616 1841 1842 1844 
3 
1841 1842 1843 
7 
105 108 1694 1695 1846 1847 1848 
7 
105 106 107 108 1845 1847 1848 
6 
107 108 333 1845 1846 1848 
6 
108 1622 1695 1845 1846 1847 
3 
1850 1851 1852 
3 
1849 1851 1852 
3 
1849 1850 1852 
4 
1382 1849 1850 1851 
12 
117 120 845 1345 1346 1481 1482 1526 1527 1854 1855 1856 
11 
117 118 119 120 845 846 1346 1482 1853 1855 1856 
16 
119 120 313 314 845 846 847 848 1346 1347 1482 1483 1853 1854 1856 1966 
18 
120 313 845 848 1345 1346 1347 1348 1481 1482 1483 1484 1527 1853 1854 1855 1965 1966 
3 
1858 1859 1860 
3 
1857 1859 1860 
5 
1589 1590 1857 1858 1860 
4 
1589 1857 1858 1859 
3 
1862 1863 1864 
3 
1861 1863 1864 
4 
1570 1861 1862 1864 
5 
1569 1570 1861 1862 1863 
4 
801 1866 1867 1868 
5 
801 802 1865 1867 1868 
7 
801 802 803 804 1865 1866 1868 
6 
801 804 1322 1865 1866 1867 
3 
1870 1871 1872 
3 
1869 1871 1872 
4 
1489 1869 1870 1872 
3 
1869 1870 1871 
3 
1874 1875 1876 
3 
1873 1875 1876 
3 
1873 1874 1876 
3 
1873 1874 1875 
5 
1165 1166 1878 1879 1880 
4 
1166 1877 1879 1880 
4 
1167 1877 1878 1880 
5 
1167 1168 1877 1878 1879 
3 
1882 1883 1884 
4 
1332 1881 1883 1884 
3 
1881 1882 1884 
3 
1881 1882 1883 
3 
1886 1887 1888 
3 
1885 1887 1888 
6 
6 126 1885 1886 1888 1986 
9 
5 6 125 126 1885 1886 1887 1985 1986 
5 
1689 1690 1890 1891 1892 
5 
1200 1690 1889 1891 1892 
7 
250 634 1690 1691 1889 1890 1892 
10 
249 633 634 1689 1690 1691 1692 1889 1890 1891 
3 
1894 1895 1896 
4 
817 1893 1895 1896 
5 
817 820 1893 1894 1896 
3 
1893 1894 1895 
5 
157 1260 1898 1899 1900 
8 
109 157 158 1259 1260 1897 1899 1900 
11 
109 112 157 158 159 160 1349 1350 1897 1898 1900 
6 
157 160 1349 1897 1898 1899 
5 
170 171 1902 1903 1904 
3 
1901 1903 1904 
4 
1094 1901 1902 1904 
6 
171 1093 1094 1901 1902 1903 
3 
1906 1907 1908 
3 
1905 1907 1908 
3 
1905 1906 1908 
5 
42 242 1905 1906 1907 
3 
1910 1911 1912 
3 
1909 1911 1912 
3 
1909 1910 1912 
3 
1909 1910 1911 
4 
165 1914 1915 1916 
5 
165 166 1913 1915 1916 
8 
165 166 167 168 210 1913 1914 1916 
7 
165 168 209 210 1913 1914 1915 
5 
1838 1839 1918 1919 1920 
3 
1917 1919 1920 
3 
1917 1918 1920 
5 
1062 1839 1917 1918 1919 
3 
1922 1923 1924 
3 
1921 1923 1924 
3 
1921 1922 1924 
3 
1921 1922 1923 
4 
1088 1926 1927 1928 
5 
1087 1088 1925 1927 1928 
5 
505 506 1925 1926 1928 
4 
505 1925 1926 1927 
4 
1266 1930 1931 1932 
4 
1116 1929 1931 1932 
4 
182 1929 1930 1932 
7 
181 182 1266 1267 1929 1930 1931 
4 
411 1934 1935 1936 
3 
1933 1935 1936 
3 
1933 1934 1936 
3 
1933 1934 1935 
5 
949 952 1938 1939 1940 
8 
949 950 951 952 1653 1937 1939 1940 
6 
951 952 1656 1937 1938 1940 
4 
952 1937 1938 1939 
3 
1942 1943 1944 
3 
1941 1943 1944 
4 
974 1941 1942 1944 
5 
973 974 1941 1942 1943 
7 
47 48 907 908 1946 1947 1948 
6 
47 92 907 1945 1947 1948 
5 
1565 1566 1945 1946 1948 
4 
1565 1945 1946 1947 
4 
841 1950 1951 1952 
5 
841 842 1949 1951 1952 
7 
841 842 843 844 1949 1950 1952 
5 
841 844 1949 1950 1951 
8 
334 507 508 1021 1024 1954 1955 1956 
8 
507 1021 1022 1023 1024 1953 1955 1956 
5 
1023 1024 1953 1954 1956 
6 
334 335 1024 1953 1954 1955 
3 
1958 1959 1960 
3 
1957 1959 1960 
5 
1041 1042 1957 1958 1960 
4 
1041 1957 1958 1959 
8 
225 226 553 554 913 1962 1963 1964 
9 
8 226 554 913 914 1961 1963 1964 1988 
11 
226 227 555 913 914 915 916 1558 1961 1962 1964 
13 
225 226 227 228 555 556 913 916 1557 1558 1961 1962 1963 
16 
120 313 845 848 1345 1348 1481 1482 1483 1484 1527 1528 1856 1966 1967 1968 
20 
119 120 313 314 845 846 847 848 1345 1346 1347 1348 1482 1483 1527 1855 1856 1965 1967 1968 
12 
313 314 315 316 847 848 1347 1348 1483 1965 1966 1968 
9 
313 316 848 1348 1483 1484 1965 1966 1967 
7 
437 440 734 735 1970 1971 1972 
7 
437 438 439 440 1969 1971 1972 
6 
439 440 1745 1969 1970 1972 
5 
440 735 1969 1970 1971 
5 
57 58 1974 1975 1976 
4 
58 1973 1975 1976 
6 
58 59 1258 1973 1974 1976 
9 
57 58 59 60 1257 1258 1973 1974 1975 
3 
1978 1979 1980 
3 
1977 1979 1980 
3 
1977 1978 1980 
3 
1977 1978 1979 
3 
1982 1983 1984 
5 
61 64 1981 1983 1984 
4 
64 1981 1982 1984 
3 
1981 1982 1983 
7 
5 6 125 1888 1986 1987 1988 
8 
6 125 126 1887 1888 1985 1987 1988 
7 
7 127 128 914 1985 1986 1988 
10 
7 8 128 554 913 914 1962 1985 1986 1987 
7 
110 111 293 1045 1990 1991 1992 
7 
293 294 1045 1046 1989 1991 1992 
9 
293 294 295 296 1047 1048 1989 1990 1992 
8 
111 293 296 1048 1598 1989 1990 1991 
7 
90 91 1301 1465 1994 1995 1996 
7 
1301 1302 1465 1466 1993 1995 1996 
9 
1303 1304 1465 1466 1467 1468 1993 1994 1996 
7 
91 1304 1465 1468 1993 1994 1995 
6 
621 624 1278 1998 1999 2000 
7 
621 622 623 624 1997 1999 2000 
7 
469 470 623 624 1997 1998 2000 
7 
469 624 1278 1279 1997 1998 1999 